0,1,2,3,4,5,6,7,class
-119605,-3251,125454,2598,-1395508,-35820,1431955,627,0
519369,556420,-1072541,3248,788874,844593,-1632631,836,0
-541471,663024,-119605,1948,-1252438,1534387,-280694,1255,0
-128705,-865833,999087,4549,-196695,-1306063,1502966,208,0
-674726,-393915,1074490,5849,-1017828,-597417,1615453,208,0
-128055,986736,-857383,1298,-196695,1503176,-1305434,1047,0
-3059,9683,-6624,0,-8740,27666,-18925,1,1
785879,258059,-1040689,3249,1182263,385010,-1566647,626,0
848931,15600,-864533,-2,1401791,24717,-1426509,-1,0
-1073841,687725,388064,1948,-1611683,1033119,579820,1256,0
677325,-520020,-156006,1299,1559733,-1199860,-360503,-630,0
797579,-1038739,243109,1949,1195670,-1562038,365948,-420,0
-943836,934084,13000,3248,-1422111,1406609,16967,1465,0
986086,-432267,-554471,-652,1629069,-715769,-913511,-211,0
65328,-9229,-56098,1,104525,-14767,-89757,1,1
646124,-1053690,410165,2599,990177,-1620691,629465,-1049,0
34451,101403,-133906,1948,382916,1184358,-1566228,1046,0
30000,30000,30000,90000,60000,60000,60000,180000,1
47451,463467,-510920,-2,135319,1342510,-1477202,627,0
-353614,181356,172906,648,-1632421,842708,790759,1046,0
-747529,934735,-187208,-2,-1232957,1544861,-310648,1256,0
522,-448,-73,1,15090,-12958,-2132,0,1
-62403,640273,-577222,648,-146631,1482647,-1334760,1256,0
899633,-963987,66952,2598,1361781,-1462329,100546,-2,0
-213859,-810581,1029638,5198,-325521,-1223530,1549469,418,0
-1144,1291,-147,0,-13214,14922,-1707,1,1
278210,769628,-1047190,648,419154,1158383,-1576492,1045,0
167706,-1013388,848931,3249,248434,-1522448,1274012,-2,0
30000,30000,30000,90000,60000,60000,60000,180000,1
0,122,-122,0,0,14145,-14145,0,1
171606,842431,-1014038,-1,258489,1267938,-1525800,627,0
-658475,-401716,1066689,6498,-1004422,-613127,1617967,418,0
-328913,50701,278860,648,-1518468,240055,1279249,836,0
-165107,-188508,354913,1298,-763528,-868684,1632211,-1,0
-249610,1040038,-789780,648,-374957,1564760,-1188758,1045,0
-45922,69526,-23603,1,-73476,111242,-37765,1,1
8820,-518,-8302,0,25201,-1480,-23721,0,1
30000,30000,30000,90000,60000,60000,60000,180000,1
668875,-1075141,408865,2599,1002955,-1618386,615221,-210,0
-666925,1072540,-404316,1299,-1006517,1617548,-609985,1046,0
66952,-888584,822280,648,111229,-1467357,1355707,-421,0
5172,-9896,4723,-1,14778,-28274,13496,0,1
1053689,-339963,-712427,1299,1600371,-517398,-1082974,-1,0
-53768,-12885,66654,1,-86030,-20617,106647,0,1
233773,-165491,-68281,1,302530,-214165,-88364,1,1
84503,55902,-138456,1949,960641,664237,-1623833,1045,0
454367,-1080341,629873,3899,679948,-1626765,946607,-210,0
-1065390,420565,649374,4549,-1620272,637215,984102,1045,0
65328,-9229,-56098,1,104525,-14767,-89757,1,1
607772,474517,-1080341,1948,916024,713254,-1629070,208,0
-768329,-278861,1053039,5849,-1155452,-421878,1577329,-1,0
-6429,9733,-3304,0,-18369,27810,-9441,0,1
1205,37,-1242,0,13927,427,-14354,0,1
-1409,608,801,0,-16283,7032,9251,0,1
-685126,192407,495318,2599,-1582567,444710,1138693,836,0
531719,136505,-668876,-652,1228766,317560,-1545699,627,0
237456,-151298,-86157,1,307296,-195798,-111497,1,1
139105,-41602,-96204,1299,1588431,-466287,-1122565,-421,0
-993888,876882,118304,1298,-1493122,1319677,174490,1045,0
-91654,-437467,529119,-2,-263936,-1264587,1527893,-630,0
5379,-1176,-4203,0,15534,-3396,-12138,0,1
545370,-664975,120904,1299,1255998,-1532712,276085,-629,0
360763,707226,-1066040,1949,542324,1063492,-1605190,626,0
40951,-957486,921084,4549,57604,-1442848,1385242,-2,0
1083590,-471268,-612323,-1,1628650,-709484,-919167,-1,0
1056289,-704627,-348414,3248,1603303,-1071663,-532061,-421,0
-1320,-4103,5423,0,-3813,-11848,15661,0,1
-234009,-112455,348413,1949,-1083184,-516770,1599952,-2,0
-936036,13650,926934,4548,-1423158,18643,1405561,1046,0
30000,30000,30000,90000,60000,60000,60000,180000,1
-69840,25340,44499,-1,-111744,40544,71199,-1,1
-1548,9241,-7693,0,-4424,26405,-21981,0,1
1008187,-178107,-826831,3249,1530616,-272106,-1258303,207,0
-261960,-437467,701376,1949,-604748,-1011754,1616291,-211,0
-113105,-14951,131304,3248,-1324077,-165274,1489769,418,0
355563,-183957,-170307,1299,1632839,-841033,-792226,-420,0
-460868,-54603,516119,648,-1328057,-158781,1487465,627,0
-884,5281,-4396,1,-2555,15249,-12694,0,1
588272,497918,-1083591,2599,884812,747189,-1631164,837,0
-396515,546020,-148856,649,-1146654,1581099,-433190,1255,0
-191108,-828782,1023138,3248,-288235,-1248039,1536691,417,0
1060839,-506369,-553171,1299,1632211,-781753,-850879,-421,0
141,-70,-70,1,16334,-8167,-8167,0,1
-367,-188,556,1,-10608,-5452,16060,0,1
191757,-998438,809930,3249,293052,-1538577,1245315,-210,0
-1020539,191757,832031,3249,-1535645,286977,1249504,836,0
598022,27301,-624024,1299,1381681,63470,-1444943,208,0
-317212,23400,295761,1949,-1466728,112067,1355078,417,0
-1060190,580471,481018,1299,-1630117,892982,738600,1465,0
-765729,1049789,-282761,1299,-1150634,1579424,-427744,1046,0
30000,30000,30000,90000,60000,60000,60000,180000,1
9414,-2058,-7356,0,26899,-5880,-21019,0,1
366613,-557721,191757,649,1053647,-1608122,553845,-630,0
-602573,-451767,1059539,5199,-929431,-698173,1627812,208,0
532369,553170,-1083591,1948,802489,831397,-1632840,1046,0
24700,-930185,906783,1298,37076,-1433003,1395925,-2,0
-668226,-377015,1049139,3898,-1029978,-582544,1612520,-2,0
-194500,219631,-25130,1,-251707,284228,-32521,0,1
-986737,568121,419915,1299,-1626765,936552,691469,1256,0
-525220,-462818,989337,1299,-866798,-765623,1632211,-210,0
305511,1950,-306812,649,1405771,17176,-1422948,-1,0
-134556,29251,107254,1949,-1553450,341649,1212637,836,0
3788,-9814,6026,0,10823,-28042,17218,-1,1
139755,-41602,-95554,2599,1589478,-470686,-1119423,-631,0
811230,-1033539,224258,1949,1216198,-1553031,336203,-630,0
401715,143005,-546021,-1301,1159640,416012,-1575654,-2,0
-549271,391314,159905,1948,-1585709,1130733,455812,836,0
139105,-40952,-96204,1949,1588221,-464820,-1123612,-211,0
6429,3304,-9733,0,18369,9441,-27810,0,1
566,-584,17,-1,1073,-1106,32,-1,1
445916,624023,-1068641,1298,677225,948911,-1625299,837,0
-934085,32501,905483,3899,-1436983,47131,1390270,418,0
-1083591,583071,503768,3248,-1630955,877690,754939,1674,0
893133,89703,-979587,3249,1344395,131758,-1475107,1046,0
1004287,-141706,-861283,1298,1509669,-215129,-1294542,-2,0
-668226,1059539,-389365,1948,-1019085,1615453,-594903,1465,0
-918,1390,-472,0,-10608,16060,-5452,0,1
-605823,616873,-9101,1949,-1400535,1427765,-25975,1255,0
74292,160869,-235162,-1,96143,208184,-304328,-1,1
-228159,1031588,-804081,-652,-343536,1555334,-1210753,1045,0
-1059540,578521,484268,3249,-1630536,889630,742161,1255,0
-124155,117004,9100,1949,-1452694,1372674,81275,1255,0
575921,-987387,411465,-1,946816,-1626346,679319,-211,0
-537,117,420,0,-15534,3396,12138,0,1
919134,-919785,1300,649,1413731,-1415407,837,-839,0
-972437,65002,910684,3249,-1458978,94891,1364714,627,0
-341913,-721528,1066689,3248,-512580,-1087164,1599323,-421,0
-37609,-186838,224447,0,-48670,-241791,290462,1,1
-22,132,-109,1,-2555,15249,-12694,0,1
-193708,998437,-804081,648,-298290,1540671,-1240917,1464,0
848281,-1011438,164456,1299,1274850,-1522029,247177,-2,0
-470,-172,642,0,-890,-325,1215,0,1
796929,-1038089,243759,2599,1195460,-1562248,366367,-421,0
-303562,-726078,1033538,3898,-468591,-1121308,1589059,-840,0
30000,30000,30000,90000,60000,60000,60000,180000,1
33,102,-135,0,3813,11848,-15661,0,1
220358,340612,-561622,-652,634702,986197,-1620481,418,0
255459,-564872,310711,1298,731688,-1630745,898847,-210,0
0,0,0,0,0,0,0,0,1
-1014038,839181,177456,2599,-1527475,1263958,264982,1465,0
677325,396514,-1071241,2598,1020131,595111,-1614406,836,0
-785230,-238559,1029638,5849,-1195252,-365530,1561618,836,0
75402,65652,-138456,2598,856324,776724,-1632212,836,0
-683826,1071240,-386765,649,-1029349,1613358,-582754,1255,0
373113,-1067991,700076,5198,556149,-1608541,1052181,-211,0
-962037,687725,274310,-2,-1584661,1134923,450575,837,0
-21850,69165,-47314,1,-34961,110664,-75703,0,1
-63703,969186,-905484,-1,-95101,1460234,-1364296,837,0
-443,-4661,5105,1,-1281,-13461,14742,0,1
-466068,691625,-224259,1298,-1077947,1602256,-522844,1465,0
-828132,-191108,1025738,6498,-1246363,-290330,1537320,627,0
-432267,-98804,532369,1298,-1248877,-286350,1536063,836,0
30000,30000,30000,90000,60000,60000,60000,180000,1
55902,83853,-137806,1949,627161,992691,-1619434,418,0
-759229,-169657,930834,1948,-1252019,-281951,1534387,417,0
521969,-451767,-70203,-1,1504432,-1302921,-202142,-631,0
-154706,-520020,676675,1949,-358199,-1200907,1559314,208,0
-74292,-160869,235162,1,-96143,-208184,304328,1,1
-1009488,822930,191107,4549,-1535226,1249923,286768,1465,0
-808631,1030938,-221659,648,-1215989,1552821,-335576,1256,0
707226,-347114,-358164,1948,1632839,-801443,-832026,-630,0
-523270,1082290,-558371,649,-789503,1633677,-842919,1255,0
266509,-337363,72152,1298,1222063,-1550098,327405,-630,0
-459568,-55903,516119,648,-1326172,-162132,1488722,418,0
-965937,289260,677975,1298,-1590527,474874,1116489,836,0
-935386,13000,927584,5198,-1422739,17386,1405980,627,0
-447867,1078390,-627924,2599,-677645,1626555,-947655,1255,0
831,575,-1406,0,9600,6643,-16244,-1,1
5656,-2828,-2828,0,16334,-8167,-8167,0,1
-985437,105303,885983,5849,-1484952,155009,1330989,1046,0
-139106,50051,90353,1298,-1613150,588408,1025578,836,0
5226,-738,-4487,1,15090,-2132,-12958,0,1
68756,-48674,-20082,0,110011,-77878,-32132,1,1
415365,-1079041,666274,2598,620248,-1619434,998556,-630,0
957485,-926285,-29902,1298,1436563,-1391528,-45456,-421,0
286660,752728,-1038089,1299,435284,1146444,-1580472,1256,0
-1064740,355563,713076,3899,-1602885,532270,1071662,1047,0
490768,-1086841,598672,2599,733782,-1630955,897380,207,0
-705927,-246360,954885,2598,-1164669,-408891,1573977,417,0
-469318,1080340,-611023,-1,-706342,1629069,-921680,1047,0
30000,30000,30000,90000,60000,60000,60000,180000,1
587622,496618,-1082941,1299,885859,745722,-1630955,626,0
-1084891,472567,615573,3249,-1628232,709065,920213,1046,0
-505069,679275,-171607,2599,-1170115,1572301,-400931,1255,0
-2955,-2699,5654,0,-8534,-7793,16328,1,1
505718,-1061490,557070,1298,774839,-1633259,857581,-839,0
915234,-136506,-781330,-2602,1513649,-226022,-1287629,-2,0
-313962,-389365,707226,3899,-725823,-904294,1630116,-1,0
707226,360763,-1067991,-2,1064749,540439,-1604771,417,0
4494,-9885,5391,0,12840,-28245,15404,-1,1
30000,30000,30000,90000,60000,60000,60000,180000,1
0,0,0,0,0,0,0,0,1
122204,-126105,5850,1949,1390689,-1437402,46083,-630,0
-501169,1058889,-555771,1949,-774002,1633258,-857791,1465,0
-648075,-323063,973086,1948,-1069359,-534365,1603932,208,0
0,0,0,0,0,0,0,0,1
-155,-482,637,0,-293,-912,1206,1,1
558,-202,-355,1,16133,-5853,-10279,1,1
0,0,0,0,0,0,0,0,1
514819,572021,-1084241,2599,773792,859047,-1632212,627,0
-598673,-24701,627273,3899,-1383149,-59700,1443476,627,0
0,0,0,0,0,0,0,0,1
12350,-128055,118954,3249,125055,-1473012,1347956,-1,0
5379,-4203,-1176,0,15534,-12138,-3396,0,1
85153,-142356,59802,2599,955404,-1625299,669265,-630,0
841131,160556,-998438,3249,1277992,242359,-1519515,836,0
-170957,550570,-380265,-652,-497708,1596600,-1098266,626,0
-443967,-623374,1071890,4549,-676597,-949121,1626136,418,0
494018,188507,-683826,-1301,1142464,439683,-1581938,209,0
-702027,1068640,-364664,1949,-1055743,1607702,-550495,1464,0
30000,30000,30000,90000,60000,60000,60000,180000,1
-154056,351663,-195658,1949,-714721,1629697,-914349,627,0
-5226,4487,738,-1,-15090,12958,2132,0,1
57206,-64597,7391,0,91529,-103355,11826,0,1
650024,321762,-971137,649,1073966,529128,-1602257,837,0
-665625,1073190,-405616,1949,-1003794,1617967,-613337,836,0
670175,-1075141,407565,2599,1005049,-1617968,612707,-212,0
-41562,-28760,70323,1,-66500,-46016,112517,1,1
60290,-62141,1850,-1,96465,-99426,2961,0,1
-237456,86157,151298,-1,-307296,111497,195798,-1,1
263259,435516,-698127,648,608099,1008820,-1616711,208,0
134,-105,-29,0,15534,-12138,-3396,0,1
0,0,0,0,0,0,0,0,1
-531070,-526520,1062789,5199,-818201,-815059,1633468,208,0
-675376,-393915,1075140,5849,-1017409,-597417,1615453,627,0
-1036139,232058,806680,2599,-1555126,347096,1209076,1046,0
298361,-1043290,748828,3899,447643,-1584871,1136808,-420,0
998437,-192408,-805381,648,1539414,-297871,-1241755,-212,0
705276,-1071891,369213,2598,1054066,-1608122,553426,-630,0
690975,-481669,-208658,648,1592411,-1109996,-483463,-1048,0
545370,-664975,121554,1949,1254531,-1533550,278389,-630,0
-190458,997137,-806681,-2,-293053,1538786,-1244687,1046,0
-54,140,-86,0,-6250,16194,-9943,1,1
794329,-1039389,247009,1949,1191899,-1563505,371395,-211,0
967236,-57203,-910685,-652,1455835,-87141,-1368695,-1,0
8008,1034,-9043,-1,22882,2956,-25838,0,1
475167,-1084241,612322,3248,709483,-1629279,919375,-421,0
-670826,141055,531719,1948,-1547585,323425,1224786,626,0
-406916,-295762,706576,3898,-940323,-686024,1626764,417,0
-135856,-407566,544070,648,-390458,-1178494,1568740,-212,0
-67249,52548,14701,0,-107599,84077,23522,0,1
985436,-570072,-416666,-1302,1626555,-939695,-687280,-420,0
-457,-59,516,0,-13214,-1707,14922,1,1
139105,-98154,-38352,2599,1586965,-1127801,-459793,-629,0
696826,-247660,-449817,-651,1610216,-569557,-1040870,-211,0
-118955,123504,-1951,2598,-1391318,1436773,-44409,1046,0
-840482,-156006,1001687,5199,-1279460,-238799,1518886,627,0
-707877,1036138,-326963,1298,-1091144,1598695,-506505,1046,0
194500,-219631,25130,-1,251707,-284228,32521,0,1
-525870,1082940,-555771,1299,-793064,1633886,-839148,1674,0
417965,661074,-1077091,1948,628418,991853,-1619643,628,0
99,-136,36,-1,11549,-15777,4227,-1,1
-213208,1016638,-802781,649,-325102,1549469,-1223321,1046,0
51351,-328913,280810,3248,230001,-1515954,1285533,-420,0
355563,-183957,-169657,1949,1632839,-843547,-789294,-2,0
-193708,997787,-804731,-652,-297242,1540252,-1241755,1255,0
443966,624673,-1068641,-2,675130,950587,-1624880,837,0
-83,-57,140,0,-9600,-6643,16244,1,1
0,0,0,0,0,0,0,0,1
461517,620123,-1079691,1949,694611,933200,-1626975,836,0
-103,-516,620,1,-196,-978,1175,1,1
-768979,-278211,1052389,5199,-1156709,-419993,1576910,208,0
-662375,-398465,1066689,5849,-1008821,-608100,1617338,417,0
41562,28760,-70323,-1,66500,46016,-112517,-1,1
769628,-1053040,286010,2598,1151261,-1579425,427952,-212,0
-137,97,40,0,-15882,11243,4639,0,1
538220,-121555,-419266,-2601,1555334,-346887,-1208658,-211,0
-116355,661074,-543421,1298,-272943,1531873,-1257675,1255,0
289260,750128,-1039389,-1,440730,1142254,-1581938,1046,0
-853482,-148856,1007537,5199,-1287210,-226440,1514278,628,0
-2568,5649,-3080,1,-7415,16311,-8896,0,1
347,-664,317,0,657,-1258,600,-1,1
122204,-664325,544070,1949,278808,-1533341,1254322,-211,0
-344513,104653,241809,1949,-1593669,488699,1105596,626,0
30000,30000,30000,90000,60000,60000,60000,180000,1
-822931,989987,-164457,2599,-1268567,1525799,-255767,1465,0
-949686,24050,930184,4548,-1430280,33515,1397811,1046,0
-281461,324362,-40952,1949,-1305434,1502966,-196276,1256,0
-648725,-321763,972436,1948,-1070196,-533318,1603722,208,0
-239675,136173,103501,-1,-310167,176224,133943,0,1
-130,112,18,0,-15090,12958,2132,0,1
-746228,935385,-188508,649,-1231490,1545070,-312534,1046,0
300961,-967237,668225,1949,492260,-1595135,1102245,-630,0
-538871,122204,417965,1298,-1556802,352752,1205096,1046,0
355563,-183307,-170307,1949,1632839,-841033,-792226,-420,0
1011437,-163157,-846982,1298,1521609,-246759,-1274642,208,0
300961,-315912,16250,1299,1378120,-1448504,69754,-630,0
-987387,570721,417315,649,-1626346,940951,686441,1046,0
-458918,-529120,989337,1299,-756197,-875806,1632001,-2,0
-5818,9845,-4026,1,-16625,28129,-11504,0,1
87103,-527820,442016,1299,248644,-1522657,1273593,-420,0
-1032239,260659,776779,5199,-1568741,393180,1176608,1047,0
30000,30000,30000,90000,60000,60000,60000,180000,1
-5379,1176,4203,0,-15534,3396,12138,0,1
65002,-143006,78652,648,736715,-1631374,894029,-630,0
0,-1224,1224,0,0,-14145,14145,0,1
623373,-1082941,464117,4549,931315,-1628022,696287,-420,0
103,516,-620,-1,196,978,-1175,-1,1
-7151,615573,-606473,1949,-19272,1424623,-1404305,1046,0
30000,30000,30000,90000,60000,60000,60000,180000,1
-895734,960085,-61753,2598,-1362411,1461281,-97405,1465,0
494018,590222,-1084891,-651,745513,886278,-1630955,836,0
93603,-141056,49401,1948,1059512,-1606656,546723,-421,0
-1006238,146905,863232,3899,-1510508,218480,1292865,837,0
-136506,-406916,544070,648,-395066,-1175352,1569997,-421,0
-706577,-245710,954235,1948,-1165507,-407844,1573768,417,0
-534321,-525870,1062139,1948,-820924,-812336,1633258,-2,0
850231,-1010138,162506,2599,1276945,-1520982,244035,-2,0
218408,-1019889,805380,3899,327824,-1550098,1222482,208,0
429666,-536921,107254,-1,1235050,-1543605,308134,-421,0
884,4396,-5281,-1,2555,12694,-15249,0,1
605172,-1074491,471917,2598,914138,-1629698,715558,-2,0
537,-117,-420,0,15534,-3396,-12138,0,1
-525870,-463468,989337,-1,-865961,-766461,1632420,-2,0
-228159,1030938,-803431,-652,-343326,1555125,-1211172,627,0
-971787,94903,884033,7149,-1479087,140975,1339158,1046,0
-1061490,331512,733877,3899,-1595135,496869,1099103,837,0
23400,-929535,907433,1298,36448,-1432794,1396135,-211,0
-52652,139105,-85154,1299,-621087,1619433,-997090,1256,0
70492,-40050,-30441,1,112788,-64081,-48706,1,1
30000,30000,30000,90000,60000,60000,60000,180000,1
-701377,1068640,-365314,1949,-1055114,1607912,-551752,1046,0
67602,-888584,822280,1298,109973,-1466728,1356335,-420,0
-324363,282760,42251,648,-1497940,1312765,186221,1046,0
143005,-72153,-68903,1949,1633049,-818620,-814640,-211,0
1260,-1186,-74,0,14553,-13698,-854,1,1
-697477,247009,453066,2598,-1609379,568299,1041917,837,0
-371814,976986,-608423,-3251,-613965,1618385,-1003584,836,0
-464768,691625,-225559,1298,-1075224,1602884,-526405,1255,0
-967237,913284,54602,649,-1451646,1373931,78971,1256,0
30000,30000,30000,90000,60000,60000,60000,180000,1
-7801,615573,-606473,1299,-19900,1424833,-1403886,1047,0
988687,-504419,-486219,-1951,1632839,-832654,-800605,-420,0
-103,-516,620,1,-196,-978,1175,1,1
-42252,-94904,140405,3249,-506715,-1091772,1597857,-630,0
-99454,-555121,658474,3899,-232725,-1284068,1516372,-421,0
-107255,132604,-24051,1298,-1240288,1540671,-299546,837,0
1084240,-564222,-520670,-652,1632630,-849622,-783638,-630,0
333462,-1063440,731927,1949,499382,-1596811,1097217,-212,0
237456,-86157,-151298,1,307296,-111497,-195798,1,1
1017288,-770929,-245060,1299,1565179,-1186454,-379565,-840,0
-709177,-358164,1071890,4549,-1063703,-541487,1605398,208,0
1300,120904,-120905,1299,4398,1412893,-1416245,1046,0
-1054340,705276,353613,4549,-1603095,1070614,533317,836,0
-1084241,510919,576571,3249,-1631793,768136,865122,1465,0
443,4661,-5105,-1,1281,13461,-14742,0,1
0,0,0,0,0,0,0,0,1
-9868,5607,4261,0,-28197,16020,12176,-1,1
-674726,519369,157955,2598,-1559106,1200697,359245,836,0
-140406,59802,80603,-1,-1628232,708227,920841,836,0
30000,30000,30000,90000,60000,60000,60000,180000,1
-400,-146,546,0,-11550,-4227,15777,0,1
-174,553,-378,1,-5047,15977,-10929,1,1
300311,-315262,16250,1299,1377282,-1449342,71220,-840,0
794329,-1027689,235958,2598,1201535,-1559525,357779,-211,0
865832,-1004288,139755,1299,1297892,-1508204,209891,-421,0
-764429,1050439,-284061,1949,-1149587,1580052,-429210,1255,0
237456,-151298,-86157,1,307296,-195798,-111497,1,1
30000,30000,30000,90000,60000,60000,60000,180000,1
-284711,-752079,1041989,5199,-435075,-1146235,1581309,-1,0
-137806,-841132,980886,1948,-211987,-1296636,1508412,-211,0
505,-626,121,0,957,-1186,229,0,1
119604,-663675,545370,1299,274409,-1531874,1257255,-210,0
-1042640,781329,265209,3898,-1569998,1174303,396950,1255,0
221,1099,-1320,0,2555,12694,-15249,0,1
1027038,-822281,-202808,1949,1542347,-1236727,-306040,-420,0
969186,-914585,-52652,1949,1452483,-1373722,-79391,-630,0
3059,-9683,6624,0,8740,-27666,18925,-1,1
9414,-2058,-7356,0,26899,-5880,-21019,0,1
568771,-1088791,522619,2599,848992,-1633469,784056,-421,0
267160,-337363,72152,1949,1221854,-1550098,327824,-420,0
109146,-240086,130940,0,141248,-310700,169451,-1,1
147555,-921735,774829,649,241940,-1520144,1277992,-212,0
-403666,-143006,546670,-2,-1164040,-410148,1574187,-1,0
647424,-1053040,408215,2599,992691,-1620272,626742,-839,0
-5639,3204,2435,0,-16283,9251,7032,0,1
457,59,-516,0,13214,1707,-14922,-1,1
-336063,-225559,562921,1299,-970069,-653136,1622994,-211,0
65002,-642225,579171,1948,147049,-1482648,1335178,-421,0
-205,650,-444,1,-388,1231,-842,1,1
0,0,0,0,0,0,0,0,1
30000,30000,30000,90000,60000,60000,60000,180000,1
-933435,9750,929534,5849,-1419806,11730,1408913,837,0
-120255,992587,-871033,1299,-181613,1497101,-1314232,1256,0
0,0,0,0,0,0,0,0,1
5547,-63822,58274,-1,8876,-102115,93239,0,1
659124,-555771,-102054,1299,1517629,-1281764,-236495,-630,0
30000,30000,30000,90000,60000,60000,60000,180000,1
614,-86,-527,1,1162,-164,-998,0,1
141313,-239099,97786,0,182875,-309422,126546,-1,1
-202808,350363,-147556,-1,-939276,1627393,-686861,1256,0
239675,-103501,-136173,1,310167,-133943,-176224,0,1
805380,92953,-900284,-1951,1331827,153334,-1484324,837,0
180056,-354264,176156,1948,825950,-1633887,807517,-420,0
-53768,66654,-12885,1,-86030,106647,-20617,0,1
935385,-7151,-924335,3899,1421691,-14245,-1406819,627,0
-791730,-215159,1010137,3248,-1217875,-332853,1551564,836,0
-48752,-911985,964636,3899,-75830,-1375398,1451226,-2,0
8008,-9043,1034,-1,22882,-25838,2956,0,1
1060839,-508320,-550571,1948,1632630,-785314,-847736,-420,0
-82554,-58503,141705,648,-962318,-661515,1623832,-1,0
-566,-17,584,1,-1073,-32,1106,1,1
503768,-477118,-26651,-1,1452064,-1373932,-78553,-421,0
-5379,1176,4203,0,-15534,3396,12138,0,1
-221,1320,-1099,0,-2555,15249,-12694,0,1
99,-136,36,-1,11549,-15777,4227,-1,1
878832,-835932,-43552,-652,1448503,-1377912,-71012,-421,0
30000,30000,30000,90000,60000,60000,60000,180000,1
30000,30000,30000,90000,60000,60000,60000,180000,1
105953,-345813,241809,1949,480320,-1592621,1111671,-630,0
115704,13650,-128055,1299,1321982,169882,-1491446,418,0
-422516,700726,-276911,1299,-978238,1622365,-643082,1045,0
932134,-29252,-902884,-2,1436773,-45666,-1390690,417,0
-8440,8699,-259,0,-24116,24856,-740,0,1
636373,-977637,341262,-2,1046316,-1609798,563062,-420,0
635723,-590873,-42902,1948,1463166,-1360107,-103689,-630,0
-68756,48674,20082,0,-110011,77878,32132,-1,1
-1056290,436166,622723,2599,-1624461,670941,954985,1465,0
213207,135855,-349064,-2,982217,639520,-1620900,837,0
983486,-889884,-91004,2598,1478039,-1341254,-136996,-211,0
-69840,25340,44499,-1,-111744,40544,71199,-1,1
-824231,1024438,-200858,-651,-1236937,1542347,-303736,1674,0
-113105,-14951,131304,3248,-1321354,-170092,1491864,418,0
1013387,-167057,-844382,1948,1523913,-252834,-1270871,208,0
-130,18,112,0,-15090,2132,12958,0,1
1079690,-635074,-445267,-651,1625089,-955615,-669685,-211,0
55252,-141706,87753,1299,624019,-1619643,994995,-629,0
68756,-48674,-20082,0,110011,-77878,-32132,1,1
-332,562,-230,0,-9600,16244,-6643,1,1
205407,-354264,151455,2598,937390,-1627603,689793,-420,0
0,0,0,0,0,0,0,0,1
566821,-286661,-279511,649,1632839,-825742,-807727,-630,0
130654,-350364,222308,2598,595530,-1615454,1019294,-630,0
-10401,-117655,129354,1298,-129455,-1345444,1474897,-2,0
299661,266509,-564872,1298,861561,771068,-1632212,417,0
380264,666274,-1046540,-2,587570,1026416,-1613150,836,0
752728,-1056940,306161,1949,1127382,-1587803,460002,-419,0
-3325,5625,-2300,0,-9600,16244,-6643,1,1
351663,-133255,-217109,1299,1616919,-609775,-1007355,-211,0
332,-562,230,0,9600,-16244,6643,-1,1
-1057590,434866,624023,1299,-1624252,668846,956661,1255,0
41562,28760,-70323,-1,66500,46016,-112517,-1,1
-87104,-253510,341912,1298,-407215,-1166554,1573349,-420,0
1078390,-430967,-645475,1948,1622575,-651251,-971535,-211,0
30000,30000,30000,90000,60000,60000,60000,180000,1
-126,118,7,-1,-14553,13698,854,-1,1
47451,463467,-510920,-2,134690,1342929,-1476992,627,0
-934085,13000,926934,5849,-1422530,17176,1406190,836,0
-348414,225558,122854,-2,-1608122,1049248,559711,837,0
54,-140,86,0,6250,-16194,9943,-1,1
-337363,79302,260009,1948,-1561829,368671,1193575,417,0
180706,-354914,176156,1948,825531,-1633678,807936,-211,0
278860,768978,-1047190,648,420202,1157546,-1576492,1256,0
563,-243,-320,0,16283,-7032,-9251,0,1
259359,785229,-1042640,1948,388990,1179750,-1567904,836,0
-656,418,238,0,-1243,792,451,0,1
-537,-69,607,1,-1018,-131,1149,0,1
156005,518069,-673426,648,358617,1201325,-1558896,1046,0
37609,-224447,186838,0,48670,-290462,241791,-1,1
-201508,351013,-148856,649,-934458,1627812,-692098,1256,0
148205,-921735,774829,1299,242150,-1520144,1277992,-2,0
579171,-643525,66302,1948,1332246,-1484743,152077,-420,0
824230,-992588,170956,2598,1265843,-1527475,261421,-211,0
-771579,-276261,1052389,4549,-1158384,-417270,1576281,627,0
-443,5105,-4661,1,-1281,14742,-13461,0,1
-132605,29901,107254,4550,-1554078,344163,1210752,837,0
831,-1406,575,0,9600,-16244,6643,-1,1
1059539,-577872,-479068,2599,1630535,-892354,-738811,-630,0
0,0,0,0,0,0,0,0,1
21850,47314,-69165,-1,34961,75703,-110664,0,1
566821,-287311,-279511,-1,1633049,-825532,-808146,-629,0
-9101,126104,-115055,1948,-125265,1473640,-1347119,1256,0
132604,-20151,-111155,1298,1510507,-217224,-1293075,208,0
-764429,1050439,-284711,1299,-1148958,1580052,-430048,1046,0
550,-389,-160,1,15882,-11243,-4639,0,1
-336713,78002,261309,2598,-1560572,364482,1196507,417,0
-710477,-355564,1071240,5199,-1067054,-537298,1604560,208,0
970486,-914585,-53302,2599,1453112,-1372675,-80857,-420,0
142355,-81254,-59153,1948,1628021,-925870,-702572,-421,0
-656525,-416666,1079690,6499,-989340,-630723,1620271,208,0
-1040689,250259,793029,2599,-1563505,375165,1189595,1255,0
130654,867132,-997138,648,197113,1306062,-1502339,836,0
-1748,-3785,5533,0,-5047,-10929,15977,1,1
-330,-1025,1355,0,-3813,-11848,15661,0,1
221008,339962,-562272,-1302,637215,983893,-1620691,417,0
-547321,1083590,-535621,648,-824694,1633886,-807937,1255,0
850881,-1010138,161206,1949,1277783,-1520353,242359,-211,0
-1014038,168356,848281,2599,-1522867,251786,1271918,837,0
-505719,33151,473867,1299,-1458978,94262,1365133,417,0
-101404,-554471,658474,2599,-238380,-1280507,1518467,-420,0
-7527,-1804,9331,0,-21507,-5154,26661,0,1
-766379,1016638,-249610,649,-1179332,1568531,-387734,1465,0
484268,10400,-496619,-1951,1398020,32049,-1429861,208,0
228158,-694227,468667,2598,523262,-1602048,1078155,-631,0
521969,-451767,-69553,649,1503385,-1304387,-199418,-420,0
73,67,-141,-1,8534,7793,-16328,-1,1
-1088791,547320,543420,1949,-1632631,821551,812125,1045,0
-440717,985436,-546671,-1952,-727918,1630744,-902199,627,0
-216,560,-344,0,-6250,16194,-9943,1,1
-577872,640924,-61103,1949,-1334760,1482857,-146841,1256,0
-893134,960735,-64353,3248,-1360107,1463166,-101804,1255,0
-535621,-546021,1086190,4548,-807099,-825951,1633468,418,0
21450,-316562,297711,2599,95729,-1460235,1364295,-211,0
-590223,-479068,1075140,5849,-900314,-730013,1630535,208,0
111804,-967887,859332,3249,170510,-1492493,1321772,-211,0
0,0,0,0,0,0,0,0,1
1008187,-178757,-826181,3249,1531245,-273781,-1257256,208,0
93603,434866,-529120,-651,268962,1261444,-1529361,1045,0
-1205,-37,1242,0,-13927,-427,14354,0,1
1084240,-507019,-575922,1299,1632211,-765414,-866798,-1,0
4301,-5332,1030,-1,12420,-15397,2976,-1,1
-493369,-190458,686425,2598,-1140160,-442407,1582775,208,0
-32101,-38511,70613,1,-51363,-61618,112982,1,1
-33152,133905,-102054,-1301,-376842,1565389,-1187501,1046,0
-626624,29251,600622,3249,-1445153,64517,1381053,417,0
-878183,835281,42901,-1,-1446828,1379796,68078,1046,0
563,-243,-320,0,16283,-7032,-9251,0,1
44,466,-510,0,1281,13461,-14742,0,1
-1017289,772228,247009,1948,-1564133,1188338,377260,1465,0
382864,687075,-1068641,1298,576259,1035632,-1611264,627,0
37609,186838,-224447,0,48670,241791,-290462,-1,1
332162,-563572,233358,1948,952681,-1625927,672407,-839,0
-107,133,-25,1,-12420,15397,-2976,1,1
-137,97,40,0,-15882,11243,4639,0,1
547970,-1086841,542770,3899,819876,-1633887,813801,-210,0
796929,-908735,113754,1948,1310670,-1499406,188525,-211,0
48751,462817,-511570,-2,139508,1339996,-1478878,626,0
-586322,-495319,1086190,4549,-883975,-746980,1631373,418,0
-364014,555120,-191758,-652,-1052182,1608540,-555313,1045,0
1083590,-582422,-499869,1299,1631582,-879786,-752007,-211,0
563,-320,-243,0,16283,-9251,-7032,0,1
-451117,-244410,699426,3899,-1042965,-567253,1610007,-211,0
935385,-8451,-923685,3249,1422110,-15292,-1406191,627,0
-971137,64352,910684,3899,-1458978,94472,1364924,418,0
-44,510,-466,0,-1281,14742,-13461,0,1
-222115,190735,31380,0,-287443,246833,40610,0,1
-445917,1077740,-629874,1949,-674084,1625926,-950797,1045,0
-4576,5167,-591,0,-13214,14922,-1707,1,1
299661,-1043940,748178,3899,450156,-1585290,1135132,-2,0
191107,-998438,810580,3249,292004,-1538158,1245943,-211,0
-1068641,703976,366613,1948,-1606028,1058256,549027,1255,0
771578,-1018589,248309,1298,1184149,-1566647,382287,-211,0
-239675,136173,103501,-1,-310167,176224,133943,0,1
899633,-976987,79302,1948,1351517,-1470708,118771,-420,0
-435517,-642225,1080990,3248,-656907,-966507,1623413,-1,0
122204,-125455,6500,3249,1389013,-1438868,49016,-839,0
349713,-229459,-119605,649,1608121,-1051553,-557198,-630,0
-352314,1041339,-688376,649,-542744,1606027,-1062446,837,0
0,0,0,0,0,0,0,0,1
-512870,-570722,1086840,3248,-772536,-859886,1632420,-2,0
30000,30000,30000,90000,60000,60000,60000,180000,1
458917,55902,-515470,-651,1325752,163388,-1488932,208,0
233773,-165491,-68281,1,302530,-214165,-88364,1,1
-109146,240086,-130940,0,-141248,310700,-169451,1,1
-1066690,641574,429016,3900,-1621738,975304,647899,1465,0
240509,711126,-952286,-651,398417,1173256,-1570836,837,0
261959,436816,-698127,648,604957,1011334,-1616082,209,0
936035,-9101,-924335,2599,1422529,-15711,-1405981,837,0
383514,664974,-1047190,1298,591341,1023064,-1613778,627,0
0,0,0,0,0,0,0,0,1
-27059,-43045,70105,1,-43295,-68873,112169,1,1
110504,880782,-988688,2598,165483,1325124,-1489770,837,0
0,0,0,0,0,0,0,0,1
-3788,-6026,9814,0,-10823,-17218,28042,1,1
347,-664,317,0,657,-1258,600,-1,1
-707877,-244410,954235,1948,-1166763,-406168,1573139,208,0
0,-1224,1224,0,0,-14145,14145,0,1
349713,-229459,-118955,1299,1607912,-1051553,-556988,-629,0
225558,-947736,723477,1299,369300,-1563086,1193156,-630,0
-1016639,836581,182656,2598,-1529989,1259559,272105,1675,0
30000,30000,30000,90000,60000,60000,60000,180000,1
21850,-69165,47314,-1,34961,-110664,75703,0,1
23400,108554,-130655,1299,259327,1267519,-1526009,837,0
-1006238,178106,833331,5199,-1528942,268753,1261235,1046,0
-995188,874282,122204,1298,-1495426,1316326,180355,1255,0
-300312,-728678,1033538,4548,-462935,-1125497,1588012,-420,0
-5818,-4026,9845,1,-16625,-11504,28129,0,1
-700727,436816,265209,1298,-1616082,1009448,607680,1046,0
445266,-989338,544720,648,731269,-1630745,899056,-420,0
640273,-975687,337362,1948,1051762,-1608541,556149,-630,0
1012737,-823581,-185907,3249,1535434,-1250552,-284883,-1,0
-83204,524569,-442017,-652,-242989,1520771,-1276946,836,0
1375,-973,-401,1,15882,-11243,-4639,0,1
110,1165,-1276,-1,1281,13461,-14742,0,1
-54,140,-86,0,-6250,16194,-9943,1,1
235308,110504,-344513,1299,1083811,515931,-1599743,-1,0
0,0,0,0,0,0,0,0,1
-670826,137155,533669,-2,-1545281,317141,1229185,1045,0
841781,-874933,35101,1949,1384823,-1442848,57395,-630,0
-63053,-77353,142355,1949,-741743,-889422,1630954,-211,0
890533,53952,-941886,2599,1372465,80437,-1452484,418,0
1056289,-309412,-746878,-1,1588640,-465868,-1122774,-2,0
30000,30000,30000,90000,60000,60000,60000,180000,1
-828132,-191758,1025738,5848,-1245944,-290958,1537320,418,0
44851,92953,-136506,1298,506714,1091562,-1597649,627,0
30000,30000,30000,90000,60000,60000,60000,180000,1
-72153,139755,-66303,1299,-846689,1633677,-785523,1465,0
537,-117,-420,0,15534,-3396,-12138,0,1
48101,462167,-511570,-1302,138461,1340834,-1478459,836,0
503118,-478418,-25351,-651,1448922,-1377283,-72059,-420,0
-100,-36,136,0,-11550,-4227,15777,0,1
8820,-518,-8302,0,25201,-1480,-23721,0,1
256109,83203,-338013,1299,1176398,393180,-1569160,418,0
-364014,555770,-190458,1298,-1053439,1608331,-553846,1046,0
-228649,49985,178664,0,-295899,64686,231212,-1,1
44,466,-510,0,1281,13461,-14742,0,1
-84504,-811231,896383,648,-139300,-1339997,1478877,-420,0
-390,661,-270,1,-739,1251,-511,1,1
1080340,-633124,-447217,-1,1625298,-952682,-673036,-420,0
0,0,0,0,0,0,0,0,1
-138456,88403,51351,1298,-1612102,1032490,580448,836,0
267810,-336713,71502,2599,1224367,-1549051,324054,-630,0
-200858,351013,-148856,1299,-932992,1627812,-693984,836,0
-831,1406,-575,0,-9600,16244,-6643,1,1
867782,-1003638,137155,1299,1300615,-1506528,205702,-211,0
-794980,907433,-113105,-652,-1310881,1499405,-187060,1464,0
431,-653,221,-1,817,-1237,420,0,1
0,0,0,0,0,0,0,0,1
-124805,7150,120904,3249,-1457302,91120,1366599,417,0
940585,-924335,-14301,1949,1426508,-1402630,-24299,-421,0
1074490,-390015,-683176,1299,1613568,-587571,-1026417,-420,0
-537,-69,607,1,-1018,-131,1149,0,1
459567,55252,-515470,-651,1326171,162550,-1488513,208,0
550570,-393265,-157306,-1,1585708,-1131362,-454766,-420,0
-262610,334762,-69553,2599,-1220179,1550726,-329292,1255,0
66302,75402,-139106,2598,745932,885859,-1631164,627,0
30000,30000,30000,90000,60000,60000,60000,180000,1
504418,-1061490,558370,1298,773373,-1633259,859047,-839,0
960735,-687076,-274961,-1302,1585079,-1133667,-451833,-421,0
50701,-328913,281460,3248,224554,-1513650,1288466,-630,0
75402,66302,-138456,3248,854020,779238,-1632421,837,0
-506369,33801,473217,649,-1459606,95729,1364505,628,0
221,1099,-1320,0,2555,12694,-15249,0,1
-165107,-187858,355563,2598,-764157,-868055,1632211,-1,0
725427,338662,-1062140,1949,1091143,507342,-1597858,627,0
1053689,-341913,-710477,1299,1600999,-520959,-1080042,-2,0
1080340,-635724,-444617,-1,1624879,-956453,-668847,-421,0
-70492,40050,30441,-1,-112788,64081,48706,-1,1
128054,-9101,-117005,1948,1458139,-92587,-1365762,-210,0
63003,-59302,-3700,1,100805,-94884,-5921,0,1
-5587,2027,3559,-1,-16133,5853,10279,-1,1
70202,-889884,820980,1298,115000,-1468823,1353821,-2,0
-110,-1165,1276,1,-1281,-13461,14742,0,1
-337363,79302,260009,1948,-1562248,369928,1192946,626,0
73,-141,67,-1,8534,-16328,7793,-1,1
-92003,-146356,238359,0,-119063,-189402,308465,0,1
-100754,-554471,658474,3249,-234819,-1282602,1517210,-211,0
5500,-1606,-3893,1,15882,-4639,-11243,0,1
-34452,-287961,324362,1949,-158990,-1328686,1487256,-420,0
-1075,-257,1333,1,-12420,-2976,15397,1,1
4301,1030,-5332,-1,12420,2976,-15397,-1,1
23400,108554,-131305,649,261212,1266262,-1526428,1046,0
-1205,-37,1242,0,-13927,-427,14354,0,1
70710,-35355,-35355,0,113137,-56568,-56568,1,1
920434,-919785,1950,2599,1413521,-1415617,1256,-840,0
-2955,5654,-2699,0,-8534,16328,-7793,1,1
1748,3785,-5533,0,5047,10929,-15977,-1,1
-374415,704626,-328263,1948,-868055,1632839,-763528,1256,0
-46802,-912635,963336,3899,-72059,-1377283,1449550,208,0
-99,136,-36,1,-11549,15777,-4227,1,1
707226,361413,-1067340,1299,1064330,540858,-1604771,417,0
99,-136,36,-1,11549,-15777,4227,-1,1
534970,-1076441,545370,3899,807098,-1634097,826579,-420,0
30000,30000,30000,90000,60000,60000,60000,180000,1
855432,153405,-1004288,4549,1287209,227487,-1514069,627,0
-98804,135205,-35752,649,-1150215,1579843,-428372,1256,0
139,-50,-88,1,16133,-5853,-10279,1,1
-2955,-2699,5654,0,-8534,-7793,16328,1,1
52,-599,547,0,98,-1136,1037,-1,1
-208658,-480368,691625,2599,-483045,-1110415,1592830,-630,0
30000,30000,30000,90000,60000,60000,60000,180000,1
1024438,-275611,-748179,648,1578167,-425649,-1152938,-420,0
-458268,-619474,1081640,3898,-692098,-935296,1627602,208,0
558,-355,-202,1,16133,-10279,-5853,1,1
-170000,-62224,232224,0,-220000,-80525,300525,0,1
913284,-790430,-122855,-1,1504223,-1303340,-201513,-630,0
30000,30000,30000,90000,60000,60000,60000,180000,1
-924985,956835,-29902,1948,-1389433,1438029,-47341,1255,0
-156656,-518720,676675,1299,-360712,-1199441,1559943,-210,0
-642,1412,-770,0,-7415,16311,-8896,0,1
-100,-36,136,0,-11550,-4227,15777,0,1
0,0,0,0,0,0,0,0,1
559670,-208008,-352964,-1302,1614615,-596160,-1019085,-630,0
-789780,1023138,-232709,649,-1201955,1558895,-355895,1045,0
-141056,79302,62402,648,-1627184,931943,696287,1046,0
233773,-165491,-68281,1,302530,-214165,-88364,1,1
253509,787829,-1041340,-2,382916,1184358,-1566228,1046,0
-224909,347113,-121555,649,-1039613,1611263,-570814,836,0
-91,-47,139,1,-10608,-5452,16060,0,1
-11061,-54952,66014,1,-17698,-87924,105622,0,1
109204,24700,-131305,2599,1243429,295565,-1538368,626,0
330,1025,-1355,0,3813,11848,-15661,0,1
30000,30000,30000,90000,60000,60000,60000,180000,1
949035,-17551,-928235,3249,1429022,-29327,-1399278,417,0
140,-80,-60,0,16283,-9251,-7032,0,1
0,0,0,0,0,0,0,0,1
-22,-109,132,1,-2555,-12694,15249,0,1
-1036789,711776,328262,3249,-1596392,1095961,501477,1046,0
325012,-286011,-38352,649,1496891,-1314651,-183080,-840,0
0,0,0,0,0,0,0,0,1
-47452,-464118,512869,1299,-139928,-1339788,1479296,-420,0
-1409,801,608,0,-16283,9251,7032,0,1
-189808,-163807,354913,1298,-879157,-752636,1631582,-211,0
-169999,232224,-62224,1,-219999,300525,-80525,1,1
-566822,285360,282110,648,-1632840,823018,810868,1046,0
30000,30000,30000,90000,60000,60000,60000,180000,1
131954,-19501,-110505,1948,1511764,-220994,-1290771,-1,0
0,0,0,0,0,0,0,0,1
-141313,239099,-97786,0,-182875,309422,-126546,1,1
-244410,341912,-96204,1298,-1133457,1585708,-450995,1256,0
-222309,945135,-723478,-652,-367835,1562666,-1193785,1046,0
-109146,240086,-130940,0,-141248,310700,-169451,1,1
-1044590,355563,690975,1948,-1605399,545885,1060560,1046,0
1409,-608,-801,0,16283,-7032,-9251,0,1
124804,-993888,873632,4548,184126,-1497730,1313812,208,0
705276,-1071891,368563,1948,1054904,-1607913,552588,-421,0
-32502,-103354,137155,1299,-387944,-1180170,1568112,-2,0
222958,-947086,725427,1299,364901,-1561829,1196089,-839,0
1045239,-273011,-771579,649,1574815,-412662,-1162155,-2,0
-989988,826180,165756,1948,-1523076,1272127,252205,1256,0
-791080,-215809,1010137,3248,-1217246,-334109,1551773,418,0
-330,1355,-1025,0,-3813,15661,-11848,0,1
-924335,957485,-31852,1298,-1388595,1439077,-49227,1255,0
-705277,392614,315911,3248,-1629279,906807,723728,1256,0
-137,97,40,0,-15882,11243,4639,0,1
-223609,-784580,1011437,3248,-345211,-1210334,1555125,-420,0
-3325,5625,-2300,0,-9600,16244,-6643,1,1
44851,-139756,96853,1948,497288,-1596601,1098474,-839,0
22,109,-132,-1,2555,12694,-15249,0,1
141313,97786,-239099,0,182875,126546,-309422,-1,1
685775,-193708,-492069,-2,1583404,-445968,-1137856,-420,0
531069,527819,-1059540,-652,821342,812335,-1632840,837,0
143005,-72803,-68253,1949,1633049,-821971,-811498,-420,0
235308,110504,-344513,1299,1083811,515931,-1599953,-211,0
608422,473217,-1080341,1298,917699,711788,-1628651,836,0
-87754,-252860,342562,1948,-410776,-1164040,1574396,-420,0
-134,29,105,0,-15534,3396,12138,0,1
-369864,978286,-610373,-1951,-611242,1617967,-1006098,627,0
361413,345162,-705927,648,834329,799138,-1632631,836,0
534970,549920,-1083591,1299,806679,827207,-1632840,1046,0
-1306,184,1121,-1,-15090,2132,12958,0,1
-83,-57,140,0,-9600,-6643,16244,1,1
-758579,-172257,931484,648,-1249715,-285302,1535644,627,0
-1058890,314611,746877,2598,-1589270,470894,1119422,1046,0
-182813,226626,-43812,1,-236582,293281,-56698,1,1
-537,607,-69,1,-1018,1149,-131,0,1
132,410,-542,0,3813,11848,-15661,0,1
69840,-44499,-25340,1,111744,-71199,-40544,1,1
-5851,-303562,311361,1948,-31421,-1398859,1430070,-210,0
0,0,0,0,0,0,0,0,1
337362,727377,-1062140,2599,507761,1090933,-1597858,836,0
840481,-876233,37051,1299,1382729,-1444734,61375,-630,0
731927,300311,-1029639,2599,1126963,460211,-1586966,208,0
912634,-790430,-121555,649,1503594,-1304177,-199837,-420,0
551220,-167057,-386765,-2602,1591154,-477179,-1113976,-1,0
-139756,-841132,981536,648,-213453,-1296008,1509460,-1,0
-144956,1003637,-856733,1948,-219737,1512183,-1291400,1046,0
-657175,553820,104003,648,-1516583,1283020,234818,1255,0
250909,-1041340,793679,3248,373699,-1564343,1190223,-421,0
-249610,1040038,-789130,1298,-375166,1564760,-1188758,836,0
65328,-56098,-9229,1,104525,-89757,-14767,1,1
-103,-516,620,1,-196,-978,1175,1,1
-4823,-148,4971,0,-13927,-427,14354,0,1
-840482,872982,-33152,-652,-1385243,1442428,-56139,1046,0
-528470,1072540,-543421,649,-805423,1633886,-827208,1255,0
1032888,-226209,-807331,-652,1553658,-341232,-1212638,-212,0
39001,908084,-947736,-651,59909,1384404,-1443058,1255,0
142355,-81254,-59153,1948,1627602,-929850,-697963,-211,0
469,172,-642,-1,889,325,-1215,-1,1
-939286,-1951,945785,4548,-1411009,-5656,1417501,836,0
-700077,438116,263259,1298,-1615244,1014476,602024,1256,0
-436167,-640274,1080990,4549,-657954,-965460,1623622,208,0
-140,60,80,0,-16283,7032,9251,0,1
46801,463467,-510270,-2,135109,1342719,-1476992,836,0
30000,30000,30000,90000,60000,60000,60000,180000,1
733877,-1061490,329562,1949,1100778,-1595973,495193,-2,0
-795630,908084,-113755,-1301,-1310252,1500033,-188526,1255,0
109854,24050,-130655,3249,1246781,290329,-1536902,208,0
946435,-936036,-6501,3898,1420015,-1409123,-11103,-211,0
-656525,555120,103353,1948,-1515954,1283648,233771,1465,0
-1053040,707876,349713,4549,-1602257,1074594,529128,1465,0
30000,30000,30000,90000,60000,60000,60000,180000,1
16507,51291,-67798,0,26411,82066,-108478,-1,1
160556,764428,-926935,-1951,267915,1261863,-1528942,836,0
-132,542,-410,0,-3813,15661,-11848,0,1
985436,-100754,-884034,648,1485161,-154172,-1330780,209,0
74752,-143006,68902,648,851925,-1633469,781123,-421,0
-287311,1048489,-759229,1949,-434866,1581309,-1145816,627,0
-709177,-356214,1071240,5849,-1066007,-538555,1604770,208,0
136505,405615,-543421,-1301,393599,1176608,-1569579,628,0
1320,4103,-5423,0,3813,11848,-15661,0,1
-700727,1068640,-366614,1299,-1053439,1608121,-553427,1255,0
155355,518719,-673426,648,358407,1201535,-1558896,1046,0
530419,-1075791,549270,3898,800604,-1633887,833072,-211,0
214212,-201630,-12582,0,277216,-260933,-16283,0,1
255459,85153,-338663,1949,1173047,397788,-1570417,418,0
-598673,-24701,627273,3899,-1383149,-60329,1443685,207,0
85153,55902,-139106,1949,965878,657953,-1623204,627,0
-496619,-586972,1087490,3899,-747609,-883556,1631582,417,0
721527,341912,-1062790,649,1087163,512160,-1598906,417,0
-63003,3700,59302,-1,-100805,5921,94884,0,1
469317,-694227,228808,3898,1076899,-1602257,524729,-629,0
-31852,-104004,137155,1299,-381450,-1184987,1566017,-420,0
299661,265209,-565522,-652,864074,768345,-1632212,207,0
1064739,-351664,-711777,1298,1603303,-532690,-1070825,-212,0
330,-1355,1025,0,3813,-15661,11848,0,1
-61753,967886,-906784,-651,-92378,1459186,-1365553,1255,0
1396,-889,-506,1,16133,-10279,-5853,1,1
209307,479717,-687726,1298,482206,1111043,-1591993,1256,0
30000,30000,30000,90000,60000,60000,60000,180000,1
85153,-141706,59802,3249,958547,-1625090,665913,-630,0
672125,-1066040,397164,3249,1014895,-1616292,601396,-1,0
70492,-40050,-30441,1,112788,-64081,-48706,1,1
1073840,-569422,-503119,1299,1632211,-865961,-766461,-211,0
30000,30000,30000,90000,60000,60000,60000,180000,1
-130,112,18,0,-15090,12958,2132,0,1
24700,-929535,908084,3249,36238,-1432794,1396344,-212,0
-37702,-909385,952285,5198,-60538,-1383777,1444314,-1,0
-8440,8699,-259,0,-24116,24856,-740,0,1
-559021,206057,354263,1299,-1614616,594692,1020131,207,0
2955,-5654,2699,0,8534,-16328,7793,-1,1
445266,622723,-1067991,-2,679110,947444,-1625509,1045,0
273010,-1023789,753378,2599,418526,-1576911,1157965,-420,0
648074,324362,-971137,1299,1069986,533526,-1603304,208,0
-1014689,838531,178756,2598,-1527894,1263120,266030,1256,0
-163807,-762479,928234,1948,-270011,-1260188,1530197,-2,0
-664,332,332,0,-1258,629,629,0,1
578521,-1060190,484268,2599,887326,-1631793,743837,-630,0
0,0,0,0,0,0,0,0,1
-169657,-843082,1017288,4549,-256605,-1268777,1525380,-2,0
30000,30000,30000,90000,60000,60000,60000,180000,1
504,-474,-29,1,14553,-13698,-854,1,1
-223609,945135,-722828,-1302,-369301,1563085,-1193157,627,0
608422,-618824,12350,1948,1401372,-1427347,25346,-629,0
-9625,2811,6814,0,-27502,8033,19469,0,1
-16507,67798,-51291,0,-26411,108478,-82066,1,1
-154706,351663,-195658,1299,-714931,1629697,-914139,627,0
559670,-208008,-352314,-652,1614615,-596579,-1018457,-421,0
476467,-1083591,611672,4548,710950,-1629489,917699,-840,0
-533020,-135856,671475,2599,-1229396,-315676,1545698,626,0
550570,-164457,-388065,-1952,1589478,-471314,-1119004,-840,0
-118955,-3901,125454,2598,-1395717,-36449,1432374,208,0
-333463,266509,67602,648,-1542557,1235679,308134,1256,0
570721,514819,-1085541,-1,859675,773163,-1632212,626,0
30000,30000,30000,90000,60000,60000,60000,180000,1
-986737,570071,417315,649,-1626346,941370,686023,1047,0
139755,-41602,-95554,2599,1588431,-466915,-1121936,-420,0
337362,-1064740,729977,2599,503572,-1597858,1093866,-420,0
-981537,889883,94903,3249,-1478249,1340206,139508,1465,0
-222309,-785880,1010787,2598,-343326,-1211381,1554496,-211,0
325662,-286011,-39002,649,1497520,-1314023,-184127,-630,0
-641575,1050439,-407566,1298,-989131,1620899,-630094,1674,0
-155,637,-482,0,-293,1206,-912,1,1
143005,-81904,-59153,1948,1627812,-928174,-700058,-420,0
-75403,335412,-258060,1949,-355057,1558686,-1202793,836,0
-1081641,634423,448516,1298,-1624671,953938,671778,1045,0
-18862,-198133,216996,1,-24410,-256407,280818,1,1
30000,30000,30000,90000,60000,60000,60000,180000,1
1016638,-771579,-243760,1299,1564551,-1187920,-377051,-420,0
373764,-981537,608422,649,613754,-1617968,1004002,-212,0
-1073191,495318,581121,3248,-1631164,751797,880413,1046,0
0,0,0,0,0,0,0,0,1
846331,20150,-866483,-2,1398230,31630,-1429652,208,0
0,0,0,0,0,0,0,0,1
964636,-291861,-674076,-1301,1592201,-482207,-1110206,-212,0
1320,4103,-5423,0,3813,11848,-15661,0,1
155,482,-637,0,293,912,-1206,-1,1
460867,621423,-1079691,2599,693354,934667,-1626975,1046,0
844381,135205,-976987,2599,1299987,206540,-1505900,627,0
1075,257,-1333,-1,12420,2976,-15397,-1,1
-589573,-479718,1075140,5849,-898638,-731898,1630744,208,0
-224259,690975,-464768,1948,-522635,1602047,-1078575,837,0
5040,-4744,-296,0,14553,-13698,-854,1,1
-484269,-9751,496618,2598,-1398440,-30793,1429651,418,0
110504,-967887,859332,1949,169044,-1491865,1322401,-420,0
676675,-520670,-155356,649,1559314,-1200488,-359246,-420,0
-83204,-57853,141705,648,-964832,-658792,1623413,-211,0
563,-320,-243,0,16283,-9251,-7032,0,1
-2955,5654,-2699,0,-8534,16328,-7793,1,1
83,57,-140,0,9600,6643,-16244,-1,1
-655875,-418616,1079690,5199,-988921,-631351,1620271,-1,0
30000,30000,30000,90000,60000,60000,60000,180000,1
-878183,834631,42901,-651,-1447247,1379587,68916,1256,0
647424,-1053690,408865,2599,991853,-1620272,627580,-839,0
-891834,-89704,984136,2598,-1341045,-136158,1477829,626,0
636373,-589573,-44202,2598,1464004,-1359478,-105365,-839,0
0,0,0,0,0,0,0,0,1
-724778,-336063,1065389,4548,-1090306,-508181,1598486,-1,0
523919,-78003,-447217,-1301,1512811,-224346,-1288676,-211,0
26000,-930835,906783,1948,38333,-1433632,1395088,-211,0
-297712,313311,-13001,2598,-1376655,1449550,-71850,1045,0
-231409,1032888,-800831,648,-349191,1556801,-1206773,837,0
700726,-439417,-260660,649,1615872,-1013010,-603491,-629,0
103,516,-620,-1,196,978,-1175,-1,1
1011437,-165107,-846332,-2,1522238,-248645,-1273594,-1,0
-1025739,822280,206057,2598,-1541929,1236936,306249,1256,0
978936,-876233,-100754,1949,1485789,-1330990,-154801,-2,0
-633774,587622,47451,1299,-1463167,1360106,104317,1256,0
997137,-875583,-118955,2599,1496053,-1316117,-180566,-630,0
-507670,987386,-481019,-1303,-838729,1633886,-793693,1464,0
30000,30000,30000,90000,60000,60000,60000,180000,1
-81904,139105,-55903,1298,-954149,1625508,-670313,1046,0
182813,43812,-226626,-1,236582,56698,-293281,-1,1
18862,198133,-216996,-1,24410,256407,-280818,-1,1
-1059540,581121,480367,1948,-1630326,894238,737343,1255,0
5547,58274,-63822,-1,8876,93239,-102115,0,1
-457618,-619474,1082290,5198,-691260,-936134,1627602,208,0
1205,37,-1242,0,13927,427,-14354,0,1
41562,-70323,28760,-1,66500,-112517,46016,-1,1
-340613,246359,96203,1949,-1580472,1146444,435074,1046,0
-1084241,587622,499868,3249,-1630745,881880,750331,1466,0
850231,-999088,150805,1948,1286790,-1515326,228115,-421,0
-143656,1002987,-858033,1298,-217224,1511135,-1292866,1045,0
505718,-33802,-472568,-652,1459605,-95730,-1363877,-2,0
564221,-323713,-241160,-652,1627393,-930897,-696916,-420,0
656,-418,-238,0,1243,-792,-451,0,1
662,-376,-286,0,1254,-712,-541,1,1
-357514,-707877,1069290,3899,-539393,-1065798,1604979,-212,0
0,61237,-61237,0,0,97979,-97979,0,1
-103,-516,620,1,-196,-978,1175,1,1
504,-29,-474,1,14553,-854,-13698,1,1
9777,-3547,-6229,1,27936,-10136,-17799,1,1
-134,105,29,0,-15534,12138,3396,0,1
-1034839,230108,809280,4549,-1553659,342906,1212008,1255,0
-124805,117654,8450,1299,-1452694,1372883,81065,1254,0
-632,493,138,-1,-1197,935,261,-1,1
-737778,-315912,1060189,6499,-1112929,-478855,1591992,208,0
-49999,-18301,68301,1,-79999,-29282,109282,1,1
-945786,218408,729327,1949,-1558896,358198,1201325,627,0
937985,-743628,-195008,-651,1547374,-1226463,-321332,-421,0
-664,332,332,0,-1258,629,629,0,1
-1058890,315261,746877,3248,-1589479,471104,1119003,628,0
298361,-966587,670175,1949,489118,-1594507,1104968,-421,0
-5587,2027,3559,-1,-16133,5853,10279,-1,1
175506,841131,-1016639,-2,264982,1264167,-1527685,1464,0
789129,221008,-1007538,2599,1215360,337251,-1552403,208,0
-90354,137155,-46152,649,-1055743,1607702,-550914,1045,0
1075790,-409516,-664975,1299,1617967,-618573,-999814,-420,0
30000,30000,30000,90000,60000,60000,60000,180000,1
-437467,-639624,1081640,4549,-660049,-963784,1623832,-1,0
-254,-404,658,0,-481,-766,1247,0,1
85153,-142356,59802,2599,959803,-1624880,664656,-421,0
607772,-618824,13000,1948,1400953,-1427976,26393,-630,0
67249,-14701,-52548,0,107599,-23522,-84077,0,1
235958,109854,-344513,1299,1085277,514255,-1599534,-2,0
-550,160,389,-1,-15882,4639,11243,0,1
-289261,-30552,321762,1949,-1338950,-139928,1479086,208,0
-7527,9331,-1804,0,-21507,26661,-5154,0,1
-738428,-315912,1059539,5199,-1112929,-478646,1591992,417,0
-216,-344,560,0,-6250,-9943,16194,1,1
30000,30000,30000,90000,60000,60000,60000,180000,1
-1025089,822930,205407,3248,-1541091,1238193,304154,1256,0
1075140,-497269,-576572,1299,1631792,-755987,-875806,-1,0
369863,183956,-555771,-1952,1069567,534155,-1603514,208,0
46801,913934,-960736,-1,70173,1378749,-1447876,1046,0
-9101,125454,-115705,648,-120866,1471545,-1349842,837,0
-113105,-14951,131304,3248,-1322192,-168417,1491026,417,0
30000,30000,30000,90000,60000,60000,60000,180000,1
228808,-694877,468017,1948,525357,-1602467,1076689,-421,0
-453717,517419,-62403,1299,-1312766,1498148,-184336,1046,0
-287961,1048489,-759879,649,-434237,1581099,-1146026,836,0
-791080,-215159,1010787,4548,-1216618,-334528,1551773,627,0
-226859,690975,-463468,648,-527034,1603094,-1075014,1046,0
-1075791,392614,685775,2598,-1613150,587570,1026416,836,0
-46802,-587623,636373,1948,-109345,-1356965,1466099,-211,0
-5587,3559,2027,-1,-16133,10279,5853,-1,1
904183,67602,-969187,2598,1362410,99080,-1461282,208,0
-1000388,195007,808630,3249,-1538996,297451,1242173,628,0
646,-457,-188,1,1223,-866,-357,0,1
-1053040,648074,406265,1299,-1618386,997508,622133,1255,0
6429,3304,-9733,0,18369,9441,-27810,0,1
-793030,1036138,-241160,1948,-1194623,1562247,-366368,1256,0
0,0,0,0,0,0,0,0,1
-1077091,411465,668225,2599,-1617549,617106,1001279,836,0
298361,-966587,670175,1949,490166,-1594716,1103711,-839,0
-1031589,261959,774829,5199,-1569579,396322,1174722,1465,0
-131955,-863233,1001037,5849,-202351,-1302502,1505061,208,0
-373765,1056939,-682526,648,-569766,1611054,-1040242,1046,0
-3673,-1888,5562,1,-10608,-5452,16060,0,1
-48102,-464118,512869,649,-140347,-1339369,1479715,-1,0
30000,30000,30000,90000,60000,60000,60000,180000,1
695526,-959436,264559,649,1143930,-1581729,437588,-211,0
470,-642,172,0,890,-1215,325,0,1
12350,-128055,118304,2599,122960,-1472384,1349004,-420,0
37701,909384,-947086,-1,56138,1386290,-1441173,1255,0
1078390,-430317,-646125,1948,1622365,-650204,-972373,-212,0
578521,-986737,409515,1299,950168,-1625927,675339,-420,0
-250260,1040038,-789130,648,-376213,1565179,-1188130,836,0
-310712,-392615,707226,3899,-719958,-909740,1629697,-1,0
30000,30000,30000,90000,60000,60000,60000,180000,1
134,-29,-105,0,15534,-3396,-12138,0,1
-114,129,-14,1,-13214,14922,-1707,1,1
-924985,957485,-31852,648,-1387548,1439705,-50483,1674,0
27059,43045,-70105,-1,43295,68873,-112169,-1,1
30000,30000,30000,90000,60000,60000,60000,180000,1
93603,46151,-137156,2598,1063702,541696,-1604980,418,0
0,0,0,0,0,0,0,0,1
-57206,-7391,64597,0,-91529,-11826,103355,0,1
596722,26650,-624674,-1302,1381053,64727,-1445362,418,0
339312,725427,-1063440,1299,510903,1088629,-1598487,1045,0
294461,-566822,273660,1299,845431,-1633469,787617,-421,0
703976,247659,-954236,-2601,1165715,407424,-1573140,-1,0
-304212,-3251,309411,1948,-1407238,-13826,1421272,208,0
-37609,224447,-186838,0,-48670,290462,-241791,1,1
4550,486218,-492719,-1951,10054,1409960,-1419178,836,0
-1053040,647424,406915,1299,-1618596,995833,623809,1046,0
10400,850881,-861283,-2,16338,1406818,-1422320,836,0
-170957,551220,-380915,-652,-496241,1596181,-1099313,627,0
0,0,0,0,0,0,0,0,1
1006237,-866483,-137156,2598,1506527,-1300197,-207169,-839,0
-1075791,654574,425765,4548,-1620481,983893,637844,1256,0
44,-510,466,0,1281,-14742,13461,0,1
-666275,-378315,1049139,4549,-1028092,-584848,1613149,209,0
455667,600622,-1056290,-1,704037,924612,-1628022,627,0
-1073841,572671,505718,4548,-1631583,869102,763737,1256,0
-9868,5607,4261,0,-28197,16020,12176,-1,1
-125617,-114716,240333,0,-162563,-148456,311020,1,1
789129,219058,-1006888,1299,1217455,334527,-1551355,627,0
-9868,4261,5607,0,-28197,12176,16020,-1,1
-667576,1059539,-390015,1948,-1018038,1615453,-596160,1255,0
-352314,203457,148855,-2,-1625509,946188,680576,1255,0
397814,-548621,152105,1298,1144558,-1581729,436750,-421,0
-557721,360113,198257,649,-1610636,1039612,571650,626,0
-1043940,358813,687725,2598,-1606447,551332,1055742,627,0
511569,-991288,480367,648,840194,-1633469,793063,-212,0
367,188,-556,-1,10608,5452,-16060,0,1
0,122,-122,0,0,14145,-14145,0,1
674075,-1065390,395214,3899,1017618,-1615663,598044,-1,0
139105,-41602,-95554,1949,1589059,-468381,-1120889,-211,0
141,-70,-70,1,16334,-8167,-8167,0,1
-370514,978286,-609073,-1301,-611870,1617967,-1005679,418,0
-228649,178664,49985,0,-295899,231212,64686,-1,1
1077090,-651325,-425116,649,1621528,-982008,-639521,-1,0
-1409,801,608,0,-16283,9251,7032,0,1
414715,-1079041,667575,3249,618572,-1618805,1000232,-1,0
-137156,-841782,980886,1948,-212196,-1296636,1508622,-210,0
-413416,1075140,-661725,-1,-622763,1619642,-995834,1045,0
-1073841,496618,579821,2598,-1631164,754520,878109,1465,0
2568,3080,-5649,-1,7415,8896,-16311,0,1
1064089,-717627,-345163,1299,1600790,-1081299,-519912,-421,0
5587,-3559,-2027,1,16133,-10279,-5853,1,1
-254160,-85804,341912,1948,-1177446,-391295,1568950,209,0
530419,-1076441,549270,3248,800814,-1633887,832863,-210,0
302911,728027,-1030939,-1,468590,1121516,-1588851,1255,0
431,221,-653,-1,817,420,-1237,0,1
-31852,-104004,137805,1949,-381660,-1184569,1566227,-2,0
-5040,296,4744,0,-14553,854,13698,-1,1
443,4661,-5105,-1,1281,13461,-14742,0,1
135855,-30552,-104004,1299,1554287,-343536,-1210962,-211,0
649374,-85804,-564872,-1302,1501919,-195857,-1306272,-210,0
-120,124,-3,1,-13927,14354,-427,0,1
126,-7,-118,1,14553,-854,-13698,1,1
-204758,-809931,1019238,4549,-312324,-1232328,1545070,418,0
293160,-566172,274310,1298,842080,-1633678,790968,-630,0
6999,-9562,2562,-1,19999,-27320,7320,-1,1
-783930,-256110,1043939,3899,-1180379,-386897,1567693,417,0
371163,183306,-555121,-652,1071662,531851,-1602885,628,0
55902,83853,-137806,1949,628627,991434,-1619434,627,0
398464,-547971,150155,648,1148119,-1580472,431723,-630,0
-62403,139755,-75403,1949,-740486,1631792,-890259,1047,0
741677,316561,-1055640,2598,1116698,473827,-1590108,417,0
-156656,-517420,677325,3249,-364064,-1196927,1560990,-1,0
333462,-1062790,732577,3249,497916,-1596601,1098474,-211,0
-1058240,750778,308111,649,-1586547,1128219,459373,1045,0
-1044590,275610,774829,5849,-1574188,412242,1162992,1046,0
30000,30000,30000,90000,60000,60000,60000,180000,1
1077740,-431617,-644175,1948,1622994,-653346,-969650,-2,0
-45502,950985,-904834,649,-69126,1448503,-1378121,1256,0
-174207,-840482,1018588,3899,-262889,-1265006,1527893,-2,0
892483,90353,-980887,1949,1343348,133015,-1475736,627,0
-9145,1292,7853,0,-26131,3691,22439,-1,1
-537,117,420,0,-15534,3396,12138,0,1
30000,30000,30000,90000,60000,60000,60000,180000,1
-1033539,809280,224908,649,-1551146,1217874,334737,1465,0
-224909,-783930,1011437,2598,-346259,-1209705,1555753,-211,0
-214212,201630,12582,0,-277216,260933,16283,0,1
30000,30000,30000,90000,60000,60000,60000,180000,1
-347114,225558,122204,648,-1607703,1051762,556778,837,0
120,-124,3,-1,13927,-14354,427,0,1
-524570,-463468,989987,1949,-864704,-767299,1632420,417,0
143655,-72153,-68903,2599,1633049,-820296,-812964,-211,0
990637,-826831,-162507,1299,1522656,-1273385,-249692,-421,0
-501819,475817,26000,-2,-1449970,1376445,74781,1256,0
530419,528469,-1059540,-652,819457,814220,-1632840,837,0
437,946,-1383,0,5047,10929,-15977,-1,1
102053,35751,-134556,3248,1155451,422087,-1577120,418,0
-119605,993237,-871683,1949,-180985,1496891,-1314861,1045,0
-239675,103501,136173,-1,-310167,133943,176224,0,1
36401,908734,-946436,-1301,56348,1385871,-1441382,837,0
226858,-349714,125454,2598,1039403,-1611264,571232,-629,0
-287311,-750129,1043289,5849,-439893,-1142465,1582566,208,0
-114405,-232059,349063,2599,-533318,-1070825,1603513,-630,0
989987,-826831,-161857,1299,1522447,-1273594,-249064,-211,0
-8451,-851532,861932,1949,-14873,-1407447,1421900,-420,0
458917,622723,-1079691,1949,690631,937180,-1626556,1255,0
379614,-1061490,686425,4549,571232,-1611264,1040241,209,0
0,0,0,0,0,0,0,0,1
-301,663,-362,0,-571,1256,-685,0,1
30000,30000,30000,90000,60000,60000,60000,180000,1
-1069941,703326,367913,1298,-1606447,1056580,551122,1255,0
876882,-958786,84503,2599,1345443,-1474898,129244,-211,0
0,0,0,0,0,0,0,0,1
-694877,956835,-263260,-1302,-1145816,1581309,-434028,1465,0
430316,-536271,106603,648,1235888,-1543186,306877,-421,0
768978,-1053690,287310,2598,1149795,-1580053,429837,-421,0
30000,30000,30000,90000,60000,60000,60000,180000,1
980236,-875583,-103354,1299,1487046,-1329105,-158152,-211,0
-81254,979586,-897684,648,-122123,1472174,-1349214,837,0
-670826,138455,533019,648,-1546118,319026,1227719,627,0
-256,564,-308,0,-7415,16311,-8896,0,1
-981537,364663,616873,-1,-1615035,599510,1016570,1045,0
30000,30000,30000,90000,60000,60000,60000,180000,1
30000,30000,30000,90000,60000,60000,60000,180000,1
-738,-674,1413,1,-8534,-7793,16328,1,1
-211258,-479068,691625,1299,-488072,-1106016,1593877,-211,0
0,0,0,0,0,0,0,0,1
135205,406915,-542771,-651,388362,1180169,-1567904,627,0
-5201,-302912,310711,2598,-27860,-1400744,1427975,-629,0
-1075,1333,-257,1,-12420,15397,-2976,1,1
-722178,-338013,1066039,5848,-1087792,-510904,1598905,209,0
-469,642,-172,1,-889,1215,-325,1,1
-576572,641574,-63053,1949,-1332247,1484323,-150821,1255,0
-642,-770,1412,0,-7415,-8896,16311,0,1
-400,-146,546,0,-11550,-4227,15777,0,1
-91004,137805,-46152,649,-1058885,1606864,-547353,626,0
24050,927584,-950986,648,35610,1396973,-1431746,837,0
566,17,-584,-1,1073,32,-1106,-1,1
174206,-681226,508319,1299,400721,-1572093,1170742,-630,0
141313,97786,-239099,0,182875,126546,-309422,-1,1
544720,-666275,121554,-1,1253065,-1534388,281112,-211,0
30000,30000,30000,90000,60000,60000,60000,180000,1
785879,243109,-1027039,1949,1194203,368043,-1561829,417,0
295,269,-565,-1,8534,7793,-16328,-1,1
36401,909384,-946436,-651,54253,1387128,-1440335,1046,0
1052389,-644825,-405616,1948,1619014,-994577,-625067,-630,0
-419916,-656525,1080340,3899,-631770,-988502,1620480,208,0
-68253,887933,-820331,-651,-113116,1468403,-1354451,836,0
642224,438766,-1079691,1299,966506,657115,-1622995,626,0
-5818,-4026,9845,1,-16625,-11504,28129,0,1
-297712,963986,-668876,-2602,-490586,1595134,-1103712,836,0
1012087,-824231,-184607,3249,1534806,-1252228,-282579,-1,0
-590223,-479068,1075140,5849,-899476,-730851,1630535,208,0
-328263,52001,278860,2598,-1518887,240893,1278830,836,0
-800180,-232059,1036788,4549,-1205306,-351286,1557219,627,0
826830,196957,-1023139,648,1245315,293052,-1537530,837,0
-432267,-98154,532369,1948,-1249924,-284883,1535434,627,0
-9868,5607,4261,0,-28197,16020,12176,-1,1
978286,-365314,-614924,-1952,1615662,-602863,-1013010,-211,0
1320,-5423,4103,0,3813,-15661,11848,0,1
-559671,206057,354263,649,-1614406,594274,1020550,418,0
914584,-967887,55902,2599,1370998,-1454788,83160,-630,0
-986087,107254,884683,5850,-1486209,157942,1329313,1046,0
504,-474,-29,1,14553,-13698,-854,1,1
-361414,-344513,708526,2599,-833702,-799348,1633049,-1,0
-353614,181356,172906,648,-1632421,840613,793063,1255,0
-42902,136505,-93604,-1,-504411,1598276,-1092610,1255,0
93603,-141056,48751,1298,1060350,-1606447,545676,-421,0
960085,-923685,-34452,1948,1439705,-1387967,-52369,-631,0
-174,553,-378,1,-5047,15977,-10929,1,1
-353614,181356,172906,648,-1632631,840194,793273,836,0
-304212,-1951,308761,2598,-1408914,-10474,1419596,208,0
34451,-136506,104653,2598,374746,-1564343,1189176,-421,0
-541,1402,-860,1,-6250,16194,-9943,1,1
61102,-968537,910684,3249,90911,-1458140,1367018,-211,0
-633774,586321,46801,-652,-1461910,1361572,101803,1465,0
-649375,-322413,973086,1298,-1069987,-533527,1603722,208,0
-1001688,198257,807330,3899,-1540672,302269,1239030,627,0
-18862,-198133,216996,1,-24410,-256407,280818,1,1
329562,-707227,380914,3249,756405,-1632631,875595,-631,0
587622,395864,-982837,649,970696,652507,-1622576,627,0
969186,-111155,-856083,1948,1493121,-173863,-1319259,-1,0
646,-188,-457,1,1223,-357,-866,0,1
-70710,35355,35355,0,-113137,56568,56568,-1,1
-1085541,564221,524569,3249,-1632421,846898,786569,1046,0
46151,-139756,96853,3248,501896,-1597649,1094913,-840,0
985436,-104004,-882084,-652,1487256,-158781,-1328267,208,0
-141313,-97786,239099,0,-182875,-126546,309422,1,1
-201508,351013,-147556,1949,-937391,1627393,-688747,1255,0
178756,374414,-554471,-1301,515302,1084859,-1599743,418,0
-341263,-722178,1067339,3898,-512580,-1087164,1599533,-211,0
-685776,191757,495968,1949,-1582357,442615,1140369,627,0
101403,-137806,38351,1948,1151261,-1579634,427743,-630,0
0,0,0,0,0,0,0,0,1
-20151,-110505,133905,3249,-256186,-1268986,1525170,-2,0
103,516,-620,-1,196,978,-1175,-1,1
1054339,-432917,-621424,-2,1624460,-668637,-956243,-420,0
-1025739,823580,204107,1948,-1540672,1239240,302478,1046,0
-1073841,689025,386764,1948,-1611474,1034795,577725,1046,0
-128705,347763,-217759,1299,-598673,1615872,-1016571,628,0
36946,-70686,33740,0,59113,-113098,53984,-1,1
-351664,205407,148205,1948,-1625090,949958,676387,1255,0
453066,243109,-695527,648,1046106,563272,-1608960,418,0
-223609,347763,-122205,1949,-1036052,1612101,-575212,837,0
846331,19500,-866483,-652,1398439,31420,-1429442,417,0
770278,-1019239,250259,1298,1182263,-1567485,384801,-421,0
11700,115054,-126105,649,130920,1345024,-1475107,837,0
-973087,94903,884033,5849,-1479506,141603,1338739,836,0
41601,-508970,469317,1948,115000,-1468823,1353612,-211,0
-23401,929534,-904834,1299,-36030,1433002,-1395508,1464,0
1064089,-716977,-345163,1949,1600999,-1080880,-520540,-421,0
332,-562,230,0,9600,-16244,6643,-1,1
980236,-874933,-103354,1949,1487256,-1328895,-158781,-420,0
-5201,-302912,310711,2598,-27860,-1400954,1427975,-839,0
-627274,31201,599972,3899,-1446619,68288,1379168,837,0
332,-562,230,0,9600,-16244,6643,-1,1
-946436,217108,730627,1299,-1557849,355684,1203211,1046,0
247659,-344513,99453,2599,1132828,-1586128,452461,-839,0
30000,30000,30000,90000,60000,60000,60000,180000,1
-83204,524569,-442017,-652,-242570,1520562,-1277155,837,0
632,-493,-138,1,1197,-935,-261,1,1
-169657,550570,-381565,-652,-493518,1595762,-1101408,836,0
-241160,-709827,952935,1948,-398836,-1172419,1571254,-1,0
35751,-136506,104003,3248,380611,-1566228,1184986,-631,0
-102054,-554471,658474,1949,-236495,-1281554,1517839,-210,0
3250,487518,-490769,-1,8169,1411008,-1418131,1046,0
-353614,182006,172906,1298,-1632421,842499,790968,1046,0
-1144,1291,-147,0,-13214,14922,-1707,1,1
457,59,-516,0,13214,1707,-14922,-1,1
361413,344512,-705927,-2,834539,798928,-1632840,627,0
0,-122,122,0,0,-14145,14145,0,1
306161,1950,-306812,1299,1405980,16548,-1422530,-2,0
-564222,1084890,-521320,-652,-847946,1633468,-784476,1046,0
-98804,135855,-35102,1949,-1153776,1578376,-423135,1465,0
-872333,957485,-82554,2598,-1343558,1476363,-131340,1465,0
-39652,957485,-917835,-2,-59281,1443895,-1383358,1256,0
986086,-104004,-882084,-2,1487465,-159200,-1327848,417,0
352963,-208008,-144956,-1,1625508,-950588,-675340,-420,0
27059,43045,-70105,-1,43295,68873,-112169,-1,1
-46802,-464768,512219,649,-137624,-1341045,1478458,-211,0
-92003,238359,-146356,0,-119063,308465,-189402,0,1
-9625,6814,2811,0,-27502,19469,8033,0,1
697476,-245710,-451117,649,1609378,-565786,-1044012,-420,0
30000,30000,30000,90000,60000,60000,60000,180000,1
-1088141,547320,543420,2599,-1632631,821132,812544,1045,0
-443,-4661,5105,1,-1281,-13461,14742,0,1
429666,-536271,107254,649,1234422,-1543814,308972,-420,0
-969837,62402,911984,4549,-1457511,91330,1366809,628,0
457,59,-516,0,13214,1707,-14922,-1,1
544720,-665625,122854,1949,1253694,-1533969,279855,-420,0
-171607,678625,-505719,1299,-399674,1572092,-1171372,1046,0
-670826,137155,534320,649,-1545281,316722,1229395,836,0
-32502,-102704,137155,1949,-388782,-1179751,1568112,-421,0
-732578,-297712,1032888,2598,-1126754,-460631,1587384,-1,0
-2164,-3443,5608,1,-6250,-9943,16194,1,1
0,575,-575,0,0,1090,-1090,0,1
436816,641574,-1078391,-1,659210,964831,-1623414,627,0
-9145,1292,7853,0,-26131,3691,22439,-1,1
0,0,0,0,0,0,0,0,1
927584,-958136,32501,1949,1389432,-1438240,48388,-420,0
-5639,3204,2435,0,-16283,9251,7032,0,1
-388715,-594123,982836,-2,-640987,-980752,1621528,-211,0
-234009,-113105,348413,1299,-1081508,-519074,1600580,-2,0
-494019,-589573,1087490,3898,-743629,-887536,1631373,208,0
-684476,1070590,-384815,1299,-1030397,1613358,-581497,1464,0
354263,-158606,-194358,1299,1629697,-726452,-903666,-421,0
0,575,-575,0,0,1090,-1090,0,1
533019,134555,-668226,-652,1231280,313790,-1544443,627,0
-531720,-137806,672125,2599,-1226254,-320913,1547165,-2,0
-102054,341912,-238559,1299,-478646,1592411,-1112719,1046,0
-57206,64597,-7391,0,-91529,103355,-11826,0,1
30000,30000,30000,90000,60000,60000,60000,180000,1
-566172,285360,281460,648,-1632631,823856,810030,1255,0
559670,-208658,-352314,-1302,1615034,-598673,-1016571,-210,0
453716,533019,-988038,-1303,752006,880204,-1631374,836,0
-272361,-59803,333462,1298,-1258512,-272106,1530616,-2,0
533019,-1075791,546670,3898,804165,-1633887,829511,-211,0
-607123,615573,-7151,1299,-1402839,1425671,-21367,1465,0
248309,-344513,98803,2599,1134713,-1585290,449947,-630,0
-977637,79952,900933,3248,-1469661,118980,1351308,627,0
1205,37,-1242,0,13927,427,-14354,0,1
-971137,115054,858682,2599,-1492912,174700,1319258,1046,0
332,-562,230,0,9600,-16244,6643,-1,1
-939286,741677,196307,-1302,-1547794,1225624,323216,1046,0
-2310,9491,-7180,1,-6602,27119,-20516,1,1
-382215,-664325,1049789,3249,-588828,-1025160,1613987,-1,0
-73,141,-67,1,-8534,16328,-7793,1,1
-9101,126104,-115055,1948,-127360,1474268,-1346281,627,0
34451,287310,-319812,1949,153334,1332246,-1484533,1047,0
-45922,-23603,69526,1,-73476,-37765,111242,1,1
-286661,-750779,1042639,5199,-438217,-1143721,1582147,209,0
93603,46151,-137806,1948,1060769,545257,-1605609,417,0
-328913,51351,278860,1298,-1518259,239427,1279668,836,0
215808,-1018589,807330,4549,323216,-1548842,1225415,-211,0
-1077091,396514,682525,1948,-1613988,593017,1021807,836,0
44201,92953,-135856,1298,504829,1093028,-1597439,418,0
0,0,0,0,0,0,0,0,1
581121,-1060190,481018,1949,890049,-1631583,740904,-630,0
-504,474,29,-1,-14553,13698,854,-1,1
849581,-1010138,163156,2599,1276736,-1521191,244664,209,0
0,0,0,0,0,0,0,0,1
-656,238,418,0,-1243,451,792,0,1
-521970,-549921,1077090,5199,-794321,-838729,1633468,418,0
-54603,-889884,947085,2598,-84627,-1370790,1454997,-420,0
-390,-270,661,1,-739,-511,1251,1,1
394564,-1074491,682525,2598,589665,-1614406,1024530,-211,0
0,0,0,0,0,0,0,0,1
192407,160556,-351014,1949,880204,752006,-1631374,836,0
-602573,-453717,1060189,3899,-926708,-701315,1628021,-2,0
2164,3443,-5608,-1,6250,9943,-16194,-1,1
-822281,989987,-165107,2599,-1267101,1526636,-257861,1674,0
61102,-967887,910684,3899,89654,-1457511,1367647,-210,0
638323,-1082941,447216,2598,954776,-1625509,670312,-421,0
-759229,-169657,930834,1948,-1252438,-281532,1534387,417,0
-63003,59302,3700,-1,-100805,94884,5921,0,1
-9777,6229,3547,-1,-27936,17799,10136,-1,1
-83204,525219,-441367,648,-244246,1521400,-1275899,1255,0
-289261,-31202,321762,1299,-1337484,-142442,1480343,417,0
722177,341912,-1062790,1299,1086953,512579,-1599115,417,0
9414,-2058,-7356,0,26899,-5880,-21019,0,1
458917,598022,-1056940,-1,708227,921051,-1628441,837,0
879482,-995838,118304,1948,1318002,-1495007,176585,-420,0
386114,595422,-982187,-651,638472,983055,-1620900,627,0
0,0,0,0,0,0,0,0,1
-69840,44499,25340,-1,-111744,71199,40544,-1,1
-791080,1023138,-230109,1949,-1203840,1558267,-352543,1884,0
-141,70,70,-1,-16334,8167,8167,0,1
5040,-4744,-296,0,14553,-13698,-854,1,1
-55903,-889234,947735,2598,-86722,-1369323,1455835,-210,0
63702,-642225,579821,1298,145374,-1482020,1336435,-211,0
-985437,106603,884683,5849,-1486209,157313,1329523,627,0
-60290,62141,-1850,1,-96465,99426,-2961,0,1
-566,-17,584,1,-1073,-32,1106,1,1
784579,243759,-1027039,1299,1192946,369719,-1562248,417,0
-33802,-288611,324362,1949,-157105,-1329733,1486627,-211,0
726077,323712,-1048490,1299,1103711,490794,-1594088,417,0
1060189,-330213,-729978,-2,1595553,-497079,-1099104,-630,0
-510270,987386,-478418,-1302,-842500,1633677,-790131,1046,0
290560,-1049790,762478,3248,434027,-1581100,1146862,-211,0
-132,542,-410,0,-3813,15661,-11848,0,1
-4494,-5391,9885,0,-12840,-15404,28245,1,1
429666,-535621,107254,1299,1235679,-1543186,307086,-421,0
-363364,-342563,708526,2599,-838520,-794321,1633049,208,0
30000,30000,30000,90000,60000,60000,60000,180000,1
-663675,1073840,-407566,2599,-1001699,1618385,-615431,1255,0
-649375,83203,568771,2599,-1500244,192295,1308785,836,0
-37609,-186838,224447,0,-48670,-241791,290462,1,1
705926,-394565,-311362,-1,1629278,-910369,-719330,-421,0
135855,-31202,-104004,649,1553658,-341232,-1212638,-212,0
-652625,-319162,971786,-1,-1074386,-528291,1602675,-2,0
-934085,31851,905483,3249,-1436564,46293,1390898,627,0
0,0,0,0,0,0,0,0,1
143005,209307,-349064,3248,653135,970277,-1622785,627,0
349713,-228809,-120255,649,1608750,-1048411,-560759,-420,0
-263260,-436167,701376,1949,-608309,-1008821,1616919,-211,0
157305,518069,-674726,648,361549,1199231,-1559944,836,0
-98804,135855,-35752,1299,-1152938,1578795,-424811,1046,0
-147556,919134,-774180,-2602,-243617,1520981,-1276527,837,0
-7801,615573,-606473,1299,-20529,1425252,-1403886,837,0
1055639,-705277,-349064,1298,1603303,-1071663,-531852,-212,0
-427717,1053039,-624674,648,-659211,1624670,-963784,1675,0
566821,-287311,-279511,-1,1633049,-826161,-807308,-420,0
-134,29,105,0,-15534,3396,12138,0,1
182813,-226626,43812,-1,236582,-293281,56698,-1,1
-83,-57,140,0,-9600,-6643,16244,1,1
-481019,497268,-15601,648,-1388595,1439077,-49227,1255,0
-839182,-157306,1002987,6499,-1277574,-241732,1520143,837,0
976336,-79303,-897034,-1,1470917,-120657,-1350052,208,0
-650025,85153,568771,3899,-1500872,193552,1307737,417,0
349713,-228809,-119605,1299,1608121,-1050925,-558036,-840,0
11061,-66014,54952,-1,17698,-105622,87924,0,1
-11061,66014,-54952,1,-17698,105622,-87924,0,1
254809,-565522,311361,648,730850,-1630955,899894,-211,0
-846332,1010137,-161857,1948,-1274432,1522238,-245921,1885,0
622723,-1083591,464117,3249,930896,-1628441,697125,-420,0
-820331,991287,-168357,2599,-1264587,1527893,-262051,1255,0
-18862,-198133,216996,1,-24410,-256407,280818,1,1
180056,373764,-555121,-1301,517188,1083183,-1600162,209,0
-1056290,435516,623373,2599,-1624461,668427,956871,837,0
-245060,341262,-95554,648,-1136390,1584660,-447225,1045,0
-564222,323062,241809,649,-1627184,932991,695239,1046,0
287960,751428,-1038739,649,438007,1144139,-1581310,836,0
-371164,1066689,-695527,-2,-559712,1609378,-1048830,836,0
-189808,-163807,355563,1948,-880205,-751379,1631582,-2,0
1054339,-340613,-711127,2599,1600580,-519912,-1080880,-212,0
-1062790,720877,345162,3249,-1599743,1083602,517188,1047,0
142355,208657,-349064,1948,653135,970277,-1622785,627,0
0,0,0,0,0,0,0,0,1
-429667,1053689,-622074,1948,-663610,1625089,-960223,1256,0
919134,-921085,3250,1299,1412264,-1416874,3979,-631,0
-33,-102,135,0,-3813,-11848,15661,0,1
-67603,887933,-819681,649,-112697,1468194,-1354660,837,0
-1084891,469967,617523,2599,-1627813,705504,923355,1046,0
-689676,481018,209957,1299,-1591574,1112090,480320,836,0
-48752,-463468,513519,1299,-142232,-1338321,1480343,-210,0
-367914,976986,-611673,-2601,-607471,1617548,-1009030,1047,0
999,-1366,366,-1,11549,-15777,4227,-1,1
0,0,0,0,0,0,0,0,1
85803,-980887,898333,3249,126102,-1473641,1347747,208,0
-109205,-880783,991937,1949,-163808,-1325753,1489350,-211,0
-11,-116,127,0,-1281,-13461,14742,0,1
485568,9750,-496619,-1301,1399277,29954,-1429023,208,0
738,674,-1413,-1,8534,7793,-16328,-1,1
671475,-1075141,406915,3249,1005887,-1617968,611660,-421,0
-131955,105303,30551,3899,-1550727,1219131,332852,1256,0
141705,209307,-349064,1948,648527,974257,-1622157,627,0
-83,-57,140,0,-9600,-6643,16244,1,1
1045239,-273661,-770929,649,1575444,-413709,-1161317,418,0
-939936,919134,22750,1948,-1428604,1399696,30792,1884,0
-390,-270,661,1,-739,-511,1251,1,1
50701,-328913,281460,3248,225811,-1514279,1288047,-421,0
-648725,81903,569421,2599,-1499197,189782,1310251,836,0
-301,-362,663,0,-571,-685,1256,0,1
-298362,312661,-12351,1948,-1377912,1448503,-69126,1465,0
0,0,0,0,0,0,0,0,1
141055,-90354,-49402,1299,1612311,-1031863,-580868,-420,0
978286,-877533,-100104,649,1484951,-1332037,-152916,-2,0
537570,-424466,-113105,-1,1549469,-1221645,-328244,-420,0
-842432,-170307,1017288,4549,-1267101,-258280,1525589,208,0
-589573,-392615,984786,2598,-972792,-649785,1622784,207,0
-222115,190735,31380,0,-287443,246833,40610,0,1
-253510,-87104,342562,1948,-1172210,-398418,1571045,417,0
-8008,-1034,9043,1,-22882,-2956,25838,0,1
1084240,-562922,-521970,-652,1632839,-847318,-785942,-421,0
-565522,285360,281460,1298,-1632840,824693,809192,1045,0
656,-238,-418,0,1243,-451,-792,0,1
625323,-28602,-597373,-652,1445780,-65356,-1380426,-2,0
-390,661,-270,1,-739,1251,-511,1,1
-132605,104653,30551,2599,-1551565,1217245,335575,1255,0
482,-497,14,-1,13927,-14354,427,0,1
648074,324362,-971787,649,1070405,532898,-1603095,208,0
-839832,873632,-35102,-1302,-1383568,1443895,-58862,1465,0
963336,-289911,-674726,-1301,1591573,-479693,-1112091,-211,0
143005,208657,-349064,2598,651879,971324,-1622576,627,0
-697477,245709,453716,1948,-1609170,566204,1043802,836,0
30000,30000,30000,90000,60000,60000,60000,180000,1
-5818,9845,-4026,1,-16625,28129,-11504,0,1
2568,-5649,3080,-1,7415,-16311,8896,0,1
156137,80252,-236390,-1,202060,103856,-305917,-1,1
30000,30000,30000,90000,60000,60000,60000,180000,1
314611,390664,-704627,648,726870,903665,-1629698,837,0
276910,-1025089,750778,2599,422715,-1578168,1154822,-631,0
70492,-40050,-30441,1,112788,-64081,-48706,1,1
-1073191,496618,579821,3248,-1631164,754101,878528,1465,0
-987387,568121,419265,-1,-1626765,937180,690840,1255,0
928884,-956836,30551,2599,1391527,-1436774,44827,-420,0
-987387,109854,883383,5850,-1487676,161503,1327218,1045,0
-367,556,-188,1,-10608,16060,-5452,0,1
-110,-1165,1276,1,-1281,-13461,14742,0,1
65328,-9229,-56098,1,104525,-14767,-89757,1,1
167056,-1014038,848931,1949,248853,-1522657,1273803,-1,0
-2164,-3443,5608,1,-6250,-9943,16194,1,1
1144,-1291,147,0,13214,-14922,1707,-1,1
-2955,5654,-2699,0,-8534,16328,-7793,1,1
549270,-394565,-155356,-651,1584660,-1134924,-450157,-421,0
-80604,978936,-897684,648,-120657,1471545,-1350052,836,0
1024438,-276911,-747529,-2,1578376,-426487,-1151891,-2,0
1085540,-546021,-540821,-1302,1633258,-821343,-812126,-211,0
-902884,-65653,973086,4549,-1360316,-101595,1462538,627,0
635723,-590873,-44202,648,1463585,-1360107,-104318,-840,0
22750,928884,-950336,1298,34144,1397811,-1430908,1047,0
-2164,5608,-3443,1,-6250,16194,-9943,1,1
-169999,232224,-62224,1,-219999,300525,-80525,1,1
-420566,700726,-278211,1949,-974467,1622994,-647481,1046,0
1075140,-393265,-679926,1949,1614405,-592389,-1022018,-2,0
379614,668875,-1045890,2599,584847,1028720,-1612731,836,0
945785,-936036,-7151,2598,1420224,-1409123,-11521,-420,0
1060189,-579172,-477768,3249,1630535,-894239,-736716,-420,0
-1052390,343862,714376,5848,-1600372,519911,1081507,1046,0
-1320,5423,-4103,0,-3813,15661,-11848,0,1
-1748,-3785,5533,0,-5047,-10929,15977,1,1
179406,374414,-554471,-651,516769,1083602,-1599953,418,0
-164457,-762479,928234,1298,-270430,-1259979,1530407,-2,0
-353614,181356,172906,648,-1632421,842708,790759,1046,0
-167057,1012087,-845682,-652,-250949,1523704,-1271919,836,0
-650675,85153,568771,3249,-1500244,193133,1308156,1045,0
787179,242459,-1027039,2599,1195041,366786,-1561200,627,0
-891184,-89704,984136,3248,-1341045,-136158,1477829,626,0
-524570,76702,447866,-2,-1511555,220993,1291189,627,0
-632,138,493,-1,-1197,261,935,-1,1
1083590,-509620,-573322,648,1632211,-769394,-863028,-211,0
121554,2600,-122855,1299,1393412,41266,-1434469,209,0
-296412,963986,-669526,-1952,-489748,1594715,-1104341,626,0
27951,-931485,906133,2599,40009,-1434469,1394459,-1,0
54,-140,86,0,6250,-16194,9943,-1,1
50000,18301,-68301,0,80000,29282,-109282,0,1
787829,241159,-1026389,2599,1196298,365110,-1560781,627,0
104003,553170,-656525,648,239636,1280297,-1518677,1256,0
3999,-5464,1464,-1,11549,-15777,4227,-1,1
-194500,219631,-25130,1,-251707,284228,-32521,0,1
5379,-1176,-4203,0,15534,-3396,-12138,0,1
-1010138,824230,188507,2599,-1534178,1252018,283835,1675,0
284060,-327613,44851,1298,1304595,-1504224,199208,-421,0
900933,-975687,78002,3248,1352565,-1469661,116885,-211,0
724127,338662,-1061490,1299,1090724,507552,-1597858,418,0
-120,-3,124,1,-13927,-427,14354,0,1
535620,547970,-1083591,-1,809402,824275,-1633050,627,0
-1025089,824230,203457,2598,-1540463,1239868,301850,1255,0
-337363,78002,260659,1298,-1560572,364273,1196717,418,0
-139756,59802,80603,649,-1628022,706341,922727,1046,0
564871,-324363,-239859,649,1627183,-934249,-693355,-421,0
-2601,-939936,944485,1948,-3980,-1412894,1416873,-1,0
-297712,-751429,1054339,5198,-450367,-1134714,1585079,-2,0
1084240,-619474,-462168,2598,1627602,-932363,-695450,-211,0
-1075,1333,-257,1,-12420,15397,-2976,1,1
-542771,662374,-117005,2598,-1255161,1532921,-276295,1465,0
566,-584,17,-1,1073,-1106,32,-1,1
180056,373764,-555121,-1301,517607,1082973,-1600162,418,0
156655,-353614,198907,1948,715977,-1629907,913510,-420,0
614,-527,-86,1,1162,-998,-164,0,1
73,-141,67,-1,8534,-16328,7793,-1,1
-329563,52001,278860,1298,-1519515,242359,1277992,836,0
65652,75402,-139106,1948,742580,888792,-1630745,627,0
977636,-81904,-895734,-2,1472383,-124427,-1347957,-1,0
0,0,0,0,0,0,0,0,1
-349714,131304,220358,1948,-1616711,609774,1007354,417,0
30000,30000,30000,90000,60000,60000,60000,180000,1
5587,-3559,-2027,1,16133,-10279,-5853,1,1
466717,-694877,230758,2598,1073128,-1603304,529756,-420,0
53768,-66654,12885,-1,86030,-106647,20617,0,1
92953,45501,-137156,1298,1062026,543791,-1605399,418,0
0,0,0,0,0,0,0,0,1
91653,436816,-527820,649,262678,1265424,-1527475,627,0
-1053690,707876,350363,4549,-1602048,1074804,528499,1255,0
313961,656524,-969187,1298,516978,1083392,-1600162,208,0
-543421,1083590,-540171,-2,-818829,1633886,-813802,1255,0
-295,-269,565,1,-8534,-7793,16328,1,1
646774,-1053690,409515,2599,991434,-1620272,628208,-630,0
143005,-63053,-78003,1949,1628231,-706133,-922518,-420,0
-47452,326312,-276911,1949,-226650,1514696,-1287210,836,0
-568122,-80604,650674,1948,-1311090,-187060,1498567,417,0
1064739,-350364,-711777,2598,1603094,-531433,-1072291,-630,0
-932785,9100,929534,5849,-1419806,11520,1408913,627,0
30000,30000,30000,90000,60000,60000,60000,180000,1
602572,-1074491,474517,2598,910368,-1630117,719748,-1,0
167056,186556,-351014,2598,764156,868473,-1632002,627,0
-44852,950335,-905484,-1,-68708,1448294,-1378331,1255,0
-633774,587622,46801,649,-1462329,1361153,102641,1465,0
-694877,955535,-262610,-1952,-1146654,1581099,-433190,1255,0
74752,-143006,69552,1298,847526,-1633469,785522,-421,0
336062,-268461,-66303,1298,1544232,-1232747,-312115,-630,0
5172,-9896,4723,-1,14778,-28274,13496,0,1
-626624,29901,599972,3249,-1445153,64936,1380843,626,0
119604,-663675,546020,1949,273571,-1531665,1257674,-420,0
30000,30000,30000,90000,60000,60000,60000,180000,1
-314612,-655875,969836,-651,-516979,-1083393,1600161,-211,0
1041339,-353614,-687726,-1,1605817,-546096,-1059932,-211,0
-549921,163806,388064,1949,-1589898,472360,1118165,627,0
-848282,1008187,-157306,2599,-1278412,1519724,-240266,1046,0
5639,-2435,-3204,0,16283,-7032,-9251,0,1
63052,268460,-330863,649,286558,1249714,-1535645,627,0
-1344,1050,294,0,-15534,12138,3396,0,1
0,0,0,0,0,0,0,0,1
839831,177456,-1014689,2598,1263539,264564,-1527685,418,0
-63003,3700,59302,-1,-100805,5921,94884,0,1
0,0,0,0,0,0,0,0,1
-526520,1071890,-544721,649,-802071,1633886,-830560,1255,0
-1951,-489469,492068,648,-7960,-1411009,1418549,-420,0
191107,161856,-351014,1949,874757,757662,-1631583,836,0
64352,-142356,78002,-2,739229,-1631583,891725,-629,0
30000,30000,30000,90000,60000,60000,60000,180000,1
290560,27951,-318512,-1,1339996,138880,-1478459,417,0
-170957,-843082,1017288,3249,-257861,-1267939,1525799,-1,0
827481,-991288,166406,2599,1269823,-1525171,254928,-420,0
-993888,877532,117654,1298,-1492703,1320096,174071,1464,0
483618,10400,-497269,-3251,1396973,33934,-1430908,-1,0
5040,-296,-4744,0,14553,-854,-13698,1,1
162506,763128,-927585,-1951,268753,1261235,-1529361,627,0
-4000,-1464,5464,0,-11550,-4227,15777,0,1
577221,-1060190,486868,3899,883765,-1632212,747817,-630,0
137805,405615,-543421,-1,393808,1176398,-1569579,627,0
367263,-557721,191107,649,1054904,-1607913,552170,-839,0
-5040,296,4744,0,-14553,854,13698,-1,1
-852832,-150156,1008187,5199,-1285325,-228954,1515534,1255,0
46801,586321,-632474,648,105993,1359058,-1464005,1046,0
450466,-1080341,633773,3898,673245,-1625927,952262,-420,0
-56124,-174391,230515,0,-72631,-225683,298314,0,1
-749479,1053689,-302912,1298,-1128849,1587384,-457279,1256,0
-1069941,702026,369213,1298,-1606865,1055113,553007,1255,0
-1375,973,401,-1,-15882,11243,4639,0,1
599322,456967,-1056290,-1,926078,702152,-1627813,417,0
538220,-122205,-419266,-3251,1555334,-347516,-1208239,-421,0
1051739,-646775,-404316,648,1618595,-996462,-623182,-1049,0
999737,-191758,-805381,2598,1539624,-298290,-1241336,-2,0
230758,-1034839,806030,1949,344163,-1555126,1210752,-211,0
86453,-527170,442016,1299,246968,-1522239,1274850,-421,0
-126,7,118,-1,-14553,854,13698,-1,1
-550571,164456,386764,649,-1590736,476131,1115232,627,0
141313,97786,-239099,0,182875,126546,-309422,-1,1
16507,-67798,51291,0,26411,-108478,82066,-1,1
768978,-1019239,250909,648,1181216,-1567904,386058,-630,0
-537,420,117,0,-15534,12138,3396,0,1
430,103,-533,0,12420,2976,-15397,-1,1
354263,-158606,-194358,1299,1629906,-727499,-902828,-421,0
239675,-136173,-103501,1,310167,-176224,-133943,0,1
-23401,-927585,954235,3249,-37287,-1395926,1433002,-211,0
824880,-993238,170956,2598,1265633,-1527475,261631,-211,0
705926,-395865,-309412,649,1629278,-911835,-718073,-630,0
-295112,963986,-670176,-1302,-486606,1594087,-1106854,627,0
-113755,-14951,131304,2598,-1321564,-169254,1491445,627,0
1082940,-584372,-497269,1299,1631582,-882299,-748865,418,0
799529,234658,-1032889,1298,1206562,350447,-1556383,626,0
9750,-616874,609722,2598,18643,-1424205,1404933,-629,0
1144,147,-1291,0,13214,1707,-14922,-1,1
67249,-14701,-52548,0,107599,-23522,-84077,0,1
-328263,704626,-375065,1298,-762272,1632839,-869103,1464,0
-155,637,-482,0,-293,1206,-912,1,1
30000,30000,30000,90000,60000,60000,60000,180000,1
-454368,1067990,-612973,649,-692517,1628021,-934249,1255,0
-52,599,-547,0,-98,1136,-1037,1,1
261959,436166,-698777,-652,606004,1010705,-1616292,417,0
52,-599,547,0,98,-1136,1037,-1,1
-937336,-1951,944485,5198,-1411009,-5656,1417501,836,0
28601,-931485,906783,3899,41266,-1435098,1393412,-420,0
-211908,559020,-347114,-2,-614174,1618385,-1003584,627,0
-705927,393264,314611,1948,-1629279,908692,721423,836,0
1084240,-509620,-572672,1948,1632211,-769394,-862818,-1,0
-134,29,105,0,-15534,3396,12138,0,1
-302262,-728028,1032888,2598,-465239,-1123821,1588640,-420,0
-134,105,29,0,-15534,12138,3396,0,1
-221,-1099,1320,0,-2555,-12694,15249,0,1
-662,286,376,0,-1254,541,712,-1,1
-588273,-394565,984136,1298,-970069,-652927,1622994,-2,0
339312,-80604,-256760,1948,1562037,-368253,-1193995,-211,0
-350364,131304,219708,648,-1616920,612498,1005259,837,0
-1075,1333,-257,1,-12420,15397,-2976,1,1
2955,2699,-5654,0,8534,7793,-16328,-1,1
884,4396,-5281,-1,2555,12694,-15249,0,1
985436,-568122,-418616,-1302,1626974,-936972,-690422,-420,0
-245060,341912,-95554,1298,-1134505,1585498,-449529,1464,0
0,8573,-8573,0,0,24494,-24494,0,1
-313312,1055639,-742328,-1,-471314,1590526,-1118375,837,0
-41562,70323,-28760,1,-66500,112517,-46016,1,1
-769629,1015988,-244410,1949,-1184569,1566436,-380612,1255,0
5587,-2027,-3559,1,16133,-5853,-10279,1,1
-69840,25340,44499,-1,-111744,40544,71199,-1,1
399,146,-546,-1,11549,4227,-15777,-1,1
885983,-61103,-825531,-651,1462328,-102014,-1360526,-212,0
65002,-143006,78002,-2,738181,-1631374,892772,-421,0
30000,30000,30000,90000,60000,60000,60000,180000,1
5200,486218,-492719,-1301,11730,1409332,-1420225,837,0
402365,141055,-545371,-1951,1164249,410147,-1573978,418,0
-216,560,-344,0,-6250,16194,-9943,1,1
-618174,1080340,-460868,1298,-931526,1628021,-695659,836,0
969836,-60453,-908735,648,1458558,-93216,-1365553,-211,0
-626624,27951,600622,1949,-1444524,62841,1381681,-2,0
0,0,0,0,0,0,0,0,1
-16507,-51291,67798,0,-26411,-82066,108478,1,1
-189158,-164457,355563,1948,-874758,-756825,1631792,209,0
30000,30000,30000,90000,60000,60000,60000,180000,1
-934085,31201,905483,2599,-1436145,45455,1391317,627,0
749478,-937336,188507,649,1232327,-1544862,312323,-212,0
-492069,-191758,687725,3898,-1138275,-445130,1583404,-1,0
150155,-1005588,859332,3899,222459,-1513022,1290351,-212,0
-1016639,772228,246359,1948,-1563924,1188966,376422,1464,0
-189158,997137,-806681,1298,-291586,1538157,-1245525,1046,0
126754,-120255,-5851,648,1453112,-1372466,-81485,-839,0
0,0,0,0,0,0,0,0,1
-706577,392614,315261,1298,-1629279,907016,723309,1046,0
-390,-270,661,1,-739,-511,1251,1,1
1073190,-568122,-504419,649,1632420,-864494,-767718,208,0
267810,-336713,70852,1949,1225624,-1548632,322378,-630,0
509619,-991938,481018,-1301,837890,-1633678,795158,-630,0
-911335,965936,-53302,1299,-1370790,1454997,-82742,1465,0
3250,486868,-491419,-1301,7331,1411636,-1417712,1255,0
-9414,7356,2058,0,-26899,21019,5880,0,1
59802,885983,-945786,-1,91539,1367018,-1457721,836,0
-488819,1082940,-594773,-652,-735459,1631373,-894658,1256,0
537570,-425116,-112455,-1,1548841,-1223321,-325940,-420,0
661074,403015,-1063440,649,1005468,612707,-1617339,836,0
-120,124,-3,1,-13927,14354,-427,0,1
-271711,-59153,333462,2598,-1259350,-270430,1529988,208,0
674725,398464,-1071241,1948,1017618,597625,-1614825,418,0
708526,360113,-1067340,1299,1064959,540020,-1604771,208,0
-57853,967236,-908735,648,-88189,1457092,-1367857,1046,0
379614,-1061490,685775,3899,571232,-1611264,1040031,-1,0
-919135,139755,780029,649,-1514907,230001,1285533,627,0
0,0,0,0,0,0,0,0,1
-413416,1075790,-662375,-1,-622763,1619642,-996043,836,0
35751,286660,-320463,1948,157313,1329732,-1486209,836,0
-292511,564221,-271061,649,-847318,1633468,-785104,1046,0
267160,-337363,70852,649,1224996,-1548632,323216,-420,0
-54,140,-86,0,-6250,16194,-9943,1,1
944485,-936686,-6501,1298,1420224,-1409333,-11312,-421,0
546020,-664325,120904,2599,1255998,-1532712,276294,-420,0
-202158,-811231,1018588,5199,-310020,-1233795,1544651,836,0
-336063,-225559,562271,649,-970906,-652089,1622994,-1,0
67249,-14701,-52548,0,107599,-23522,-84077,0,1
-880783,-107905,993237,4549,-1324706,-164227,1489560,627,0
54,-140,86,0,6250,-16194,9943,-1,1
172256,841131,-1015339,-1952,261421,1266262,-1526637,1046,0
1010137,-824881,-183957,1299,1534177,-1253066,-281322,-211,0
-134,29,105,0,-15534,3396,12138,0,1
-470618,1080340,-609723,-1,-709066,1629488,-919167,1255,0
-362064,-343863,708526,2599,-836634,-796416,1633049,-1,0
11,116,-127,0,1281,13461,-14742,0,1
67249,-14701,-52548,0,107599,-23522,-84077,0,1
-1072541,498568,577221,3248,-1631164,757243,875595,1674,0
-242460,-709177,953585,1948,-398627,-1172629,1571045,-211,0
-332813,267160,67602,1949,-1542976,1235050,309181,1255,0
-1058240,312011,749478,3249,-1588222,466076,1122983,837,0
558370,-358814,-200858,-1302,1611473,-1035215,-576888,-630,0
-314612,-655225,969836,-1,-518236,-1082555,1600580,-211,0
656,-418,-238,0,1243,-792,-451,0,1
-140406,-211908,352963,649,-648528,-974048,1622575,-1,0
-32502,-102704,137155,1949,-387944,-1180170,1567903,-211,0
37609,-224447,186838,0,48670,-290462,241791,-1,1
204988,6293,-211281,0,265279,8144,-273423,0,1
5172,-9896,4723,-1,14778,-28274,13496,0,1
1037438,-766379,-269111,1948,1574396,-1164040,-410567,-211,0
377664,-707877,332812,2599,867426,-1632840,764784,-630,0
0,0,0,0,0,0,0,0,1
-432267,-98804,532369,1298,-1250552,-284255,1535225,418,0
-336063,-227509,562921,-651,-966507,-656697,1623413,209,0
1051739,-765729,-283411,2599,1578586,-1151891,-427325,-630,0
-939286,920434,21450,2598,-1428395,1400115,29954,1674,0
-840482,-156656,1002337,5199,-1278203,-240475,1519514,836,0
482318,-499219,16900,-1,1388803,-1438868,49645,-420,0
256759,-565522,310711,1948,733573,-1631374,897171,-630,0
-218409,-341263,562271,2599,-632399,-988083,1620480,-2,0
-421216,-657175,1080990,2599,-631561,-988712,1620271,-2,0
-904184,-63703,972436,4549,-1361992,-98453,1461490,1045,0
330,1025,-1355,0,3813,11848,-15661,0,1
738,-1413,674,-1,8534,-16328,7793,-1,1
-884,-4396,5281,1,-2555,-12694,15249,0,1
999087,-193708,-804731,648,1540462,-300594,-1239450,418,0
-469318,1080340,-611673,-651,-706761,1629278,-921471,1046,0
1053689,-339963,-711777,1949,1600371,-518445,-1081927,-1,0
30000,30000,30000,90000,60000,60000,60000,180000,1
172256,-553821,382214,649,492889,-1595344,1101826,-629,0
-635724,973086,-338663,-1301,-1048621,1609588,-559712,1255,0
-505,626,-121,0,-957,1186,-229,0,1
30000,30000,30000,90000,60000,60000,60000,180000,1
-107255,-880133,991287,3899,-163808,-1325544,1489350,-2,0
-978937,83853,898983,3899,-1471965,124007,1348585,627,0
-1044590,358813,687725,1948,-1606447,550913,1056161,627,0
-505719,678625,-170957,1949,-1170953,1572092,-399465,1674,0
-56124,-174391,230515,0,-72631,-225683,298314,0,1
0,0,0,0,0,0,0,0,1
23400,108554,-130655,1299,257022,1268985,-1525171,836,0
865832,-1004288,141055,2599,1297264,-1508623,210938,-421,0
68252,-888584,821630,1298,111229,-1467147,1355916,-2,0
892483,74752,-963337,3898,1355497,111858,-1466728,627,0
366613,-557721,191757,649,1054276,-1608122,553007,-839,0
-730628,-299012,1033538,3898,-1124869,-462935,1587802,-2,0
169999,-232224,62224,-1,219999,-300525,80525,-1,1
-178107,-375065,554470,1298,-514465,-1085907,1599742,-630,0
-289261,-31852,321762,649,-1338112,-141395,1479715,208,0
207357,807980,-1015339,-2,314627,1231489,-1544652,1464,0
661724,403015,-1063440,1299,1005259,612498,-1617130,627,0
54,-140,86,0,6250,-16194,9943,-1,1
109854,-133906,26650,2598,1240497,-1541091,300174,-420,0
626623,-30552,-596723,-652,1447456,-69126,-1378540,-210,0
-31852,-103354,137155,1949,-384173,-1183102,1566646,-629,0
632,-493,-138,1,1197,-935,-261,1,1
-33152,-288611,323062,1299,-153753,-1331618,1484951,-420,0
-480368,497918,-17551,-1,-1386500,1440962,-53835,627,0
-640274,-439417,1084240,4549,-961271,-662772,1624041,-2,0
-85804,-810581,897033,648,-142023,-1338321,1480134,-210,0
-641575,1050439,-407566,1298,-988712,1620899,-630513,1674,0
-1054990,705276,354263,4549,-1603304,1070195,533945,836,0
-445267,1076440,-630524,649,-672198,1625926,-952473,1255,0
103,516,-620,-1,196,978,-1175,-1,1
-978287,629223,348413,-651,-1610636,1039193,572698,1255,0
-140406,-839182,982186,2598,-216595,-1294123,1510507,-211,0
140,-60,-80,0,16283,-7032,-9251,0,1
194500,25130,-219631,-1,251707,32521,-284228,0,1
399,-546,146,-1,11549,-15777,4227,-1,1
1017938,-771579,-243760,2599,1564342,-1188549,-376213,-420,0
-1205,1242,-37,0,-13927,14354,-427,0,1
-1066690,418615,650024,1949,-1620272,636587,984940,1255,0
9868,-4261,-5607,0,28197,-12176,-16020,1,1
-118955,-863883,986736,3898,-183499,-1314023,1497939,417,0
30000,30000,30000,90000,60000,60000,60000,180000,1
928884,-956836,31201,3249,1391317,-1436774,45246,-211,0
-21451,-927585,953585,4549,-35192,-1396974,1431745,-421,0
876232,-958786,84503,1949,1345233,-1474898,129244,-421,0
-980237,364013,618173,1949,-1614825,597625,1017827,627,0
45501,92953,-136506,1948,509856,1089257,-1598487,626,0
382864,665624,-1046540,1948,590503,1023693,-1613778,418,0
710476,359463,-1067340,2599,1066844,537716,-1604352,208,0
233773,-165491,-68281,1,302530,-214165,-88364,1,1
750128,-936686,187857,1299,1233165,-1544233,310647,-421,0
-943186,934735,11700,3249,-1421692,1407237,15710,1255,0
-140406,60452,81253,1299,-1628022,707389,921470,837,0
-338013,79302,260009,1298,-1561829,368252,1193994,417,0
-2955,5654,-2699,0,-8534,16328,-7793,1,1
-437,-946,1383,0,-5047,-10929,15977,1,1
30000,30000,30000,90000,60000,60000,60000,180000,1
333462,226208,-562272,-2602,965669,657744,-1623204,209,0
-852832,-149506,1008187,5849,-1285534,-228535,1515115,1046,0
-237456,151298,86157,-1,-307296,195798,111497,-1,1
458917,598672,-1056940,649,707179,921679,-1628441,417,0
-991938,504418,487518,-2,-1632840,831606,802070,836,0
-431,-221,653,1,-817,-420,1237,0,1
-566,584,-17,1,-1073,1106,-32,1,1
-457,516,-59,0,-13214,14922,-1707,1,1
-313962,1055639,-741028,649,-472152,1590735,-1117747,836,0
-977637,629223,348413,-1,-1610636,1039403,572279,1046,0
1548,-9241,7693,0,4424,-26405,21981,0,1
-375715,1056939,-681226,-2,-573118,1611682,-1037728,836,0
50000,18301,-68301,0,80000,29282,-109282,0,1
-539521,121554,417965,-2,-1556383,351285,1206143,1045,0
-913285,964636,-48752,2599,-1373722,1452064,-77296,1046,0
-501169,1058889,-556421,1299,-773583,1633258,-858420,1255,0
-662,376,286,0,-1254,712,541,-1,1
-1375,401,973,-1,-15882,4639,11243,0,1
1044589,-272361,-772229,-1,1574815,-411824,-1162783,208,0
-70203,889233,-819031,-1,-116258,1469660,-1352566,836,0
32101,38511,-70613,-1,51363,61618,-112982,-1,1
280160,768978,-1047190,1948,420621,1157127,-1576492,1256,0
-651325,85803,567471,1949,-1501710,196485,1306271,1046,0
276910,-1024439,751428,3899,422087,-1578168,1155241,-840,0
-347,664,-317,0,-657,1258,-600,1,1
-130005,17550,114404,1949,-1510089,217223,1293284,418,0
-800831,-230109,1035488,4548,-1206982,-348982,1556591,627,0
-1072541,568771,508969,5199,-1631793,863865,769602,1674,0
-543421,662374,-116355,2598,-1256418,1532502,-274829,1255,0
934735,-7801,-924985,1949,1421062,-12988,-1407657,417,0
0,0,0,0,0,0,0,0,1
-806031,-93604,902233,2598,-1329943,-155639,1485999,417,0
-528470,1072540,-543421,649,-805423,1633886,-826999,1464,0
338012,725427,-1062790,649,510275,1088839,-1598487,627,0
-3999,5464,-1464,1,-11549,15777,-4227,1,1
988037,-502469,-487519,-1951,1632839,-829931,-803328,-420,0
105953,-346463,241809,1299,480739,-1592831,1111462,-630,0
707876,360113,-1067340,649,1065168,540020,-1604561,627,0
-524570,1082290,-557071,649,-790969,1633677,-841452,1256,0
107,25,-133,-1,12420,2976,-15397,-1,1
738,-1413,674,-1,8534,-16328,7793,-1,1
-5226,738,4487,-1,-15090,2132,12958,0,1
-980237,364663,617523,1949,-1615244,598882,1016780,418,0
-634424,1079690,-445267,-1,-953101,1625717,-671360,1256,0
-336713,78002,260659,1948,-1560781,365110,1196089,418,0
-918,-472,1390,0,-10608,-5452,16060,0,1
141055,-89704,-48752,2599,1612311,-1031653,-581287,-629,0
248309,-343863,98803,3249,1134923,-1585290,449737,-630,0
724127,339962,-1062140,1949,1089886,508809,-1598068,627,0
-936686,-3251,945785,5848,-1409752,-8170,1418549,627,0
0,-575,575,0,0,-1090,1090,0,1
600622,-1083591,486868,3899,899056,-1630745,731897,208,0
-83,140,-57,0,-9600,16244,-6643,1,1
26000,-931485,906783,1298,39380,-1434260,1394669,-211,0
-427717,533019,-105304,-2,-1235470,1543185,-306669,1046,0
55252,-141056,88403,2599,620877,-1619434,997927,-630,0
-918,-472,1390,0,-10608,-5452,16060,0,1
-176807,-376365,554470,1298,-511742,-1088002,1599323,-421,0
64,-141,77,0,7415,-16311,8896,0,1
0,0,0,0,0,0,0,0,1
16507,-67798,51291,0,26411,-108478,82066,-1,1
143005,-72153,-68903,1949,1632839,-818410,-814849,-420,0
605822,474517,-1080341,-2,916024,713463,-1628860,627,0
-1033539,811230,223608,1299,-1550517,1218921,333480,1884,0
1000387,-194358,-804081,1948,1540881,-301851,-1239031,-1,0
-304212,-2601,309411,2598,-1407238,-13407,1421272,627,0
-607123,615573,-6501,1949,-1403468,1425252,-20738,1046,0
-128705,17550,114404,3249,-1508623,214081,1295379,837,0
-689676,480367,210607,1298,-1592202,1111043,482206,1047,0
-291861,1040038,-746228,1949,-446596,1584660,-1137018,1046,0
804730,94253,-900934,-1951,1330570,155428,-1485371,627,0
1051089,-765729,-283411,1949,1579005,-1151053,-428372,-420,0
30000,30000,30000,90000,60000,60000,60000,180000,1
-1044590,358163,687725,1298,-1606237,550075,1056999,837,0
657824,-557721,-98154,1949,1514906,-1285953,-229164,-211,0
390,270,-661,-1,739,511,-1251,-1,1
-985437,104653,885983,5199,-1484743,154381,1331408,1046,0
345812,-108555,-237259,-2,1594925,-494147,-1101198,-420,0
109204,-133906,27301,2599,1240078,-1541091,300593,-420,0
70710,-35355,-35355,0,113137,-56568,-56568,1,1
213207,135205,-349064,-652,983474,638053,-1620691,836,0
549920,-392615,-157306,-1,1585708,-1131781,-453928,-1,0
-1306,184,1121,-1,-15090,2132,12958,0,1
-1344,1050,294,0,-15534,12138,3396,0,1
300961,752078,-1052390,649,453927,1132199,-1585499,627,0
-633774,585671,48101,-2,-1464215,1358849,106621,1255,0
117004,230108,-345813,1299,533736,1070405,-1603304,837,0
605822,477117,-1080991,1948,913091,716815,-1629070,836,0
986086,-566822,-419916,-652,1626974,-935715,-691889,-630,0
550,-160,-389,1,15882,-4639,-11243,0,1
206057,807980,-1014689,-652,313790,1232118,-1544443,1465,0
-978287,83203,898983,3899,-1471756,123798,1348794,836,0
608422,-618824,12350,1948,1401372,-1427347,25555,-420,0
-212558,1015988,-804081,-651,-321960,1548003,-1224997,1046,0
566821,-1088791,525219,3249,846479,-1633469,786779,-211,0
-657825,-417316,1079690,4549,-989340,-630723,1620061,-2,0
960735,-687726,-273661,-652,1584660,-1134505,-450576,-421,0
-128705,348413,-217759,1949,-601606,1616291,-1013639,1046,0
0,0,0,0,0,0,0,0,1
-1748,5533,-3785,0,-5047,15977,-10929,1,1
8820,-518,-8302,0,25201,-1480,-23721,0,1
0,1224,-1224,0,0,14145,-14145,0,1
-121555,-861283,988037,5199,-188316,-1311090,1499614,208,0
880782,-995838,116354,1298,1319049,-1494169,175119,-1,0
3788,-9814,6026,0,10823,-28042,17218,-1,1
-317862,23400,295761,1299,-1467147,113534,1354450,837,0
9414,-2058,-7356,0,26899,-5880,-21019,0,1
-127405,348413,-219709,1299,-596788,1615453,-1018247,418,0
-278861,-767679,1049789,3249,-420203,-1157128,1576910,-421,0
140,-80,-60,0,16283,-9251,-7032,0,1
848281,18200,-865833,648,1400115,28069,-1428185,-1,0
-81254,978936,-897684,-2,-121076,1471545,-1349633,836,0
30000,30000,30000,90000,60000,60000,60000,180000,1
664,-332,-332,0,1258,-629,-629,0,1
-314612,1055639,-741028,-1,-473618,1591154,-1116490,1046,0
470,-642,172,0,890,-1215,325,0,1
-48752,-463468,513519,1299,-141604,-1338531,1480134,-1,0
12350,-128055,118304,2599,124426,-1472803,1348375,-2,0
-954886,924334,33151,2599,-1436774,1391108,46712,1046,0
691625,-1073191,385464,3898,1034585,-1612521,577516,-420,0
9414,-7356,-2058,0,26899,-21019,-5880,0,1
0,0,0,0,0,0,0,0,1
-91004,-46802,140405,2599,-1064331,-540859,1604979,-211,0
868432,-1002338,136505,2599,1300825,-1506319,204864,-630,0
64,77,-141,0,7415,8896,-16311,0,1
301,362,-663,0,571,685,-1256,0,1
937985,5200,-942536,649,1412055,4817,-1416664,208,0
884,-5281,4396,-1,2555,-15249,12694,0,1
37051,286010,-320463,2598,160665,1328056,-1487466,1255,0
564221,-324363,-239859,-1,1626974,-935296,-692098,-420,0
1086190,-561622,-523920,648,1632839,-845642,-787618,-421,0
30000,30000,30000,90000,60000,60000,60000,180000,1
131304,-351014,221658,1948,599510,-1615873,1016152,-211,0
280160,-703327,425115,1948,642662,-1622366,979075,-629,0
141055,-52652,-87104,1299,1613987,-591551,-1022646,-210,0
0,0,0,0,0,0,0,0,1
1054989,-434217,-619474,1298,1624879,-671151,-953939,-211,0
69840,-44499,-25340,1,111744,-71199,-40544,1,1
1033538,-227509,-806031,-2,1554077,-342698,-1211800,-421,0
-125617,240333,-114716,0,-162563,311020,-148456,1,1
-559021,207357,352963,1299,-1615035,598672,1017199,836,0
64352,-143006,78002,-652,734830,-1630955,895705,-420,0
-1016639,770928,248309,2598,-1564761,1187081,378936,1256,0
0,1224,-1224,0,0,14145,-14145,0,1
1950,120254,-121555,649,4817,1412474,-1416664,627,0
48101,912634,-961387,-652,74362,1376445,-1449761,1046,0
260659,437466,-698127,-2,602862,1013219,-1615873,208,0
-221009,-787180,1010137,1948,-339975,-1213685,1553449,-211,0
-705927,393264,313961,1298,-1629070,909949,720376,1255,0
-167707,1012087,-844382,-2,-252834,1524542,-1270662,1046,0
-37609,224447,-186838,0,-48670,290462,-241791,1,1
1053689,-430967,-623374,-652,1624251,-665076,-959385,-210,0
-63003,3700,59302,-1,-100805,5921,94884,0,1
156655,517419,-674076,-2,361759,1199231,-1559944,1046,0
255459,-565522,312011,1948,731059,-1630745,899685,-1,0
-326963,704626,-375715,1948,-758711,1632839,-872454,1674,0
25350,927584,-952286,648,38752,1395716,-1433213,1255,0
528469,531719,-1059540,648,816105,817571,-1632840,836,0
-72803,-67603,142355,1949,-859048,-773164,1632420,208,0
-495969,-588273,1087490,3248,-745514,-886070,1631373,-211,0
0,0,0,0,0,0,0,0,1
-1014689,169006,847631,1948,-1523076,252205,1271499,628,0
103,516,-620,-1,196,978,-1175,-1,1
30000,30000,30000,90000,60000,60000,60000,180000,1
-107,133,-25,1,-12420,15397,-2976,1,1
-136506,96853,40951,1298,-1586547,1128429,459164,1046,0
566821,-287961,-278861,-1,1633049,-828046,-805214,-211,0
-3901,-488169,493368,1298,-13616,-1408076,1421481,-211,0
-725428,-320463,1051739,5848,-1104969,-489119,1594296,208,0
-590873,-390665,984786,3248,-974677,-647690,1622365,-2,0
457,-516,59,0,13214,-14922,1707,-1,1
-239859,-710477,952935,2599,-396742,-1173885,1570626,-1,0
-918485,917834,1300,649,-1413103,1415616,-1257,1256,0
-301,-362,663,0,-571,-685,1256,0,1
109204,24050,-131305,1949,1244686,294099,-1537949,836,0
-1075,1333,-257,1,-12420,15397,-2976,1,1
-559021,207357,352963,1299,-1614825,598253,1017408,836,0
-994538,876882,119604,1948,-1493541,1318840,176166,1465,0
-965287,290560,676025,1298,-1591155,477807,1113975,627,0
0,0,0,0,0,0,0,0,1
109204,-133906,27301,2599,1238611,-1541719,302897,-211,0
-98804,-37052,139105,3249,-1154404,-422716,1577329,209,0
258709,305511,-565522,-1302,748236,883346,-1631164,418,0
132,410,-542,0,3813,11848,-15661,0,1
-3788,-6026,9814,0,-10823,-17218,28042,1,1
-891834,-52652,947085,2599,-1370580,-83371,1454368,417,0
-1006238,179406,832031,5199,-1529989,271686,1259349,1046,0
-705277,394564,312661,1948,-1628860,911206,718910,1256,0
49999,-68301,18301,-1,79999,-109282,29282,-1,1
507669,-681876,176156,1949,1168229,-1573140,404282,-629,0
0,0,0,0,0,0,0,0,1
273010,56552,-330213,-651,1259978,270219,-1529780,417,0
537,-607,69,-1,1018,-1149,131,0,1
842431,138455,-977637,3249,1297264,211148,-1507575,837,0
-726078,-319812,1051739,5849,-1105807,-487862,1594087,418,0
60290,-62141,1850,-1,96465,-99426,2961,0,1
-591523,-478418,1075790,5849,-900733,-729384,1630744,627,0
466717,-694877,230108,1948,1073966,-1603095,528709,-420,0
799529,235958,-1032889,2598,1204886,352961,-1557220,627,0
-635074,973086,-339313,-1301,-1047154,1609797,-561597,1046,0
755978,172256,-930185,-1951,1251180,283835,-1534388,627,0
-20801,-110505,133254,1948,-255767,-1269405,1524961,-211,0
-564872,247659,317211,-2,-1628860,716396,913510,1046,0
-1001688,195007,807980,1299,-1539415,298708,1241335,628,0
-315262,-655225,969836,-651,-520331,-1081089,1600999,-421,0
304861,727377,-1030939,1299,469637,1120469,-1589270,836,0
-505719,33801,473867,1949,-1459187,95100,1364714,627,0
0,0,0,0,0,0,0,0,1
167056,185906,-351664,1298,766041,866588,-1632002,627,0
-140,80,60,0,-16283,9251,7032,0,1
-5500,1606,3893,-1,-15882,4639,11243,0,1
-564222,323062,241809,649,-1627184,932572,695658,1046,0
-505069,678625,-172907,649,-1168230,1572930,-403445,1255,0
-332,-230,562,0,-9600,-6643,16244,1,1
918484,-921085,3900,1299,1412055,-1417293,4398,-840,0
305511,1950,-306812,649,1406818,15082,-1421901,-1,0
-549921,390664,159255,-2,-1586128,1130314,456859,1045,0
640273,-1082941,445266,2598,957290,-1625090,667798,-2,0
-54,140,-86,0,-6250,16194,-9943,1,1
30000,30000,30000,90000,60000,60000,60000,180000,1
-379615,-687076,1071890,5199,-573956,-1037519,1611473,-2,0
-1044590,358163,688375,1948,-1606237,549656,1057418,837,0
5547,58274,-63822,-1,8876,93239,-102115,0,1
1068640,-640274,-426416,1950,1622365,-973630,-648947,-212,0
1060189,-507019,-552521,649,1632420,-782172,-850460,-212,0
30000,30000,30000,90000,60000,60000,60000,180000,1
70492,-30441,-40050,1,112788,-48706,-64081,1,1
550570,-391965,-157956,649,1586336,-1129896,-457070,-630,0
-295112,1040038,-744928,-2,-449319,1585079,-1134714,1046,0
524569,464117,-988688,-2,866588,766041,-1632002,627,0
-916535,919134,-1301,1298,-1411009,1418130,-5656,1465,0
-45922,-23603,69526,1,-73476,-37765,111242,1,1
694226,-960086,266509,649,1142045,-1582567,440311,-211,0
401065,141705,-545371,-2601,1161316,413918,-1575026,208,0
-831,1406,-575,0,-9600,16244,-6643,1,1
-4823,4971,-148,0,-13927,14354,-427,0,1
32101,38511,-70613,-1,51363,61618,-112982,-1,1
0,0,0,0,0,0,0,0,1
66952,76052,-138456,4548,744046,887535,-1630955,626,0
522619,552520,-1073191,1948,794320,839357,-1632631,1046,0
-9101,126104,-115705,1298,-124218,1473221,-1347538,1465,0
-656,418,238,0,-1243,792,451,0,1
146905,-1004288,861282,3899,217432,-1511136,1293284,-420,0
-18862,-198133,216996,1,-24410,-256407,280818,1,1
539520,-123505,-417966,-1951,1556801,-352124,-1205306,-629,0
30000,30000,30000,90000,60000,60000,60000,180000,1
-352314,204107,148205,-2,-1625299,949958,676387,1046,0
367,-556,188,-1,10608,-16060,5452,0,1
-204988,-6293,211281,0,-265279,-8144,273423,0,1
-36946,70686,-33740,0,-59113,113098,-53984,1,1
601922,-1083591,484918,3249,901779,-1630536,728755,-2,0
984786,-887934,-94904,1948,1480552,-1337903,-142861,-212,0
484268,9100,-495969,-2601,1399068,29954,-1429023,-1,0
436166,640924,-1078391,-1301,659001,964831,-1623414,418,0
-831382,-191108,1025088,2598,-1246782,-289492,1537110,836,0
-165757,-187858,355563,1948,-766042,-866380,1632211,-211,0
-367,556,-188,1,-10608,16060,-5452,0,1
-470618,1080340,-609723,-1,-709066,1629488,-919167,1255,0
0,-8573,8573,0,0,-24494,24494,0,1
174,-553,378,-1,5047,-15977,10929,-1,1
522619,465417,-988688,-652,863865,768764,-1632212,417,0
-1084891,620773,466717,2599,-1626975,930896,697334,1255,0
0,0,0,0,0,0,0,0,1
-505,626,-121,0,-957,1186,-229,0,1
-942536,936035,9750,3249,-1419597,1409122,11730,1255,0
-137,97,40,0,-15882,11243,4639,0,1
674725,398464,-1071891,1298,1017408,597835,-1614825,418,0
-877533,835281,41601,-651,-1446409,1380425,67031,1047,0
-118955,122854,-1951,1948,-1389852,1438029,-46922,1255,0
109204,-133906,27301,2599,1239659,-1541301,301431,-211,0
-588923,-494019,1086190,3248,-886279,-744885,1631163,-1,0
30000,30000,30000,90000,60000,60000,60000,180000,1
-16507,-51291,67798,0,-26411,-82066,108478,1,1
10400,850231,-862583,-1952,18433,1405561,-1423577,417,0
-990638,825530,167056,1948,-1523495,1271289,253461,1255,0
0,575,-575,0,0,1090,-1090,0,1
596722,27301,-624024,-1,1381472,63679,-1444943,208,0
-1084241,622073,464767,2599,-1626975,932991,695239,1255,0
-313962,-655875,970486,649,-517398,-1083393,1600580,-211,0
-137156,40301,98803,1948,-1588851,468799,1120888,836,0
-823581,989337,-163157,2599,-1268986,1525380,-254719,1675,0
5040,-4744,-296,0,14553,-13698,-854,1,1
399,-546,146,-1,11549,-15777,4227,-1,1
-1075141,686425,390664,1948,-1612521,1029977,583171,627,0
-46152,-464768,512219,1299,-135110,-1342511,1477410,-211,0
-5547,-58274,63822,1,-8876,-93239,102115,0,1
537,69,-607,-1,1018,131,-1149,0,1
-53302,-86454,141705,1949,-629256,-990806,1619852,-210,0
2600,939935,-942536,-1,3561,1413312,-1415826,1047,0
-6429,9733,-3304,0,-18369,27810,-9441,0,1
99,-136,36,-1,11549,-15777,4227,-1,1
-1060190,580471,481668,1949,-1630326,892563,738810,1047,0
-174,553,-378,1,-5047,15977,-10929,1,1
-107255,-25351,135205,2599,-1246572,-290120,1536901,209,0
-5172,9896,-4723,1,-14778,28274,-13496,0,1
-564872,246359,319161,648,-1628651,712207,917071,627,0
5226,-738,-4487,1,15090,-2132,-12958,0,1
493368,190457,-684476,-651,1140997,441777,-1582357,417,0
-118955,661724,-542121,648,-278599,1533549,-1253904,1046,0
219058,809280,-1028339,-1,330547,1220597,-1550098,1046,0
1037438,-709177,-327613,648,1597438,-1092610,-505458,-630,0
-295,-269,565,1,-8534,-7793,16328,1,1
130004,-542121,412115,-2,372651,-1564133,1190852,-630,0
457,-516,59,0,13214,-14922,1707,-1,1
-130005,17550,114404,1949,-1510718,219317,1292027,626,0
41562,-70323,28760,-1,66500,-112517,46016,-1,1
-798230,-234659,1037438,4549,-1202793,-355266,1558476,417,0
1069940,-700727,-369214,-1,1607493,-1053439,-554894,-840,0
-9777,3547,6229,-1,-27936,10136,17799,-1,1
325662,-286011,-38352,1299,1497101,-1314442,-183289,-630,0
-1414,707,707,0,-16334,8167,8167,0,1
977636,-362714,-616874,-1952,1615034,-599302,-1016362,-630,0
-1034189,768978,269110,3899,-1572302,1168648,404910,1256,0
514819,572021,-1084241,2599,774001,858838,-1632212,627,0
-365964,-688376,1060839,6499,-559712,-1049249,1608959,-2,0
256,308,-564,0,7415,8896,-16311,0,1
512219,-991288,479717,648,840823,-1633887,792435,-629,0
-313962,-390015,706576,2599,-725195,-904713,1629906,-2,0
166406,-1013388,850231,3249,246758,-1522029,1275269,-2,0
-458918,-618824,1081640,3898,-692727,-934458,1627812,627,0
237456,-86157,-151298,1,307296,-111497,-195798,1,1
-1051090,765078,287960,1948,-1579006,1150423,429628,1045,0
0,0,0,0,0,0,0,0,1
4494,-9885,5391,0,12840,-28245,15404,-1,1
-660425,-400416,1066689,5848,-1005469,-611870,1617757,418,0
370513,184606,-555771,-652,1068729,534993,-1603723,-1,0
1060839,-507019,-551871,1949,1632420,-783638,-849203,-421,0
279510,-702027,427065,4548,640358,-1621948,981170,-420,0
-139106,49401,91003,1298,-1613359,589037,1025159,837,0
4494,5391,-9885,0,12840,15404,-28245,-1,1
-84504,525219,-442017,-1302,-245712,1521819,-1275270,837,0
-47452,326312,-276911,1949,-225812,1514487,-1287629,1046,0
-314612,-656525,969836,-1301,-517189,-1083603,1600371,-421,0
522,-448,-73,1,15090,-12958,-2132,0,1
131304,-988688,861282,3898,195647,-1502548,1307109,208,0
-85804,525219,-441367,-1952,-248435,1522866,-1273385,1046,0
-399,-146,546,1,-11549,-4227,15777,1,1
-132,542,-410,0,-3813,15661,-11848,0,1
9414,-7356,-2058,0,26899,-21019,-5880,0,1
-407566,-296412,705926,1948,-940114,-686442,1626764,208,0
-724128,-323063,1051739,4548,-1102246,-492890,1594925,-211,0
-91654,-47452,141055,1949,-1062236,-543373,1605398,-211,0
-5818,-4026,9845,1,-16625,-11504,28129,0,1
-368564,976986,-611023,-2601,-608100,1617548,-1008402,1046,0
-864533,1001037,-135206,1298,-1299360,1506946,-206122,1464,0
-101404,343212,-239209,2599,-477598,1591992,-1113767,627,0
504,-474,-29,1,14553,-13698,-854,1,1
-154706,351663,-195008,1949,-718701,1629906,-910369,836,0
-215809,-809931,1029638,3898,-327825,-1221855,1550097,417,0
385464,596072,-982187,-651,638263,983264,-1620900,627,0
33,-135,102,0,3813,-15661,11848,0,1
-9751,126104,-115705,648,-124637,1473221,-1347748,836,0
-90354,-892484,984786,1948,-136158,-1341883,1477829,-212,0
16507,51291,-67798,0,26411,82066,-108478,-1,1
-48752,-911335,964636,4549,-76458,-1375189,1451645,-2,0
214212,-201630,-12582,0,277216,-260933,-16283,0,1
85803,-527170,442666,1299,243826,-1520772,1276736,-210,0
5040,-296,-4744,0,14553,-854,-13698,1,1
646,-188,-457,1,1223,-357,-866,0,1
0,0,0,0,0,0,0,0,1
-26651,930184,-903534,-1,-41057,1435097,-1392994,1046,0
-898984,973736,-73453,1299,-1353822,1468403,-113325,1256,0
-362714,-343863,709176,2599,-836006,-796835,1632839,-2,0
5818,4026,-9845,-1,16625,11504,-28129,0,1
-664,332,332,0,-1258,629,629,0,1
-5172,-4723,9896,1,-14778,-13496,28274,0,1
0,122,-122,0,0,14145,-14145,0,1
0,-122,122,0,0,-14145,14145,0,1
41601,-957486,920434,4549,59280,-1443477,1384614,417,0
-126755,540170,-412116,1299,-369929,1563294,-1192738,627,0
30000,30000,30000,90000,60000,60000,60000,180000,1
-301,663,-362,0,-571,1256,-685,0,1
0,0,0,0,0,0,0,0,1
-401066,-144956,546670,648,-1159432,-416432,1576072,208,0
30000,30000,30000,90000,60000,60000,60000,180000,1
575271,-986737,412765,1299,944721,-1626765,681624,-420,0
122204,2600,-122855,1949,1392783,42732,-1435098,417,0
565521,-247660,-317212,649,1628650,-712627,-916653,-630,0
-1053690,705926,352313,4549,-1602885,1071871,532270,1256,0
-53302,-86454,141055,1299,-629675,-990178,1619852,-1,0
-64353,640273,-575922,-2,-151030,1484742,-1332456,1256,0
55252,888583,-943836,-1,84836,1370789,-1454788,837,0
43,94,-138,-1,5047,10929,-15977,-1,1
49401,462167,-512220,-652,142022,1338739,-1479925,836,0
0,0,0,0,0,0,0,0,1
669525,377664,-1045890,1299,1031862,580448,-1611683,627,0
5818,-9845,4026,-1,16625,-28129,11504,0,1
-44,510,-466,0,-1281,14742,-13461,0,1
30000,30000,30000,90000,60000,60000,60000,180000,1
56124,174391,-230515,0,72631,225683,-298314,0,1
986086,-567472,-418616,-2,1626764,-936553,-690841,-630,0
-1306,184,1121,-1,-15090,2132,12958,0,1
-1077741,414065,665624,1948,-1618177,621505,997718,1046,0
0,0,0,0,0,0,0,0,1
-2601,-488169,492718,1948,-9427,-1410171,1419177,-421,0
-338663,-724128,1066689,3898,-507972,-1090725,1598486,-211,0
-347,664,-317,0,-657,1258,-600,1,1
-1076441,653924,427065,4548,-1620481,982636,639310,1465,0
75402,-143006,69552,1948,847735,-1633469,785313,-421,0
131954,-20151,-110505,1298,1511135,-219318,-1291819,-2,0
30000,30000,30000,90000,60000,60000,60000,180000,1
139755,-41602,-96204,1949,1588640,-466287,-1122565,-212,0
841781,172906,-1013388,1299,1267309,259117,-1525800,626,0
-2568,-3080,5649,1,-7415,-8896,16311,0,1
-102054,342562,-239209,1299,-478017,1592201,-1113348,836,0
4000,1464,-5464,0,11550,4227,-15777,0,1
0,0,0,0,0,0,0,0,1
3673,-5562,1888,-1,10608,-16060,5452,0,1
1409,-608,-801,0,16283,-7032,-9251,0,1
-588923,-392615,984786,3248,-972373,-650413,1622784,-2,0
-771579,-274311,1051739,5849,-1160060,-415175,1575653,418,0
12350,-127405,117654,2599,124217,-1472803,1348375,-211,0
30000,30000,30000,90000,60000,60000,60000,180000,1
-1030939,260659,776129,5849,-1568951,393599,1176608,1256,0
-797580,-234009,1036788,5199,-1202583,-355476,1558686,627,0
1038738,-249610,-789130,-2,1564551,-376842,-1187920,-211,0
256109,-565522,310711,1298,731478,-1630745,899056,-211,0
-21850,69165,-47314,1,-34961,110664,-75703,0,1
0,1224,-1224,0,0,14145,-14145,0,1
-42902,-95554,139755,1299,-510276,-1089049,1598695,-630,0
-82554,-58503,142355,1298,-963994,-659630,1623832,208,0
-146906,919134,-773529,-1301,-242360,1520562,-1277155,1047,0
444616,624673,-1067991,1298,675339,950587,-1625090,836,0
549920,-393915,-156006,-1,1584660,-1134924,-450576,-840,0
0,0,0,0,0,0,0,0,1
336062,-268461,-65003,2598,1543185,-1234842,-308973,-630,0
-11061,-54952,66014,1,-17698,-87924,105622,0,1
-297062,-752079,1053689,4548,-449319,-1135552,1584870,-1,0
-484919,-10401,495968,648,-1398231,-31631,1430070,208,0
531069,136505,-668876,-1302,1228976,317351,-1545699,628,0
0,0,0,0,0,0,0,0,1
115704,13650,-127405,1949,1323029,167787,-1490608,208,0
700076,-439417,-260660,-1,1616081,-1012801,-603910,-630,0
0,0,0,0,0,0,0,0,1
-165757,-187858,355563,1948,-766252,-866380,1632211,-421,0
1026388,-824231,-200208,1949,1540881,-1239869,-301851,-839,0
-44,510,-466,0,-1281,14742,-13461,0,1
-277561,-768979,1049139,2599,-417480,-1159222,1576281,-421,0
-154056,351013,-195658,1299,-716188,1629697,-912882,627,0
-116355,661074,-544071,648,-271896,1531245,-1258512,837,0
451766,245059,-695527,1298,1042545,567461,-1609798,208,0
-370514,1066689,-695527,648,-559293,1609169,-1049040,836,0
-133906,29901,106603,2598,-1554497,344792,1210333,628,0
9750,-616874,609722,2598,19062,-1424205,1404723,-420,0
456967,-1071891,619473,4549,687698,-1627394,939694,-2,0
-496619,-587623,1087490,3248,-747190,-884394,1631582,-2,0
11061,54952,-66014,-1,17698,87924,-105622,0,1
-4000,-1464,5464,0,-11550,-4227,15777,0,1
0,0,0,0,0,0,0,0,1
530419,529119,-1059540,-2,818619,815058,-1632840,837,0
-91,-47,139,1,-10608,-5452,16060,0,1
-303562,-3251,309411,2598,-1405981,-15920,1422319,418,0
-726078,-336063,1065389,3248,-1090515,-507762,1598276,-1,0
2568,-5649,3080,-1,7415,-16311,8896,0,1
287310,752078,-1038089,1299,435912,1146025,-1580472,1465,0
-364664,-689676,1060189,5849,-556150,-1052182,1608540,208,0
-4551,-303562,310711,2598,-29327,-1399906,1429232,-1,0
-1030939,260659,776779,6499,-1568741,392970,1177027,1256,0
677325,-520670,-155356,1299,1559524,-1200070,-359875,-421,0
980886,-876233,-103354,1299,1487046,-1329314,-157733,-1,0
-760529,-169657,930834,648,-1251809,-282370,1534387,208,0
929534,24700,-952286,1948,1396973,34772,-1431327,418,0
549920,-1086841,539520,2599,822599,-1633887,810659,-629,0
1409,-608,-801,0,16283,-7032,-9251,0,1
-5040,4744,296,0,-14553,13698,854,-1,1
529769,530419,-1060190,-2,817781,815896,-1632840,837,0
-27059,70105,-43045,1,-43295,112169,-68873,1,1
339312,-79953,-257410,1949,1561618,-367206,-1194623,-211,0
-125617,240333,-114716,0,-162563,311020,-148456,1,1
431,221,-653,-1,817,420,-1237,0,1
891183,54602,-943186,2599,1371417,82113,-1453322,208,0
1060839,-505069,-553821,1949,1632420,-780286,-852554,-420,0
73,-141,67,-1,8534,-16328,7793,-1,1
30000,30000,30000,90000,60000,60000,60000,180000,1
1053039,-340613,-711777,649,1600371,-518445,-1081927,-1,0
-524570,-464768,989987,649,-863447,-768765,1632420,208,0
-504,29,474,-1,-14553,854,13698,-1,1
1051089,-764429,-285361,1299,1579424,-1149587,-430467,-630,0
-27059,-43045,70105,1,-43295,-68873,112169,1,1
549920,-164457,-388715,-3252,1589478,-470686,-1119213,-421,0
-559021,207357,353613,1949,-1614825,597416,1017827,418,0
986736,-102704,-882734,1298,1486418,-157105,-1329314,-1,0
109204,-967237,860632,2599,166530,-1490818,1323867,-421,0
-301612,-728678,1032888,2598,-463983,-1124659,1588221,-421,0
1000,366,-1366,0,11550,4227,-15777,0,1
-222115,190735,31380,0,-287443,246833,40610,0,1
648724,-83854,-566172,-1302,1500452,-192506,-1308157,-211,0
520669,554470,-1073191,1948,790759,842918,-1632421,1256,0
130,-18,-112,0,15090,-2132,-12958,0,1
-449817,1077090,-627274,-1,-679111,1626555,-946189,1255,0
-59803,967236,-907434,-1,-90702,1458348,-1366810,836,0
-464768,692275,-226859,648,-1073967,1603094,-527872,1255,0
-675376,519369,157305,1298,-1558477,1201954,357360,837,0
226858,-349714,126104,3248,1037937,-1611683,573326,-420,0
-182813,226626,-43812,1,-236582,293281,-56698,1,1
0,0,0,0,0,0,0,0,1
-458268,-598673,1059539,2598,-705714,-922728,1628650,208,0
-74292,-160869,235162,1,-96143,-208184,304328,1,1
-72153,139755,-65653,1949,-850460,1633258,-781543,1255,0
128054,-542121,413415,-652,368252,-1562667,1193784,-631,0
6999,-9562,2562,-1,19999,-27320,7320,-1,1
-635724,971786,-337363,-1301,-1049878,1609169,-558036,1255,0
-214212,201630,12582,0,-277216,260933,16283,0,1
-2955,5654,-2699,0,-8534,16328,-7793,1,1
381564,687725,-1069291,-2,575211,1036470,-1611055,626,0
-113105,127404,-13001,1298,-1320516,1492911,-171349,1046,0
122204,1950,-122205,1949,1396554,34981,-1431537,-2,0
-270411,1021838,-750779,648,-417480,1576910,-1158384,1046,0
-358814,-708527,1069290,1949,-537926,-1066845,1604560,-211,0
-1054990,704626,353613,3249,-1603095,1070195,534155,1255,0
302261,728027,-1030939,-651,467961,1121516,-1588851,626,0
-228809,1031588,-802781,-2,-345002,1555753,-1209705,1046,0
1023138,-274961,-748829,-652,1577748,-423973,-1154195,-420,0
-174,553,-378,1,-5047,15977,-10929,1,1
300311,-967237,668225,1299,492470,-1595344,1102245,-629,0
-392615,1071240,-677976,649,-592808,1615034,-1021389,837,0
565521,83203,-649375,-651,1307737,193552,-1501082,207,0
430316,-535621,105953,648,1237564,-1542348,304363,-421,0
437,946,-1383,0,5047,10929,-15977,-1,1
-311362,298361,14300,1299,-1441382,1385871,56557,1046,0
-505,-121,626,0,-957,-229,1186,0,1
1950,120254,-120905,1299,7331,1411426,-1417712,1045,0
1306,-1121,-184,1,15090,-12958,-2132,0,1
-1075,-257,1333,1,-12420,-2976,15397,1,1
-133906,29901,107254,3249,-1554288,344582,1210333,627,0
313311,-1057590,747528,3249,466914,-1589479,1121935,-630,0
698126,-245710,-451117,1299,1609797,-567671,-1042546,-420,0
1034838,-226209,-806681,1948,1553868,-341860,-1212219,-211,0
-521320,449166,71502,-652,-1505271,1301244,205492,1465,0
-378965,-666925,1048489,2599,-584639,-1028930,1612939,-630,0
0,122,-122,0,0,14145,-14145,0,1
973086,-92954,-879483,649,1480134,-142232,-1337484,418,0
-443967,-623374,1072540,5199,-675340,-950169,1625926,417,0
599972,-1083591,487518,3899,898218,-1630955,732525,-212,0
-831,1406,-575,0,-9600,16244,-6643,1,1
-63003,59302,3700,-1,-100805,94884,5921,0,1
421215,657824,-1077091,1948,632816,987663,-1620062,417,0
-5547,63822,-58274,1,-8876,102115,-93239,0,1
1075140,-568122,-504419,2599,1632420,-863866,-768346,208,0
380264,687725,-1068641,-652,575002,1036680,-1611264,418,0
400,146,-546,0,11550,4227,-15777,0,1
354913,-1043290,691625,3248,542115,-1605818,1063073,-630,0
30000,30000,30000,90000,60000,60000,60000,180000,1
-770929,-275611,1052389,5849,-1158594,-416851,1576072,627,0
-174857,-841132,1017938,1949,-261841,-1265425,1527265,-1,0
-1061490,332812,732577,3899,-1595554,498335,1098055,836,0
7800,300961,-307462,1299,32468,1398649,-1429861,1256,0
-70710,35355,35355,0,-113137,56568,56568,-1,1
393264,-1073841,683175,2598,587570,-1613988,1026416,-2,0
1950,120904,-121555,1299,6912,1411636,-1417293,1255,0
30000,30000,30000,90000,60000,60000,60000,180000,1
-288611,-31202,321762,1949,-1338112,-141185,1479715,418,0
122204,2600,-122855,1949,1394878,38333,-1433003,208,0
290560,29251,-319162,649,1338111,142231,-1479925,417,0
-426416,533019,-107255,-652,-1232747,1544651,-310858,1046,0
0,122,-122,0,0,14145,-14145,0,1
677975,396514,-1071241,3248,1020550,594692,-1614197,1045,0
-220359,-340613,562271,1299,-638054,-983475,1621109,-420,0
978286,-876233,-102054,-1,1486208,-1330362,-155639,207,0
139105,-42252,-95554,1299,1588850,-467544,-1121517,-211,0
-329563,1060839,-729978,1298,-496241,1596391,-1099313,837,0
563,-243,-320,0,16283,-7032,-9251,0,1
156655,-353614,198907,1948,714930,-1629698,914557,-211,0
91653,436816,-528470,-1,263726,1264796,-1527475,1047,0
30000,30000,30000,90000,60000,60000,60000,180000,1
0,0,0,0,0,0,0,0,1
-191758,997137,-805381,-2,-294938,1539414,-1243430,1046,0
-170307,551220,-380265,648,-496870,1596391,-1098894,627,0
3673,-5562,1888,-1,10608,-16060,5452,0,1
-135206,-407566,543420,648,-390248,-1178703,1568950,-1,0
-9777,3547,6229,-1,-27936,10136,17799,-1,1
30000,30000,30000,90000,60000,60000,60000,180000,1
-134,105,29,0,-15534,12138,3396,0,1
979586,-876233,-101404,1949,1485999,-1330780,-155220,-1,0
-1003638,865182,139105,649,-1505481,1301244,205492,1255,0
588272,497268,-1082941,2599,884393,747189,-1631164,418,0
558,-202,-355,1,16133,-5853,-10279,1,1
30000,30000,30000,90000,60000,60000,60000,180000,1
-284061,-751429,1042639,7149,-435913,-1145607,1581518,-2,0
-1026389,821630,206707,1948,-1542138,1236098,307296,1256,0
-304212,-3251,309411,1948,-1405981,-15920,1422319,418,0
390,270,-661,-1,739,511,-1251,-1,1
260659,303561,-565522,-1302,752216,879785,-1631374,627,0
-169007,550570,-381565,-2,-492261,1595343,-1102455,627,0
-1075,1333,-257,1,-12420,15397,-2976,1,1
88403,893783,-980887,1299,131548,1344605,-1475317,836,0
978936,-82554,-895084,1298,1473221,-125894,-1347119,208,0
36946,-70686,33740,0,59113,-113098,53984,-1,1
-52002,138455,-85804,649,-622553,1619642,-996043,1046,0
3999,-5464,1464,-1,11549,-15777,4227,-1,1
-304212,-3251,309411,1948,-1407447,-12988,1420853,418,0
-155,-482,637,0,-293,-912,1206,1,1
457,59,-516,0,13214,1707,-14922,-1,1
1039388,-247010,-790430,1948,1563504,-373071,-1190434,-1,0
-141056,70202,72152,1298,-1632840,823018,810868,1046,0
-8440,8699,-259,0,-24116,24856,-740,0,1
-1078391,435516,645474,2599,-1622576,653764,969858,1046,0
-371814,976986,-607773,-2601,-614174,1618176,-1003584,418,0
-243760,341262,-96204,1298,-1131781,1586127,-453299,1047,0
-276261,-770279,1048489,1949,-416223,-1159851,1576072,-2,0
-708527,-244410,954235,1298,-1167601,-405121,1572930,208,0
122204,-125455,6500,3249,1389013,-1438868,49226,-629,0
30000,30000,30000,90000,60000,60000,60000,180000,1
-969187,911334,57852,-1,-1454160,1370998,84208,1046,0
-402366,-143656,547320,1298,-1160060,-415385,1575653,208,0
731277,300311,-1030289,1299,1126544,460630,-1587175,-1,0
102053,-137156,38351,3248,1151471,-1579215,427324,-420,0
-503769,1058889,-554471,649,-777144,1633468,-855068,1256,0
568771,-1088791,522619,2599,849830,-1633469,783427,-212,0
-891184,-90354,984786,3248,-1339997,-137834,1478248,417,0
-140,60,80,0,-16283,7032,9251,0,1
140,-60,-80,0,16283,-7032,-9251,0,1
-690326,479067,211907,648,-1592831,1108319,485348,836,0
-1000,1366,-366,0,-11550,15777,-4227,0,1
0,-8573,8573,0,0,-24494,24494,0,1
-505069,33801,473217,1949,-1459397,95519,1364295,417,0
646124,324362,-971787,-1301,1069777,534155,-1603304,628,0
-6429,-3304,9733,0,-18369,-9441,27810,0,1
-783930,-240510,1030288,5848,-1193576,-368253,1562456,627,0
-5201,-302912,310711,2598,-28908,-1400116,1428813,-211,0
-563,320,243,0,-16283,9251,7032,0,1
-4000,-1464,5464,0,-11550,-4227,15777,0,1
-34452,-287961,324362,1949,-160247,-1327848,1488093,-2,0
-110,1276,-1165,1,-1281,14742,-13461,0,1
515469,571371,-1084241,2599,774211,858628,-1632212,627,0
-106604,-25351,135855,3900,-1242802,-295566,1538786,418,0
-354264,181356,172906,-2,-1632421,840823,792854,1256,0
425765,-703327,280160,2598,978027,-1622576,643919,-630,0
884,4396,-5281,-1,2555,12694,-15249,0,1
-558371,358813,200207,649,-1611264,1036261,576049,1046,0
950335,-19501,-926935,3899,1430907,-33307,-1397393,207,0
-709177,-358164,1071240,3899,-1064122,-541068,1605189,-1,0
-42902,137155,-93604,649,-503782,1598067,-1093029,1256,0
625973,-28602,-597373,-2,1445361,-64309,-1380844,208,0
-824881,1023788,-198908,-1,-1239450,1541090,-300594,1046,0
-872333,957485,-84504,648,-1342720,1476782,-132806,1256,0
1306,-1121,-184,1,15090,-12958,-2132,0,1
558370,-360764,-198908,-1302,1610844,-1039194,-572070,-420,0
-162507,-763129,927584,1948,-268126,-1261445,1529360,-211,0
7527,1804,-9331,0,21507,5154,-26661,0,1
-390665,1071240,-679276,1299,-589666,1614615,-1023694,1255,0
960735,-688376,-273661,-1302,1584241,-1135342,-449738,-839,0
-109146,-130940,240086,0,-141248,-169451,310700,1,1
-364664,555120,-189808,648,-1055114,1607912,-551961,837,0
-146256,1003637,-856083,1298,-221413,1513021,-1290143,1465,0
-297062,-751429,1054339,5848,-449948,-1135133,1585079,-2,0
796929,-1025739,230758,1948,1206143,-1557430,350866,-421,0
139105,-99454,-39002,649,1586755,-1128220,-459165,-630,0
-537,607,-69,1,-1018,1149,-131,0,1
336062,-267811,-66303,1948,1545070,-1231281,-314210,-421,0
-880133,-111155,995837,4549,-1321564,-169464,1491655,627,0
65002,-143006,78652,648,738600,-1631583,892353,-630,0
-1004938,863882,140405,-651,-1506528,1299149,208844,1465,0
649374,-1053040,405615,1949,994785,-1619853,624438,-630,0
621423,-1083591,466067,3899,928801,-1628441,699010,-630,0
557720,-359464,-198908,-652,1610844,-1038566,-572908,-630,0
-822931,1025088,-201508,649,-1236308,1542975,-304993,1674,0
425115,-703327,281460,3248,975933,-1622576,646223,-420,0
-64,141,-77,0,-7415,16311,-8896,0,1
5587,-3559,-2027,1,16133,-10279,-5853,1,1
529769,-1084891,559670,4548,792854,-1633678,840823,-1,0
-155,637,-482,0,-293,1206,-912,1,1
664324,400415,-1062140,2599,1009029,608099,-1616501,627,0
-565,282,282,-1,-16334,8167,8167,0,1
38351,909384,-947086,649,57186,1385661,-1441592,1255,0
482,-497,14,-1,13927,-14354,427,0,1
586971,395864,-982187,648,971743,651460,-1622576,627,0
109146,-240086,130940,0,141248,-310700,169451,-1,1
-132605,104653,30551,2599,-1551774,1216826,335994,1046,0
-845032,995187,-148206,1949,-1285744,1515534,-228326,1464,0
533019,551870,-1083591,1298,804165,829721,-1633050,836,0
696176,-958786,263259,649,1145606,-1581310,435493,-211,0
351663,-133906,-215809,1948,1617548,-614593,-1003375,-420,0
55252,83853,-138456,649,630093,989967,-1619853,207,0
-318512,24700,295111,1299,-1469032,116885,1352355,208,0
453066,242459,-695527,-2,1047782,561386,-1608541,627,0
512869,-991288,478417,-2,842708,-1633469,790340,-421,0
239858,711776,-951636,-2,396531,1174513,-1570208,836,0
-82554,-58503,142355,1298,-963156,-660677,1623832,-1,0
36401,286010,-320463,1948,160875,1328056,-1487466,1465,0
63702,-969187,909384,3899,94053,-1459606,1365133,-420,0
119604,863232,-983487,-651,182031,1315488,-1496054,1465,0
-676026,-392615,1074490,5849,-1020132,-594484,1614824,208,0
339312,-80604,-257410,1298,1561828,-367625,-1194414,-211,0
-657175,555120,103353,1298,-1516164,1283439,233980,1255,0
-726728,-320463,1051739,4548,-1104759,-489119,1594506,628,0
64,-141,77,0,7415,-16311,8896,0,1
936685,7150,-943186,649,1410170,8797,-1418550,417,0
-592,557,34,-1,-1121,1055,65,-1,1
23400,-132605,111804,2599,248644,-1522657,1273593,-420,0
8450,850881,-859983,-652,13615,1408284,-1421063,836,0
1083590,-582422,-501169,-1,1631582,-878738,-752845,-1,0
-785880,-237909,1029638,5849,-1196299,-364274,1561409,836,0
253509,-1042640,791729,2598,378307,-1565599,1187081,-211,0
-261960,-304862,565521,-1301,-753683,-878110,1632001,208,0
-686426,194357,494668,2599,-1583405,447433,1136808,836,0
-1060190,314611,747528,1949,-1589060,470056,1120050,1046,0
979586,-876233,-102704,649,1486837,-1329524,-157524,-211,0
378964,668225,-1046540,649,585685,1028091,-1612731,1045,0
-1306,1121,184,-1,-15090,12958,2132,0,1
-52,-547,599,0,-98,-1037,1136,1,1
-795630,906133,-111155,-652,-1312347,1498777,-184965,1465,0
-627924,31201,599972,3249,-1446619,67869,1379168,418,0
-505,626,-121,0,-957,1186,-229,0,1
-123505,993887,-869083,1299,-186012,1498777,-1311718,1047,0
663674,399764,-1063440,-2,1009239,607889,-1616501,627,0
1084240,-488169,-595423,648,1630535,-735459,-895077,-1,0
36946,33740,-70686,0,59113,53984,-113098,-1,1
103,-620,516,-1,196,-1175,978,-1,1
52,547,-599,0,98,1037,-1136,-1,1
705926,-393915,-312012,-1,1629488,-907855,-722053,-420,0
139105,839181,-978937,-651,215547,1294960,-1509461,1046,0
-204988,211281,-6293,0,-265279,273423,-8144,0,1
30000,30000,30000,90000,60000,60000,60000,180000,1
-202158,351013,-147556,1299,-938438,1627602,-687909,1255,0
266509,-338013,72152,648,1220806,-1550517,329081,-630,0
-1062790,722177,344512,3899,-1599534,1085068,515512,1046,0
960085,-689676,-271711,-1302,1583613,-1137437,-447015,-839,0
30000,30000,30000,90000,60000,60000,60000,180000,1
-656525,-418616,1079690,4549,-988293,-631770,1620271,208,0
-377015,-689676,1071240,4549,-569557,-1041080,1610635,-2,0
4494,-9885,5391,0,12840,-28245,15404,-1,1
1073190,-497919,-575272,-1,1631792,-757035,-874758,-1,0
-222115,190735,31380,0,-287443,246833,40610,0,1
-5379,4203,1176,0,-15534,12138,3396,0,1
-71503,139755,-65653,2599,-848784,1633258,-783428,1046,0
771578,-1052390,283410,2598,1153775,-1578796,424810,-211,0
-1084241,488168,599322,3249,-1629907,732735,898218,1046,0
-1080991,635723,447216,1948,-1624461,955823,669893,1255,0
566821,-287961,-278861,-1,1632839,-828674,-804795,-630,0
-2310,9491,-7180,1,-6602,27119,-20516,1,1
-422516,700726,-276911,1299,-977819,1622575,-643710,1046,0
799529,237258,-1033539,3248,1203839,354427,-1557849,417,0
456967,622723,-1079041,649,690003,937390,-1626556,837,0
369863,689025,-1056940,1948,561596,1047782,-1608541,837,0
-212558,-138456,353613,2599,-984103,-636797,1620899,-1,0
1037438,-711127,-325663,648,1596391,-1095333,-501688,-630,0
297061,-966587,670825,1299,487442,-1594088,1106225,-421,0
-504419,1058889,-553821,649,-777982,1633468,-854440,1046,0
-445917,-622074,1072540,4549,-678273,-947655,1626345,417,0
-36946,70686,-33740,0,-59113,113098,-53984,1,1
30000,30000,30000,90000,60000,60000,60000,180000,1
30000,30000,30000,90000,60000,60000,60000,180000,1
-128705,111804,20150,3249,-1507156,1298102,210310,1256,0
-1086191,563571,524569,1949,-1632212,847107,786360,1255,0
938635,-742328,-196308,-1,1547584,-1225625,-322588,-629,0
-757929,-172257,931484,1298,-1249296,-285931,1535853,626,0
240416,-120208,-120208,0,311126,-155563,-155563,0,1
-845682,994537,-146906,1949,-1287001,1514906,-226022,1883,0
1033538,-812531,-219709,1298,1550516,-1219969,-331177,-630,0
11,-127,116,0,1281,-14742,13461,0,1
-57206,64597,-7391,0,-91529,103355,-11826,0,1
928884,-956836,30551,2599,1391527,-1436774,44617,-630,0
-539521,120254,419915,648,-1555126,346677,1209285,836,0
-403666,-142356,546670,648,-1163412,-410986,1574606,208,0
122204,-664325,544720,2599,278598,-1533341,1254531,-212,0
1033538,-811231,-222959,-652,1551983,-1217037,-335576,-630,0
-460218,-617524,1082290,4548,-694402,-933411,1627812,-1,0
-933435,29251,906133,1949,-1434888,43151,1392574,837,0
507669,-682526,176806,1949,1168019,-1573350,404701,-630,0
-841132,-171607,1017288,4549,-1265634,-260375,1526636,627,0
-646,457,188,-1,-1223,866,357,0,1
559670,-207358,-352964,-652,1614615,-594903,-1019923,-211,0
141705,-52002,-87104,2599,1613358,-587781,-1025998,-421,0
54,-140,86,0,6250,-16194,9943,-1,1
-434217,-642225,1081640,5198,-656069,-967555,1623413,-211,0
-9414,2058,7356,0,-26899,5880,21019,0,1
30000,30000,30000,90000,60000,60000,60000,180000,1
-1008838,825530,187207,3899,-1533131,1254112,280274,1255,0
-9414,7356,2058,0,-26899,21019,5880,0,1
30000,30000,30000,90000,60000,60000,60000,180000,1
-291211,563571,-272361,-1,-843338,1633677,-789294,1045,0
-1004938,177456,833331,5849,-1528523,267077,1262282,836,0
36946,33740,-70686,0,59113,53984,-113098,-1,1
1375,-401,-973,1,15882,-4639,-11243,0,1
-437,1383,-946,0,-5047,15977,-10929,1,1
-1040039,248309,793679,1949,-1563086,372651,1190852,417,0
-783930,-258710,1045239,2599,-1177865,-390667,1568950,418,0
-23401,-926935,954885,4549,-38334,-1395298,1433421,-211,0
885983,-59803,-825531,649,1461909,-100547,-1361363,-1,0
559020,-358814,-201508,-1302,1611682,-1033329,-579192,-839,0
-980887,367263,615573,1949,-1615663,603281,1013428,1046,0
880132,-995838,117004,1298,1319049,-1494379,175328,-2,0
-1375,973,401,-1,-15882,11243,4639,0,1
4494,5391,-9885,0,12840,15404,-28245,-1,1
1052389,-644175,-405616,2598,1619223,-994158,-625905,-840,0
0,0,0,0,0,0,0,0,1
-45922,-23603,69526,1,-73476,-37765,111242,1,1
-396515,546020,-148856,649,-1146863,1581099,-432981,1255,0
848281,-1011438,163806,649,1275479,-1521820,246130,-211,0
139755,-98804,-38352,2599,1586965,-1127592,-460003,-630,0
726077,326312,-1049140,3249,1101197,494355,-1594926,626,0
1409,-801,-608,0,16283,-9251,-7032,0,1
-332,-230,562,0,-9600,-6643,16244,1,1
115704,-130655,16900,1949,1320515,-1493122,171977,-630,0
3673,-5562,1888,-1,10608,-16060,5452,0,1
867782,-1003638,138455,2599,1299568,-1506947,206959,-420,0
796929,-1025739,231408,2598,1206562,-1557220,350866,208,0
45922,-69526,23603,-1,73476,-111242,37765,-1,1
876232,-958786,85803,3249,1344605,-1475526,130501,-420,0
1031588,-260010,-772229,-651,1570207,-396113,-1173885,209,0
-134,105,29,0,-15534,12138,3396,0,1
788479,219708,-1006888,1299,1216198,335575,-1551565,208,0
371163,-980887,610372,648,609984,-1617549,1007354,-211,0
940585,-740378,-199558,649,1549259,-1222064,-328035,-840,0
635073,-590873,-42902,1298,1462538,-1361154,-102223,-839,0
141705,838531,-979587,649,218270,1293284,-1510508,1046,0
-1260,1186,74,0,-14553,13698,854,-1,1
642,770,-1412,0,7415,8896,-16311,0,1
378964,-707877,331512,2599,870149,-1632840,761852,-839,0
312661,391964,-703977,648,722052,908064,-1629489,627,0
898333,-977637,80603,1299,1350889,-1470918,119608,-421,0
-1066690,640924,430316,4550,-1621948,973210,650203,1465,0
30000,30000,30000,90000,60000,60000,60000,180000,1
64,77,-141,0,7415,8896,-16311,0,1
648724,-85804,-564872,-1952,1501919,-195229,-1306272,418,0
46151,586321,-632474,-2,105155,1359687,-1463586,1256,0
541,860,-1402,-1,6250,9943,-16194,-1,1
-550571,165756,386764,1949,-1590946,477597,1113975,626,0
0,0,0,0,0,0,0,0,1
703326,249609,-954886,-1951,1163411,410985,-1574188,208,0
170956,843081,-1014038,-1,258070,1268147,-1525381,836,0
58502,887933,-944486,1949,88816,1368694,-1456464,1046,0
133254,865182,-997138,1298,200046,1304595,-1503386,1255,0
785229,258059,-1040689,2599,1182682,384591,-1566647,626,0
963986,-291211,-674076,-1301,1591782,-481159,-1111253,-630,0
-193708,998437,-804731,-2,-297452,1540252,-1241545,1255,0
564221,-323713,-241160,-652,1627602,-931107,-696497,-2,0
-193058,-827482,1023788,3248,-291796,-1245944,1537738,-2,0
30000,30000,30000,90000,60000,60000,60000,180000,1
141705,-52652,-87104,1949,1613358,-588828,-1024950,-420,0
75402,65652,-138456,2598,858209,774420,-1632212,417,0
-344513,105303,240509,1299,-1594297,491422,1103083,208,0
-1053040,647424,408215,2599,-1618596,995623,624228,1255,0
538870,-122205,-418616,-1951,1555963,-349401,-1206773,-211,0
-210608,558370,-347114,648,-612499,1617967,-1005050,418,0
-47452,326312,-276911,1949,-224974,1514278,-1288258,1046,0
787179,221658,-1007538,1299,1213684,339974,-1553031,627,0
-606473,615573,-6501,2599,-1403049,1425461,-21157,1255,0
35101,-135856,104653,3898,381449,-1566437,1184358,-630,0
30000,30000,30000,90000,60000,60000,60000,180000,1
293160,-566172,274310,1298,841242,-1633678,792225,-211,0
-521320,450466,70852,-2,-1504852,1302291,204026,1465,0
-343863,104653,241809,2599,-1593250,487861,1106015,626,0
131954,-113755,-16251,1948,1507993,-1297684,-210521,-212,0
226208,-349714,126104,2598,1035842,-1612102,576049,-211,0
43,94,-138,-1,5047,10929,-15977,-1,1
-99,136,-36,1,-11549,15777,-4227,1,1
3999,-5464,1464,-1,11549,-15777,4227,-1,1
-484269,-9751,495968,1948,-1399069,-29327,1429232,836,0
-980887,366613,615573,1299,-1615454,602443,1014057,1046,0
5500,-3893,-1606,1,15882,-11243,-4639,0,1
1022488,-276261,-748179,-1952,1578167,-425649,-1152519,-1,0
-618824,1079690,-460218,648,-932154,1628231,-694612,1465,0
-223609,945135,-722178,-652,-370558,1563713,-1192319,836,0
-979587,83853,898983,3249,-1472175,124845,1348166,836,0
-220359,944485,-724778,-652,-365530,1561828,-1195671,627,0
625973,-29252,-597373,-652,1445361,-64099,-1381054,208,0
650,-122855,124804,2599,-4818,-1412265,1417082,-1,0
-99454,-37052,138455,1949,-1158384,-417480,1575863,-1,0
-176807,-375715,554470,1948,-513418,-1086535,1599533,-420,0
0,0,0,0,0,0,0,0,1
240416,-120208,-120208,0,311126,-155563,-155563,0,1
988687,-501819,-488819,-1951,1632839,-828674,-804585,-420,0
-70710,35355,35355,0,-113137,56568,56568,-1,1
-420566,700726,-278211,1949,-974048,1622994,-647900,1046,0
-1205,1242,-37,0,-13927,14354,-427,0,1
336062,-268461,-66953,648,1544442,-1232328,-312953,-839,0
-103,620,-516,1,-196,1175,-978,1,1
906133,66302,-969187,3248,1364086,96357,-1459816,627,0
-559671,206707,354263,1299,-1614616,595740,1019294,418,0
-884,-4396,5281,1,-2555,-12694,15249,0,1
-140406,59802,81253,649,-1628232,708017,920841,626,0
-167707,1013387,-844382,1298,-253253,1524751,-1270452,1046,0
222115,-31380,-190735,0,287443,-40610,-246833,0,1
-127405,986086,-858033,648,-193972,1502128,-1306901,1255,0
551220,-166407,-386765,-1952,1591154,-477389,-1113976,-211,0
-484919,-9101,495968,1948,-1399906,-28279,1428603,418,0
-1059540,578521,483618,2599,-1630326,891306,740485,1465,0
-411466,1075790,-663675,649,-619411,1619014,-998557,1046,0
-211908,-138456,353613,3249,-983894,-637216,1620899,-211,0
0,-122,122,0,0,-14145,14145,0,1
432266,97503,-531070,-1301,1250342,284882,-1535016,208,0
-8451,615573,-606473,649,-21995,1425880,-1403049,836,0
1040038,-251560,-788480,-2,1565179,-378518,-1186663,-2,0
141313,-239099,97786,0,182875,-309422,126546,-1,1
-72153,139755,-65653,1949,-852135,1633258,-779867,1256,0
1306,-1121,-184,1,15090,-12958,-2132,0,1
169999,-232224,62224,-1,219999,-300525,80525,-1,1
-189158,-163807,354913,1948,-878110,-753474,1631792,208,0
2568,3080,-5649,-1,7415,8896,-16311,0,1
-1014689,838531,180056,3898,-1528523,1262282,267496,1255,0
0,0,0,0,0,0,0,0,1
568771,-1088791,523269,3249,849202,-1633469,784056,-211,0
551870,-166407,-386765,-1302,1590945,-476760,-1114395,-210,0
-254160,562921,-308762,-1,-735250,1630954,-894868,836,0
141055,-52652,-87104,1299,1613987,-591342,-1022856,-211,0
996487,-876233,-118955,1299,1495634,-1316746,-179100,-212,0
-1066040,421215,648724,3899,-1620481,638053,983683,1255,0
-1014038,839181,177456,2599,-1527475,1263958,265192,1675,0
143655,208657,-349064,3248,654392,968811,-1622785,418,0
-139106,50701,90353,1948,-1613778,591550,1022645,417,0
-707877,345162,364663,1948,-1632421,797253,836005,837,0
-330,-1025,1355,0,-3813,-11848,15661,0,1
963336,-290561,-674726,-1951,1591782,-480112,-1111882,-212,0
-25351,930184,-904184,649,-38753,1434259,-1394041,1465,0
598672,26000,-623374,1298,1383148,60537,-1443686,-1,0
-63053,139105,-75403,649,-739858,1631582,-890888,836,0
505068,-34452,-473218,-2602,1459605,-95311,-1364087,207,0
-56124,-174391,230515,0,-72631,-225683,298314,0,1
-898334,974386,-72153,3899,-1354032,1468194,-112906,1256,0
69840,-44499,-25340,1,111744,-71199,-40544,1,1
429666,-536271,107904,1299,1234213,-1544024,309181,-630,0
-567472,-81904,651324,1948,-1308367,-191668,1500452,417,0
-7151,614923,-606473,1299,-18853,1424414,-1404515,1046,0
904833,67602,-969837,2598,1362619,98871,-1461072,418,0
-213859,-811881,1028988,3248,-324055,-1224578,1548841,208,0
-295,565,-269,1,-8534,16328,-7793,1,1
624023,-1082941,463467,4549,932572,-1628022,695030,-420,0
133254,-20801,-110505,1948,1510507,-217852,-1292866,-211,0
-1084241,471267,616223,3249,-1628022,707598,921470,1046,0
-505069,1058889,-552521,1299,-779658,1633468,-852764,1046,0
-120,-3,124,1,-13927,-427,14354,0,1
1000,366,-1366,0,11550,4227,-15777,0,1
0,0,0,0,0,0,0,0,1
664,-332,-332,0,1258,-629,-629,0,1
276910,-1024439,750778,3249,423553,-1578377,1154403,-421,0
802130,233358,-1032239,3249,1207400,349190,-1555964,626,0
-137156,96203,41601,648,-1587385,1125706,462725,1046,0
0,0,0,0,0,0,0,0,1
37051,909384,-947086,-651,55719,1386499,-1441173,1045,0
94253,435516,-528470,1299,269172,1261235,-1529361,1046,0
-3788,-6026,9814,0,-10823,-17218,28042,1,1
695526,-959436,264559,649,1143930,-1581938,437378,-630,0
-599323,-24051,627273,3899,-1383149,-59700,1443266,417,0
911984,-791080,-120255,649,1502547,-1305644,-197533,-630,0
30000,30000,30000,90000,60000,60000,60000,180000,1
-141313,-97786,239099,0,-182875,-126546,309422,1,1
530419,137155,-668876,-1302,1227090,320074,-1546956,208,0
254,-658,404,0,481,-1247,766,0,1
549920,-393915,-156006,-1,1584870,-1134295,-450995,-420,0
-632,493,138,-1,-1197,935,261,-1,1
74752,-143006,68902,648,852553,-1633259,779866,-840,0
-986737,570071,417965,1299,-1626556,939903,687279,626,0
63052,269110,-330863,1299,284044,1251389,-1534388,1045,0
101403,-137806,38351,1948,1152099,-1579215,426695,-421,0
107254,882083,-987387,1950,161503,1327428,-1487885,1046,0
-362714,-343863,709176,2599,-836215,-796625,1633049,209,0
-311362,299011,14950,2599,-1442220,1385033,58442,1255,0
5850,852831,-859983,-1302,11311,1409332,-1420016,627,0
798879,237258,-1033539,2598,1203630,355056,-1557849,837,0
30000,30000,30000,90000,60000,60000,60000,180000,1
0,0,0,0,0,0,0,0,1
22750,928884,-950336,1298,34562,1397601,-1431118,1045,0
-700077,436816,264559,1298,-1616082,1010915,606004,837,0
460867,53301,-514820,-652,1329732,156685,-1486000,417,0
0,0,0,0,0,0,0,0,1
-40302,507018,-468018,-1302,-117096,1470079,-1352147,836,0
-1320,5423,-4103,0,-3813,15661,-11848,0,1
-237456,151298,86157,-1,-307296,195798,111497,-1,1
-8440,-259,8699,0,-24116,-740,24856,0,1
-566,-17,584,1,-1073,-32,1106,1,1
880782,-996488,117654,1948,1318421,-1494798,176166,-211,0
748828,-937986,189157,-1,1231280,-1545490,313580,-630,0
377664,-1060840,687075,3899,569137,-1611055,1041707,-211,0
173556,841781,-1015339,-2,262469,1265633,-1527266,836,0
1144,-1291,147,0,13214,-14922,1707,-1,1
354913,-159906,-193058,1949,1630325,-731898,-898848,-421,0
34451,101403,-134556,1298,387524,1181007,-1567485,1046,0
332,-562,230,0,9600,-16244,6643,-1,1
239208,711776,-951636,-652,395693,1174932,-1570208,417,0
-19501,130654,-109205,1948,-251158,1523704,-1271919,627,0
-2310,9491,-7180,1,-6602,27119,-20516,1,1
-106604,-25351,135205,3250,-1244268,-293053,1537948,627,0
120,3,-124,-1,13927,427,-14354,0,1
941235,-923685,-16251,1299,1427765,-1401373,-26394,-2,0
1086190,-544071,-542771,-652,1633258,-818410,-814849,-1,0
409515,294461,-702677,1299,944512,682462,-1625718,1256,0
-2568,5649,-3080,1,-7415,16311,-8896,0,1
-912635,963986,-50052,1299,-1373303,1452274,-77924,1047,0
26000,-930835,906783,1948,37914,-1433422,1395507,-1,0
47451,462817,-510920,-652,136157,1342091,-1477411,837,0
592822,481668,-1071891,2599,899685,731269,-1630117,837,0
-165757,-761829,928234,648,-272524,-1258722,1531035,-211,0
-531720,-137806,671475,1949,-1227301,-319027,1546746,418,0
5587,-3559,-2027,1,16133,-10279,-5853,1,1
30000,30000,30000,90000,60000,60000,60000,180000,1
-6999,9562,-2562,1,-19999,27320,-7320,1,1
1320,4103,-5423,0,3813,11848,-15661,0,1
367,-556,188,-1,10608,-16060,5452,0,1
102053,35101,-134556,2598,1159012,416850,-1575864,-2,0
403665,141055,-545371,-651,1164249,410147,-1573769,627,0
-182813,-43812,226626,1,-236582,-56698,293281,1,1
505,-626,121,0,957,-1186,229,0,1
16507,51291,-67798,0,26411,82066,-108478,-1,1
706576,-394565,-311362,649,1629488,-909531,-720168,-211,0
712426,-1039389,328912,1949,1092400,-1598277,505457,-420,0
55902,-141056,87753,2599,623600,-1619853,995623,-630,0
696176,-959436,263909,649,1144768,-1581729,436331,-630,0
30000,30000,30000,90000,60000,60000,60000,180000,1
109146,130940,-240086,0,141248,169451,-310700,-1,1
443966,624673,-1068641,-2,674711,951005,-1624880,836,0
724127,339962,-1062140,1949,1089676,509018,-1598277,417,0
482318,-499869,18200,649,1387966,-1439706,51320,-420,0
-1075141,685775,390664,1298,-1612521,1029767,584009,1255,0
-147556,919134,-773529,-1951,-242360,1520771,-1277365,1046,0
-318512,24700,295111,1299,-1469242,117723,1351936,417,0
-263910,334112,-68253,1949,-1223530,1549050,-324055,1465,0
-592,557,34,-1,-1121,1055,65,-1,1
216,-560,344,0,6250,-16194,9943,-1,1
286660,753378,-1038089,1949,435703,1146025,-1580472,1256,0
-573322,983486,-410816,-652,-946189,1626555,-679530,836,0
639623,-975687,337362,1298,1050714,-1608541,557406,-421,0
297711,754028,-1051740,-1,448271,1136598,-1584033,836,0
-37609,-186838,224447,0,-48670,-241791,290462,1,1
-1000,-366,1366,0,-11550,-4227,15777,0,1
-70492,40050,30441,-1,-112788,64081,48706,-1,1
431,-653,221,-1,817,-1237,420,0,1
-642875,1049789,-406266,648,-991225,1620480,-627790,1465,0
-933435,9750,929534,5849,-1420016,12358,1408703,1045,0
-137,97,40,0,-15882,11243,4639,0,1
452416,243109,-695527,-2,1046944,562434,-1608751,627,0
-237456,151298,86157,-1,-307296,195798,111497,-1,1
-375715,705276,-327613,1948,-869522,1632839,-762062,1255,0
30000,30000,30000,90000,60000,60000,60000,180000,1
0,0,0,0,0,0,0,0,1
204988,6293,-211281,0,265279,8144,-273423,0,1
-520670,451766,68902,-2,-1503177,1305014,199417,1254,0
-220359,-339963,562921,2599,-637635,-983684,1621109,-210,0
-362714,-343213,708526,2599,-837263,-795787,1633049,-1,0
0,0,0,0,0,0,0,0,1
-3901,-303562,310061,2598,-24718,-1402420,1426718,-420,0
0,0,0,0,0,0,0,0,1
-10401,-117655,129354,1298,-131759,-1344187,1475735,-211,0
-1066690,420565,649374,3249,-1620481,637634,983893,1046,0
0,0,0,0,0,0,0,0,1
3673,1888,-5562,-1,10608,5452,-16060,0,1
-228649,49985,178664,0,-295899,64686,231212,-1,1
-516120,-567472,1086190,2598,-776725,-856115,1632630,-210,0
312661,391314,-703977,-2,723518,906597,-1629489,626,0
247659,-344513,98803,1949,1135970,-1585080,448481,-629,0
-481019,497268,-16251,-2,-1388385,1439286,-49855,1046,0
-890534,-70853,967886,6499,-1355498,-110602,1466937,837,0
505718,-35752,-472568,-2602,1460653,-97824,-1362830,-1,0
-165757,-187858,355563,1948,-766252,-866170,1632211,-211,0
797579,-909385,113104,1298,1311299,-1498987,187478,-210,0
30000,30000,30000,90000,60000,60000,60000,180000,1
-7527,-1804,9331,0,-21507,-5154,26661,0,1
84503,56552,-138456,2599,960013,664447,-1624042,418,0
-39002,507018,-468668,-652,-115629,1469450,-1352985,836,0
204107,809280,-1014689,-1302,311695,1233375,-1543814,1256,0
550570,-393915,-156656,-1,1585079,-1133457,-452252,-630,0
0,-208206,208206,0,0,-269443,269443,0,1
-8440,8699,-259,0,-24116,24856,-740,0,1
-442017,986086,-546021,-1952,-729803,1630954,-900105,1046,0
-928885,-23401,956835,4549,-1394670,-37706,1433002,626,0
-9868,4261,5607,0,-28197,12176,16020,-1,1
-124805,118304,8450,1949,-1451646,1374140,78552,1046,0
976986,-362714,-616874,-2602,1615034,-599302,-1016153,-421,0
1056939,-312662,-744928,-651,1589478,-470057,-1119841,-420,0
-64,-77,141,0,-7415,-8896,16311,0,1
960735,-689676,-271711,-652,1583404,-1137437,-446806,-839,0
453066,-1079691,630523,3898,677225,-1626346,949120,-1,0
794979,-1038739,245709,1949,1193156,-1563086,369928,-2,0
228158,-694227,468017,1948,524100,-1602257,1077527,-630,0
-332,-230,562,0,-9600,-6643,16244,1,1
126,-7,-118,1,14553,-854,-13698,1,1
137155,840481,-978287,-651,212824,1296845,-1508413,1256,0
567471,-287961,-278861,649,1632839,-828465,-804795,-421,0
-92304,-436817,529119,-2,-267916,-1261654,1529360,-210,0
-666925,-378315,1049789,4549,-1028302,-584429,1612730,-1,0
1205,37,-1242,0,13927,427,-14354,0,1
262609,435516,-698127,-2,606632,1010286,-1616501,417,0
99,-136,36,-1,11549,-15777,4227,-1,1
366613,689675,-1056940,-652,559292,1049667,-1608122,837,0
397164,-1074491,680575,3248,593645,-1615035,1020760,-630,0
-169999,232224,-62224,1,-219999,300525,-80525,1,1
-704627,297711,408865,1949,-1626346,686860,939903,417,0
522619,-451117,-70203,1299,1505061,-1302083,-203398,-420,0
-212558,-137806,352963,2599,-985569,-635331,1620690,-210,0
754678,-1056290,304211,2599,1130105,-1586966,456440,-421,0
5379,-1176,-4203,0,15534,-3396,-12138,0,1
705926,-393265,-312662,-1,1629697,-907646,-722262,-211,0
3325,-5625,2300,0,9600,-16244,6643,-1,1
-768329,1015988,-245710,1949,-1183521,1566855,-381869,1465,0
-570722,-514820,1088140,2598,-856953,-775468,1632630,209,0
-702027,1067339,-364014,1298,-1056581,1607283,-549657,1045,0
-526520,-462818,989337,-1,-867008,-765414,1632211,-211,0
1053689,-341263,-711127,1299,1600580,-519912,-1080880,-212,0
378964,-1061490,687075,4549,570813,-1611474,1040241,-420,0
-646,188,457,-1,-1223,357,866,0,1
-32502,-102704,137155,1949,-384173,-1182893,1566855,-211,0
27059,-70105,43045,-1,43295,-112169,68873,-1,1
-60290,-1850,62141,1,-96465,-2961,99426,0,1
-344513,105303,241159,1949,-1593878,490375,1103921,418,0
-1004938,863232,142355,649,-1507575,1297473,210938,836,0
769628,-1019889,251559,1298,1180588,-1568323,387314,-421,0
-113105,-14951,130654,2598,-1323868,-165903,1489979,208,0
-505,-121,626,0,-957,-229,1186,0,1
-72153,139105,-66303,649,-848365,1633468,-783847,1256,0
-980237,362063,618823,649,-1614616,596159,1019294,837,0
-8820,8302,518,0,-25201,23721,1480,0,1
347,-664,317,0,657,-1258,600,-1,1
804080,96853,-900934,-1,1329104,157523,-1486209,418,0
430,-533,103,0,12420,-15397,2976,-1,1
0,0,0,0,0,0,0,0,1
-1053040,648724,405615,1299,-1618177,998765,620667,1255,0
636373,-589573,-45502,1298,1465051,-1357802,-107669,-420,0
570721,516119,-1085541,1299,857581,775467,-1632421,627,0
-5639,2435,3204,0,-16283,7032,9251,0,1
-1043940,356863,689675,2598,-1605818,547771,1059093,1046,0
-68756,20082,48674,0,-110011,32132,77878,-1,1
74292,160869,-235162,-1,96143,208184,-304328,-1,1
1005587,-174857,-829432,1298,1528941,-266450,-1261864,627,0
-1088141,548620,542120,2599,-1632631,823018,810659,1046,0
492718,189807,-684476,-1951,1140578,442196,-1582357,417,0
-91,-47,139,1,-10608,-5452,16060,0,1
-4301,5332,-1030,1,-12420,15397,-2976,1,1
351663,-133906,-216459,1298,1616919,-611451,-1006098,-630,0
45501,92953,-136506,1948,511322,1088001,-1598696,627,0
-109146,240086,-130940,0,-141248,310700,-169451,1,1
-130,112,18,0,-15090,12958,2132,0,1
-131305,-865183,1000387,3899,-200047,-1304177,1504223,-1,0
85153,55902,-138456,2599,963574,660676,-1623414,836,0
33,-135,102,0,3813,-15661,11848,0,1
214212,-201630,-12582,0,277216,-260933,-16283,0,1
-992588,501818,489468,-1302,-1632840,827417,806469,1046,0
30000,30000,30000,90000,60000,60000,60000,180000,1
-1065390,421215,648724,4549,-1620691,638891,982845,1045,0
636373,-590223,-44202,1948,1464423,-1358850,-106203,-630,0
-120255,992587,-871033,1299,-181194,1496891,-1314442,1255,0
-54,140,-86,0,-6250,16194,-9943,1,1
-9101,126754,-115705,1948,-123380,1472592,-1348586,626,0
-353614,157305,196307,-2,-1629907,730640,900104,837,0
329562,-53302,-275611,649,1518258,-237961,-1280088,209,0
-995188,874932,121554,1298,-1495217,1316745,179727,1255,0
927584,29251,-954236,2599,1393831,40637,-1434260,208,0
148205,-1004938,860632,3899,219736,-1511765,1292027,-2,0
-178107,351663,-172257,1299,-829093,1633886,-803538,1255,0
1039388,-248310,-789780,1298,1564132,-375585,-1188967,-420,0
-854783,-148206,1007537,4548,-1286791,-226650,1514487,1046,0
256,-564,308,0,7415,-16311,8896,0,1
-33,135,-102,0,-3813,15661,-11848,0,1
261959,436816,-698127,648,604119,1012172,-1615873,418,0
893133,73452,-963337,3248,1356126,110811,-1466309,628,0
911334,-792380,-117655,1299,1501290,-1307529,-194182,-421,0
0,0,0,0,0,0,0,0,1
65328,-56098,-9229,1,104525,-89757,-14767,1,1
-605173,-472568,1084240,6499,-913511,-715559,1629488,418,0
-1144,1291,-147,0,-13214,14922,-1707,1,1
-63003,59302,3700,-1,-100805,94884,5921,0,1
-170307,677325,-506369,649,-397580,1571254,-1172838,836,0
30000,30000,30000,90000,60000,60000,60000,180000,1
1044589,-270411,-773529,649,1573977,-409101,-1164878,-2,0
-25351,930184,-904184,649,-40010,1434678,-1393622,1046,0
-297062,-752729,1053689,3898,-448691,-1136180,1584870,-1,0
1300,939935,-941236,-1,1675,1414150,-1414988,837,0
86453,-527170,442666,1949,246549,-1522029,1275060,-420,0
125617,114716,-240333,0,162563,148456,-311020,-1,1
976986,-630524,-345813,649,1610216,-1040451,-570395,-630,0
-897034,975036,-74753,3249,-1351728,1469869,-116886,1255,0
57206,-64597,7391,0,91529,-103355,11826,0,1
-201508,350363,-148856,-1,-933411,1627812,-693565,836,0
-195658,-826181,1024438,2599,-294938,-1244268,1538786,-420,0
-971787,93603,884033,5849,-1478459,139508,1339996,1045,0
1082290,-579822,-501819,649,1631792,-876434,-755359,-1,0
608422,473217,-1080991,648,917909,711788,-1628860,837,0
-545371,1084240,-536921,1948,-822181,1633886,-810450,1255,0
211257,478417,-687726,1948,485348,1108319,-1593040,627,0
494668,592172,-1084891,1949,743418,888373,-1630955,836,0
-118955,-3251,125454,3248,-1395298,-36868,1432374,208,0
-74103,334762,-258710,1949,-349820,1557010,-1206354,836,0
56124,174391,-230515,0,72631,225683,-298314,0,1
-47452,-912635,963336,3249,-73525,-1376655,1450179,-1,0
-167057,1012737,-845032,648,-251577,1523704,-1271500,627,0
-956186,876232,81253,1299,-1470918,1350260,122122,1464,0
0,0,0,0,0,0,0,0,1
30000,30000,30000,90000,60000,60000,60000,180000,1
-9101,126104,-116355,648,-121495,1471964,-1349633,836,0
360763,707876,-1065390,3249,541486,1064121,-1604980,627,0
216,-560,344,0,6250,-16194,9943,-1,1
1083590,-489469,-593473,648,1630535,-737135,-893611,-211,0
-505,-121,626,0,-957,-229,1186,0,1
140,-60,-80,0,16283,-7032,-9251,0,1
-1081641,633773,449166,1298,-1624880,952681,673035,836,0
-367264,-687726,1061489,6499,-561806,-1047573,1609378,-1,0
60290,1850,-62141,-1,96465,2961,-99426,0,1
-81904,978936,-897684,-652,-122123,1472383,-1349005,1255,0
-789780,-217759,1010137,2598,-1214942,-337252,1552821,627,0
-351014,205407,147555,1948,-1624880,952053,673664,837,0
-11061,66014,-54952,1,-17698,105622,-87924,0,1
-505069,1058889,-553821,-1,-778192,1633468,-853811,1465,0
867132,-1002988,138455,2599,1299778,-1506947,206749,-420,0
0,0,0,0,0,0,0,0,1
-3901,-938636,945785,3248,-8170,-1410799,1418758,-211,0
-132605,-863233,1000387,4549,-202770,-1302292,1505270,208,0
-139,88,50,-1,-16133,10279,5853,-1,1
707876,-1070591,365313,2598,1058046,-1606865,548818,-1,0
795629,-1027039,232708,1298,1204677,-1558268,353589,-2,0
353613,-208008,-144956,649,1625508,-951216,-674503,-211,0
-340613,247009,95553,1949,-1579844,1148119,432561,836,0
120254,-663675,545370,1949,274618,-1532084,1257045,-421,0
-685776,192407,495968,2599,-1582357,443244,1139950,837,0
-522,448,73,-1,-15090,12958,2132,0,1
-454368,517419,-61753,1298,-1314442,1497101,-181613,1046,0
30000,30000,30000,90000,60000,60000,60000,180000,1
-956186,876232,81903,1949,-1471127,1350051,122332,1256,0
1067990,-640274,-427066,650,1622575,-973211,-649575,-211,0
-459568,-597373,1059539,2598,-707180,-921471,1628650,-1,0
941885,-923685,-16901,1299,1427975,-1401163,-27022,-210,0
-57206,64597,-7391,0,-91529,103355,-11826,0,1
146255,-921085,775479,649,240265,-1519725,1279249,-211,0
-993238,878182,117654,2598,-1492493,1320306,173652,1465,0
390,-661,270,-1,739,-1251,511,-1,1
-126755,986086,-858033,1298,-194391,1502338,-1306691,1256,0
892483,89703,-980237,1949,1343976,132177,-1475317,836,0
325662,-286661,-39002,-1,1497520,-1313394,-184755,-629,0
-10401,-117005,130004,2598,-134063,-1342720,1476782,-1,0
46151,-140406,96853,2598,501268,-1597439,1095542,-629,0
141055,839181,-978937,1299,217013,1294122,-1510089,1046,0
126754,-120255,-5201,1298,1452483,-1373303,-80019,-839,0
45501,-138456,96853,3898,500639,-1597230,1096170,-421,0
-1951,-488819,492068,1298,-9008,-1410590,1418967,-631,0
1344,-1050,-294,0,15534,-12138,-3396,0,1
255459,-565522,310711,648,732944,-1631374,897799,-631,0
-1054990,706576,351013,2599,-1602467,1073128,530594,1255,0
-5818,-4026,9845,1,-16625,-11504,28129,0,1
600622,457617,-1056290,1949,925240,703409,-1627813,836,0
1084890,-490119,-592823,1948,1630744,-738601,-892145,-2,0
-771579,-275611,1052389,5199,-1159222,-416013,1575863,628,0
-20801,-928235,953585,4549,-34982,-1397183,1431745,-420,0
-971787,116354,857382,1949,-1494379,177423,1317792,836,0
345812,-107905,-237259,648,1593877,-489748,-1104550,-421,0
-32502,-288611,323712,2599,-155429,-1330571,1485999,-1,0
3788,-9814,6026,0,10823,-28042,17218,-1,1
1060839,-328913,-730628,1298,1595343,-495822,-1099942,-421,0
-301,-362,663,0,-571,-685,1256,0,1
577221,-1060840,486218,2599,884603,-1632002,746770,-629,0
-328913,52651,278210,1948,-1520772,245292,1275688,208,0
995187,-877533,-115705,1949,1493749,-1319259,-174910,-420,0
0,0,0,0,0,0,0,0,1
986736,-434217,-553821,-1302,1628859,-717863,-911835,-839,0
41601,-508970,468667,1298,116047,-1469451,1352984,-420,0
132,410,-542,0,3813,11848,-15661,0,1
-332,-230,562,0,-9600,-6643,16244,1,1
-687076,1069940,-382215,649,-1035215,1612311,-576050,1046,0
1375,-401,-973,1,15882,-4639,-11243,0,1
-10401,-117005,130004,2598,-133225,-1343349,1476572,-2,0
4494,-9885,5391,0,12840,-28245,15404,-1,1
664,-332,-332,0,1258,-629,-629,0,1
-437467,-640274,1080990,3249,-658792,-964832,1623622,-2,0
692275,-1073191,384814,3898,1035423,-1612312,576678,-211,0
-367914,1066689,-697477,1298,-555522,1608540,-1051972,1046,0
-925635,955535,-29252,648,-1389852,1437820,-46713,1255,0
-694227,956185,-263260,-1302,-1144769,1581937,-436332,836,0
0,-4898,4898,0,0,-14145,14145,0,1
-273011,-58503,333462,1948,-1260188,-269173,1529779,418,0
-118305,-863233,987386,5848,-183918,-1313813,1498148,417,0
1077090,-432267,-644825,-2,1623203,-653136,-970069,-2,0
-770929,-275611,1052389,5849,-1158384,-417689,1576281,208,0
-113755,-232709,349063,2599,-532899,-1071034,1603513,-420,0
-134556,-408216,544720,1948,-388153,-1180170,1568322,-1,0
30000,30000,30000,90000,60000,60000,60000,180000,1
0,0,0,0,0,0,0,0,1
-977637,873632,107904,3899,-1486838,1328685,159827,1674,0
-182813,-43812,226626,1,-236582,-56698,293281,1,1
1045239,-273011,-771579,649,1575025,-413081,-1161945,-1,0
233773,-68281,-165491,1,302530,-88364,-214165,1,1
927584,25350,-952936,-2,1395925,36448,-1432165,208,0
30000,30000,30000,90000,60000,60000,60000,180000,1
0,0,0,0,0,0,0,0,1
511569,-991288,479717,-2,839776,-1633678,793482,-420,0
-592,557,34,-1,-1121,1055,65,-1,1
1060839,-507019,-551871,1949,1632420,-783638,-849203,-421,0
30000,30000,30000,90000,60000,60000,60000,180000,1
7800,851531,-859983,-652,12987,1408703,-1420644,1046,0
-692926,956835,-265210,-1301,-1143093,1582356,-438217,1046,0
61102,-967887,910684,3899,89025,-1457302,1368066,-211,0
504,-474,-29,1,14553,-13698,-854,1,1
-824231,989337,-163807,1299,-1268777,1525380,-254929,1674,0
886633,-61753,-824881,-1,1462957,-103271,-1359688,-2,0
36946,33740,-70686,0,59113,53984,-113098,-1,1
30000,30000,30000,90000,60000,60000,60000,180000,1
1074490,-408866,-666275,-651,1617967,-616898,-1001280,-211,0
0,61237,-61237,0,0,97979,-97979,0,1
-42252,-95554,140405,2599,-507553,-1091144,1598067,-630,0
1080340,-633774,-446567,-1,1625089,-953311,-671779,-1,0
-537,607,-69,1,-1018,1149,-131,0,1
526519,-1084241,561621,3899,787826,-1633678,845641,-211,0
-205408,1023138,-817081,649,-309601,1544232,-1233376,1255,0
-912635,789129,123504,-2,-1504224,1303339,201931,1046,0
-1075791,395214,682525,1948,-1613988,592388,1022226,626,0
-119605,122854,-1951,1298,-1390480,1437192,-45456,1256,0
-9101,126104,-115705,1298,-120657,1471545,-1350052,836,0
-130655,-863233,1000387,6499,-200675,-1303759,1504223,-211,0
-347,-317,664,0,-657,-600,1258,1,1
103353,553820,-655875,1298,236075,1282182,-1517211,1046,0
227508,-349714,125454,3248,1041079,-1611055,569346,-630,0
915884,-966587,52651,1948,1373721,-1452484,78552,-211,0
-52,599,-547,0,-98,1136,-1037,1,1
-28602,930834,-902884,-652,-43152,1436144,-1391947,1045,0
-6999,9562,-2562,1,-19999,27320,-7320,1,1
-141056,70202,72152,1298,-1632840,819876,813801,837,0
63003,-59302,-3700,1,100805,-94884,-5921,0,1
-573972,983486,-410816,-1302,-945979,1626764,-679739,1046,0
1069290,-637674,-429667,1949,1623203,-969650,-653555,-2,0
92003,-238359,146356,0,119063,-308465,189402,0,1
221,-1320,1099,0,2555,-15249,12694,0,1
-986737,568121,419265,649,-1626556,937599,690212,1255,0
986086,-105304,-881434,-652,1488093,-161504,-1326800,-211,0
0,0,0,0,0,0,0,0,1
0,0,0,0,0,0,0,0,1
-607123,615573,-6501,1949,-1403677,1425042,-20110,1255,0
142355,-81254,-59153,1948,1627602,-930059,-697754,-211,0
-50000,68301,-18301,0,-80000,109282,-29282,0,1
1042639,-781330,-260660,649,1568950,-1177237,-392343,-630,0
449166,-1080341,633773,2598,672616,-1625718,953310,208,0
-70492,30441,40050,-1,-112788,48706,64081,-1,1
85803,-527170,442666,1299,243197,-1520563,1277364,-2,0
578521,-644175,67602,1948,1331198,-1485371,153962,-211,0
-31852,-103354,137155,1949,-383336,-1183521,1566436,-421,0
9414,-2058,-7356,0,26899,-5880,-21019,0,1
723477,338012,-1061490,-1,1090724,507552,-1597858,418,0
0,0,0,0,0,0,0,0,1
55902,887933,-943836,-1,85883,1370370,-1455207,1046,0
-1084891,620773,466717,2599,-1627184,930687,697544,1047,0
805380,95553,-900284,649,1330151,156057,-1485581,627,0
8820,-518,-8302,0,25201,-1480,-23721,0,1
240509,711126,-952286,-651,397579,1173884,-1570627,836,0
0,-61237,61237,0,0,-97979,97979,0,1
-805381,-94904,902883,2598,-1328686,-157943,1487046,417,0
373764,-982187,607772,-651,614592,-1618177,1003374,-211,0
37609,-224447,186838,0,48670,-290462,241791,-1,1
-205,-444,650,1,-388,-842,1231,1,1
-119605,992587,-872983,-1,-179100,1495844,-1316117,627,0
-63703,640924,-576572,649,-148726,1483695,-1333923,1046,0
-68756,48674,20082,0,-110011,77878,32132,-1,1
0,0,0,0,0,0,0,0,1
-873633,956185,-81904,648,-1344815,1475106,-129036,1255,0
-206058,1023788,-817081,649,-309811,1544023,-1233376,836,0
-170000,-62224,232224,0,-220000,-80525,300525,0,1
-632,493,138,-1,-1197,935,261,-1,1
367,188,-556,-1,10608,5452,-16060,0,1
136505,-990638,858682,4549,202350,-1505271,1303129,208,0
256759,83203,-338013,1949,1177655,391294,-1568532,417,0
-20151,315261,-293161,1949,-97615,1461281,-1362830,836,0
926934,-958786,35101,3249,1388175,-1439706,51320,-211,0
-5500,3893,1606,-1,-15882,11243,4639,0,1
-133906,-862583,1000387,3898,-203817,-1302083,1505689,-211,0
-521320,1082290,-560321,649,-786989,1633468,-845223,1256,0
-990638,502468,489468,1298,-1632840,828045,806050,1255,0
295,-565,269,-1,8534,-16328,7793,-1,1
-53768,66654,-12885,1,-86030,106647,-20617,0,1
769628,282110,-1049140,2598,1156289,420621,-1576911,-1,0
347,317,-664,0,657,600,-1258,-1,1
0,0,0,0,0,0,0,0,1
48101,462817,-510920,-2,136785,1341672,-1477621,836,0
82553,-978937,899633,3249,122332,-1471965,1350051,418,0
330,-1355,1025,0,3813,-15661,11848,0,1
-849582,-13651,866482,3249,-1400744,-26394,1427556,418,0
1205,-1242,37,0,13927,-14354,427,0,1
30000,30000,30000,90000,60000,60000,60000,180000,1
-39652,957485,-917185,648,-59281,1443895,-1383358,1256,0
-457618,-531070,989337,649,-755359,-876644,1632001,-2,0
-9101,126104,-115705,1298,-125056,1473430,-1347538,836,0
734527,-1049790,318511,3248,1111043,-1592831,481787,-1,0
-1073841,568121,509619,3899,-1631793,863446,770021,1674,0
458267,599972,-1056940,1299,706341,922517,-1628232,626,0
-606473,615573,-7801,1299,-1402420,1426090,-22414,1256,0
-1064740,354913,714376,4549,-1602467,530803,1072709,1045,0
-454368,516769,-61753,648,-1314861,1496891,-180985,1045,0
-768979,1015988,-245060,1949,-1184150,1566646,-381031,1465,0
-1006238,146905,862582,3249,-1510718,219317,1292237,836,0
-5500,1606,3893,-1,-15882,4639,11243,0,1
10400,-616874,609072,2598,20737,-1425043,1403885,-421,0
30000,30000,30000,90000,60000,60000,60000,180000,1
-530420,-527170,1062789,5199,-817991,-815478,1633258,-211,0
-566,584,-17,1,-1073,1106,-32,1,1
-703977,295761,410815,2599,-1625718,682462,944302,1046,0
-878183,993237,-113755,1299,-1319050,1493959,-173863,1046,0
-1064090,353613,715026,4549,-1602257,529546,1073756,1045,0
-273011,-58503,333462,1948,-1261445,-267078,1528941,418,0
-275611,701376,-421866,3899,-640987,1622156,-980333,836,0
-691626,956835,-266510,-1301,-1141836,1582775,-440103,836,0
-341913,-721528,1066689,3248,-512999,-1086535,1599323,-211,0
30000,30000,30000,90000,60000,60000,60000,180000,1
66302,74752,-139106,1948,748026,883974,-1630955,1045,0
0,0,0,0,0,0,0,0,1
734527,-1060190,328912,3249,1101616,-1595763,493936,-211,0
-111155,-878833,992587,2599,-167788,-1323658,1491026,-420,0
424465,-703327,281460,2598,975514,-1622785,646642,-629,0
1054989,-431617,-622074,1298,1624251,-666124,-958548,-421,0
959435,-923685,-33802,1948,1439705,-1388385,-51950,-630,0
-897034,975686,-76053,2599,-1351099,1470498,-118143,1256,0
-962037,688375,272360,-1302,-1583823,1137017,447643,837,0
-1008838,824230,188507,3899,-1533969,1252856,282159,1046,0
-674726,519369,157305,1948,-1558687,1201535,357988,836,0
425115,-703977,281460,2598,975933,-1622576,646223,-420,0
505,-626,121,0,957,-1186,229,0,1
1060189,-508320,-551221,648,1632420,-784685,-848365,-630,0
5379,-1176,-4203,0,15534,-3396,-12138,0,1
-437,-946,1383,0,-5047,-10929,15977,1,1
-3673,5562,-1888,1,-10608,16060,-5452,0,1
0,0,0,0,0,0,0,0,1
90353,249609,-339963,-1,410356,1164458,-1574188,626,0
-3059,-6624,9683,0,-8740,-18925,27666,1,1
211257,-1025739,819030,4548,313999,-1545490,1231280,-211,0
116354,-130005,16900,3249,1318840,-1494379,175119,-420,0
-273011,1022488,-749479,-2,-420831,1577748,-1156080,837,0
-239859,-709827,952285,2599,-397580,-1173466,1570835,-211,0
458917,55252,-515470,-1301,1326590,161712,-1487885,417,0
-533020,-525220,1063439,5199,-821133,-812126,1633468,209,0
-454368,-600623,1058889,3898,-702362,-925870,1628440,208,0
49999,18301,-68301,-1,79999,29282,-109282,-1,1
-1016639,772228,245709,1298,-1563714,1189176,375794,1256,0
-165107,-187208,355563,3248,-766671,-865751,1632211,-211,0
-1951,-939936,944485,2598,-4609,-1412684,1417082,-211,0
947735,-16251,-928885,2599,1428394,-27860,-1400116,418,0
109854,881433,-988688,2599,165064,1325543,-1489351,1256,0
300961,-967237,668225,1949,492679,-1595344,1101826,-839,0
-5587,2027,3559,-1,-16133,5853,10279,-1,1
649374,-82554,-566172,648,1500033,-190830,-1308995,208,0
1042639,-355564,-686426,649,1606236,-548400,-1058047,-211,0
65328,-56098,-9229,1,104525,-89757,-14767,1,1
-768329,1015988,-245060,2599,-1183731,1566855,-381660,1464,0
73,67,-141,-1,8534,7793,-16328,-1,1
30000,30000,30000,90000,60000,60000,60000,180000,1
204757,-353614,151455,2598,935923,-1627813,691469,-421,0
353613,-207358,-145606,649,1625717,-948074,-678273,-630,0
37609,-224447,186838,0,48670,-290462,241791,-1,1
1414,-707,-707,0,16334,-8167,-8167,0,1
-362064,-343863,708526,2599,-836844,-795997,1632839,-2,0
-115055,-232059,349063,1949,-534994,-1069568,1603932,-630,0
0,-122,122,0,0,-14145,14145,0,1
-301,-362,663,0,-571,-685,1256,0,1
944485,-215809,-728678,-2,1558057,-356732,-1201745,-420,0
85803,809280,-896384,-1301,142022,1338949,-1479925,1046,0
-4301,-1030,5332,1,-12420,-2976,15397,1,1
-107905,965286,-858683,-1302,-165065,1490607,-1324077,1465,0
40301,-956836,920434,3899,57604,-1442639,1385242,207,0
503118,-478418,-24701,-1,1449132,-1377283,-72269,-420,0
738,-1413,674,-1,8534,-16328,7793,-1,1
-575922,641574,-64353,1299,-1330362,1485999,-154172,1465,0
73,-141,67,-1,8534,-16328,7793,-1,1
3673,1888,-5562,-1,10608,5452,-16060,0,1
22750,-317862,296411,1299,100756,-1462539,1361572,-211,0
0,0,0,0,0,0,0,0,1
-2568,5649,-3080,1,-7415,16311,-8896,0,1
-739078,-316562,1060189,4549,-1112300,-479483,1592201,418,0
371813,-981537,610372,648,611031,-1617758,1006516,-211,0
140,-80,-60,0,16283,-9251,-7032,0,1
-2601,-488819,492718,1298,-10055,-1409961,1419805,-211,0
-1205,-37,1242,0,-13927,-427,14354,0,1
-73,141,-67,1,-8534,16328,-7793,1,1
-52002,138455,-85154,1299,-619621,1619014,-998557,836,0
-1051090,764428,289910,3248,-1579425,1148748,431723,1046,0
-3999,5464,-1464,1,-11549,15777,-4227,1,1
-219709,-340613,562271,1949,-635331,-985988,1620899,-420,0
768328,-1053690,287310,1948,1149376,-1580262,430466,-420,0
-5201,-302912,310711,2598,-28489,-1400535,1428603,-421,0
362063,344512,-705927,648,835796,797671,-1632840,627,0
646,-188,-457,1,1223,-357,-866,0,1
1067990,-642225,-425116,649,1622365,-975096,-647481,-212,0
812530,-1033539,222958,1949,1217664,-1552193,334318,-211,0
-565522,247009,317861,-652,-1628860,715558,914348,1046,0
5040,-296,-4744,0,14553,-854,-13698,1,1
-369864,-185907,556420,649,-1067264,-537088,1604560,208,0
-135856,-407566,544070,648,-390458,-1178284,1568950,208,0
4301,1030,-5332,-1,12420,2976,-15397,-1,1
804080,96203,-900934,-651,1329732,156685,-1486000,417,0
30000,30000,30000,90000,60000,60000,60000,180000,1
214212,-12582,-201630,0,277216,-16283,-260933,0,1
915884,-965937,52651,2598,1374350,-1451856,77504,-2,0
57206,7391,-64597,0,91529,11826,-103355,0,1
-332,562,-230,0,-9600,16244,-6643,1,1
934084,-6501,-925635,1948,1420643,-12150,-1408285,208,0
122204,2600,-122205,2599,1394459,39380,-1433632,207,0
-1054990,704626,354263,3899,-1603304,1069986,534783,1465,0
1074490,-685126,-386765,2599,1612730,-1030816,-582335,-421,0
74292,160869,-235162,-1,96143,208184,-304328,-1,1
-221,-1099,1320,0,-2555,-12694,15249,0,1
319811,-26651,-291861,1299,1469450,-117305,-1351937,208,0
110,-1276,1165,-1,1281,-14742,13461,0,1
880782,-995838,117004,1948,1319258,-1494169,174700,-211,0
-895084,960735,-63703,1948,-1361154,1462328,-99919,1255,0
-839182,-158606,1002337,4549,-1277155,-242570,1520143,418,0
205,444,-650,-1,388,842,-1231,-1,1
659124,417315,-1075791,648,992062,627789,-1619434,417,0
-526520,-462818,989337,-1,-867427,-764785,1632420,208,0
255459,787179,-1041990,648,385010,1182682,-1566647,1045,0
437466,641574,-1078391,649,658791,965040,-1623414,417,0
1409,-608,-801,0,16283,-7032,-9251,0,1
10400,-616874,609722,3248,20737,-1425253,1403676,-840,0
824230,-993238,171606,2598,1265005,-1527685,262469,-211,0
136505,-107255,-26651,2599,1552611,-1215152,-337880,-421,0
-41602,136505,-93604,1299,-502316,1597857,-1094286,1255,0
905483,66952,-969187,3248,1362829,98452,-1460654,627,0
-1320,5423,-4103,0,-3813,15661,-11848,0,1
1061489,-508970,-549921,2598,1632630,-785733,-847108,-211,0
-340613,247009,95553,1949,-1580053,1147281,433817,1045,0
-840482,873632,-34452,-1302,-1384196,1443266,-58024,1046,0
614,-86,-527,1,1162,-164,-998,0,1
273660,57202,-330213,649,1259140,271895,-1530198,837,0
0,0,0,0,0,0,0,0,1
-1060190,581121,481018,1949,-1630326,893191,738391,1256,0
0,-122,122,0,0,-14145,14145,0,1
-206708,1023788,-816431,649,-311696,1545070,-1232119,1255,0
-113105,128054,-13001,1948,-1316955,1495425,-177005,1465,0
110,1165,-1276,-1,1281,13461,-14742,0,1
928234,-957486,31201,1949,1391108,-1436983,45455,-420,0
-386765,-596073,983486,648,-637635,-983894,1621109,-420,0
533019,-1075791,547320,4548,804165,-1633887,829930,208,0
-2164,-3443,5608,1,-6250,-9943,16194,1,1
559670,-208658,-352314,-1302,1614824,-597417,-1017828,-421,0
662,-286,-376,0,1254,-541,-712,1,1
-648075,-323063,973086,1948,-1069568,-534156,1603722,-2,0
-525870,1071890,-546021,-1,-800605,1633886,-831817,1464,0
-313962,-390665,707226,2599,-724776,-905341,1629906,-211,0
-130,18,112,0,-15090,2132,12958,0,1
54,86,-140,0,6250,9943,-16194,-1,1
0,0,0,0,0,0,0,0,1
0,0,0,0,0,0,0,0,1
-70492,40050,30441,-1,-112788,64081,48706,-1,1
-139756,78652,63052,1948,-1627603,925869,702990,1256,0
648074,323062,-971137,-1,1072290,531013,-1602885,418,0
-454368,516769,-61753,648,-1314023,1497310,-181823,1464,0
55902,85153,-138456,2599,629884,990177,-1619643,418,0
-91004,-438117,529119,-2,-263936,-1264378,1528103,-211,0
-100754,342562,-240510,1298,-473409,1590945,-1116699,837,0
-1018589,189157,834631,5199,-1533550,281950,1252646,1046,0
60290,-62141,1850,-1,96465,-99426,2961,0,1
11,116,-127,0,1281,13461,-14742,0,1
-83,140,-57,0,-9600,16244,-6643,1,1
-693576,956835,-264560,-1301,-1143931,1582147,-436961,1255,0
738,674,-1413,-1,8534,7793,-16328,-1,1
592,-557,-34,1,1121,-1055,-65,1,1
-70203,889233,-819031,-1,-116258,1469660,-1352566,836,0
-645475,1049789,-403016,1298,-994367,1620271,-624439,1465,0
390,270,-661,-1,739,511,-1251,-1,1
87103,-527820,441366,649,247596,-1522239,1274222,-421,0
-114,-14,129,1,-13214,-1707,14922,1,1
-567472,-80604,650674,2598,-1310252,-188316,1499196,628,0
1064739,-351664,-711777,1298,1603094,-532061,-1071244,-211,0
1067339,-642225,-425766,-652,1622365,-974677,-647900,-212,0
-484919,-9751,495968,1298,-1398440,-31002,1429860,418,0
-49999,68301,-18301,1,-79999,109282,-29282,1,1
55902,-141706,87753,1949,623181,-1619643,995833,-629,0
-456968,-531720,989337,649,-753683,-877901,1631792,208,0
255459,85153,-338013,2599,1172418,398626,-1570836,208,0
-140406,79302,62402,1298,-1627184,930058,698172,1046,0
748828,-937986,189807,649,1231070,-1545281,313999,-212,0
0,0,0,0,0,0,0,0,1
-1066690,422515,647424,3249,-1620691,640567,981379,1255,0
-768979,1015988,-245710,1299,-1183940,1566646,-381450,1256,0
30000,30000,30000,90000,60000,60000,60000,180000,1
-212558,-138456,352963,1949,-982218,-639102,1621109,-211,0
-3788,9814,-6026,0,-10823,28042,-17218,1,1
607772,473867,-1080341,1298,916443,712835,-1628860,418,0
-287311,1047839,-759879,649,-434447,1581309,-1145816,1046,0
-705277,298361,408215,1299,-1626346,687908,939275,837,0
0,-208206,208206,0,0,-269443,269443,0,1
50701,-328913,280810,2598,226021,-1514279,1287838,-420,0
7150,851531,-860633,-1952,11939,1409122,-1420435,626,0
1017288,-771579,-243760,1949,1564551,-1188130,-376842,-421,0
768328,-1053690,286660,1298,1150005,-1580053,430047,-1,0
-233773,165491,68281,-1,-302530,214165,88364,-1,1
1084890,-469968,-613623,1299,1628650,-707599,-921052,-1,0
57206,-64597,7391,0,91529,-103355,11826,0,1
697476,-245710,-450467,1299,1609797,-567671,-1042337,-211,0
-22,-109,132,1,-2555,-12694,15249,0,1
-315262,-654575,970486,649,-519912,-1081299,1600790,-421,0
538870,-121555,-419266,-1951,1555334,-346468,-1209077,-211,0
210607,479067,-687726,1948,483881,1109786,-1592831,836,0
-297712,1040038,-743628,-1302,-452252,1585917,-1132619,1046,0
968536,-112455,-855433,648,1493749,-175329,-1318422,-2,0
-132605,104653,29251,1299,-1550517,1219340,332433,1256,0
77352,-338013,263259,2598,352123,-1557430,1204886,-421,0
33,-135,102,0,3813,-15661,11848,0,1
9100,850881,-861283,-1302,16129,1407028,-1422320,837,0
456967,600622,-1056290,1299,704456,924193,-1628022,627,0
700076,-438767,-261310,-1,1616291,-1011544,-605167,-420,0
-228649,49985,178664,0,-295899,64686,231212,-1,1
0,0,0,0,0,0,0,0,1
891833,92953,-981537,3249,1341253,136995,-1477621,627,0
-118305,122854,-1951,2598,-1388176,1439286,-49855,1255,0
-822931,990637,-165107,2599,-1267310,1526427,-257233,1884,0
-599973,-455018,1059539,4548,-924822,-703410,1628440,208,0
-1056290,432266,625973,1949,-1623833,664237,960641,1045,0
941235,-924335,-14951,1949,1427137,-1402211,-25137,-211,0
-440067,985436,-547321,-1952,-726452,1630744,-903247,1045,0
776,8158,-8935,-1,2219,23309,-25528,0,1
1060189,-332813,-728028,-652,1596391,-500640,-1096381,-630,0
0,575,-575,0,0,1090,-1090,0,1
0,0,0,0,0,0,0,0,1
459567,54602,-515470,-1301,1327428,159827,-1487257,-2,0
34451,101403,-134556,1298,386477,1181635,-1567066,1046,0
536920,-425116,-112455,-651,1548631,-1223740,-325521,-630,0
298361,267160,-566172,-651,859256,773373,-1632421,208,0
0,0,0,0,0,0,0,0,1
-52,-547,599,0,-98,-1037,1136,1,1
30000,30000,30000,90000,60000,60000,60000,180000,1
-7000,-2562,9562,0,-20000,-7320,27320,0,1
93603,46151,-137156,2598,1064540,540858,-1604771,627,0
523269,551220,-1073191,1298,794739,838728,-1632631,836,0
-20151,130654,-109205,1298,-248435,1522656,-1273594,627,0
-248310,1039388,-790430,648,-373071,1564132,-1190224,837,0
-113755,-14301,130654,2598,-1324496,-164437,1489560,627,0
131954,-114405,-16901,648,1505899,-1300826,-205912,-839,0
-999,1366,-366,1,-11549,15777,-4227,1,1
-64,-77,141,0,-7415,-8896,16311,0,1
1042639,-353614,-687726,1299,1605817,-546934,-1059094,-211,0
-43,-94,138,1,-5047,-10929,15977,1,1
1260,-74,-1186,0,14553,-854,-13698,1,1
-141056,-210608,353613,1949,-652089,-971116,1622784,-421,0
116354,230108,-345163,1299,532898,1070824,-1603304,418,0
-130005,17550,114404,1949,-1510927,219317,1291818,208,0
-508320,986736,-481019,-2603,-839567,1633886,-792855,1464,0
1023138,-274311,-749479,-652,1577329,-422507,-1155033,-211,0
319161,-25351,-291861,1949,1466937,-112278,-1354870,-211,0
4301,-5332,1030,-1,12420,-15397,2976,-1,1
-1001038,194357,808630,1949,-1539415,298498,1241754,837,0
116354,-130005,16900,3249,1319887,-1493541,173024,-630,0
-918485,138455,781329,1299,-1513860,227277,1287209,626,0
1075140,-497919,-575272,1949,1631792,-757454,-874339,-1,0
9100,-616224,609722,2598,17386,-1423577,1405771,-420,0
-453717,1067339,-613623,-1,-691679,1627602,-934877,1046,0
-164457,1011437,-846982,-2,-247388,1522447,-1274013,1046,0
5500,-3893,-1606,1,15882,-11243,-4639,0,1
841131,175506,-1014689,1948,1265005,262678,-1527056,627,0
-278211,700726,-419916,2599,-646014,1622784,-975515,1255,0
274960,-1024439,752078,2599,421040,-1577749,1156079,-630,0
1375,-401,-973,1,15882,-4639,-11243,0,1
-5226,738,4487,-1,-15090,2132,12958,0,1
-537,420,117,0,-15534,12138,3396,0,1
522619,-451767,-70203,649,1504642,-1302502,-202770,-630,0
579171,-644175,66952,1948,1332246,-1484952,152496,-210,0
354263,-1042640,692275,3898,541696,-1605609,1063492,-421,0
-254810,-785880,1044589,3899,-383545,-1183312,1566855,-2,0
-174,-378,553,1,-5047,-10929,15977,1,1
-107,133,-25,1,-12420,15397,-2976,1,1
-575922,1057589,-481669,-2,-887955,1631792,-742581,1256,0
0,0,0,0,0,0,0,0,1
30000,30000,30000,90000,60000,60000,60000,180000,1
8008,-9043,1034,-1,22882,-25838,2956,0,1
170956,-1015339,847631,3248,254090,-1524752,1270661,-1,0
-110,1276,-1165,1,-1281,14742,-13461,0,1
-341263,246359,96853,1949,-1580472,1145606,435912,1046,0
-1069941,702026,368563,648,-1606656,1055532,552170,1046,0
386114,595422,-982187,-651,639310,982217,-1621110,417,0
207357,808630,-1014689,1298,313790,1232118,-1544443,1465,0
-337363,-724128,1066039,4548,-508181,-1090515,1598486,-210,0
672775,-1065390,396514,3899,1015942,-1616082,600139,-1,0
228649,-49985,-178664,0,295899,-64686,-231212,1,1
5639,-3204,-2435,0,16283,-9251,-7032,0,1
-27059,70105,-43045,1,-43295,112169,-68873,1,1
-444617,-623374,1072540,4549,-676388,-949331,1626136,417,0
0,0,0,0,0,0,0,0,1
-288611,-31202,322412,2599,-1337274,-142442,1480134,418,0
-1039389,249609,793029,3249,-1563295,374118,1190223,1046,0
122204,-126105,5850,1949,1391736,-1436355,43989,-630,0
1039388,-247010,-790430,1948,1563713,-374119,-1190015,-421,0
-370514,-185257,555770,-1,-1068311,-535832,1604141,-2,0
-9751,-117655,129354,1948,-128617,-1345863,1474268,-212,0
-1084891,489468,598672,3249,-1630326,734620,896543,837,0
-351014,1041339,-689676,649,-540650,1605608,-1063912,1046,0
754028,-1056940,304861,1949,1128638,-1587385,458326,-421,0
534320,-1076441,546020,3899,806260,-1634097,827836,-1,0
1004937,-865183,-139756,-2,1508203,-1297684,-210521,-2,0
110,-1276,1165,-1,1281,-14742,13461,0,1
-521320,450466,70852,-2,-1504433,1302920,202560,1047,0
-1076441,653924,427065,4548,-1620481,982636,639310,1465,0
-642,-770,1412,0,-7415,-8896,16311,0,1
221,-1320,1099,0,2555,-15249,12694,0,1
566821,80603,-647425,-1,1311089,187897,-1498568,418,0
-534321,-547321,1086190,4548,-806470,-826789,1633258,-1,0
93603,46151,-137806,1948,1060560,545257,-1605818,-1,0
668225,380914,-1046540,2599,1028929,584009,-1612521,417,0
-430,533,-103,0,-12420,15397,-2976,1,1
-86454,-253510,342562,2598,-406168,-1167182,1573139,-211,0
-1375,973,401,-1,-15882,11243,4639,0,1
-84504,980236,-895734,-2,-126313,1474059,-1346910,836,0
-1320,5423,-4103,0,-3813,15661,-11848,0,1
919134,-921735,4550,1949,1411217,-1418131,6074,-840,0
-707877,-243760,954235,2598,-1167811,-404702,1572930,417,0
-986737,109854,882733,5850,-1487885,161712,1327009,836,0
8440,-8699,259,0,24116,-24856,740,0,1
641574,440066,-1079691,1949,964202,660048,-1623623,627,0
537,69,-607,-1,1018,131,-1149,0,1
-884,5281,-4396,1,-2555,15249,-12694,0,1
182006,-354264,174856,2598,831606,-1633887,801442,-839,0
216458,811880,-1027689,649,327824,1222482,-1549260,1046,0
-1084241,511569,575921,3249,-1631793,768764,864284,1255,0
-390,-270,661,1,-739,-511,1251,1,1
1320,-5423,4103,0,3813,-15661,11848,0,1
102053,35101,-134556,2598,1159221,416641,-1575864,-2,0
-675376,-394565,1074490,4549,-1016990,-597836,1615453,627,0
-281461,324362,-40952,1949,-1305644,1502966,-196067,1255,0
-1083591,508969,577871,3249,-1631583,765622,867216,1255,0
313961,-301612,-11701,648,1442847,-1384615,-59072,-840,0
396514,-1073841,680575,3248,593017,-1615035,1021598,-420,0
578521,-987387,408865,-1,950377,-1626137,675130,-630,0
-1396,889,506,-1,-16133,10279,5853,-1,1
1320,-5423,4103,0,3813,-15661,11848,0,1
646124,-1053690,410165,2599,990177,-1620481,629465,-839,0
-912635,789779,122854,-2,-1503805,1303967,200884,1046,0
-32502,133905,-101404,-1,-375795,1564970,-1188130,1045,0
-531720,-549921,1086190,4549,-802490,-830769,1633468,209,0
-275611,701376,-422516,3249,-640149,1622156,-980961,1046,0
-559671,206707,353613,649,-1614825,596578,1018456,209,0
32101,38511,-70613,-1,51363,61618,-112982,-1,1
-194500,219631,-25130,1,-251707,284228,-32521,0,1
-22,132,-109,1,-2555,15249,-12694,0,1
30000,30000,30000,90000,60000,60000,60000,180000,1
204757,-353614,152105,3248,935714,-1627813,691678,-421,0
9625,-2811,-6814,0,27502,-8033,-19469,0,1
1080340,-633124,-447217,-1,1625298,-952682,-672827,-211,0
-419916,-657175,1080340,3249,-631351,-988712,1620480,417,0
-1058890,749478,310061,649,-1587175,1126125,462096,1046,0
219708,341262,-561622,-652,633026,987663,-1620272,417,0
-89704,-438117,529119,1298,-262051,-1265425,1527474,-2,0
1086190,-547321,-539521,-652,1633258,-823228,-810241,-211,0
325662,-286011,-39002,649,1498567,-1312137,-187269,-839,0
0,0,0,0,0,0,0,0,1
-2568,5649,-3080,1,-7415,16311,-8896,0,1
841781,-875583,35101,1299,1384404,-1442848,57604,-840,0
-102054,343212,-238559,2599,-480950,1592620,-1111044,626,0
-276911,700726,-421216,2599,-643082,1622575,-978028,1465,0
-177457,351663,-172907,1299,-826370,1633886,-806470,1046,0
30000,30000,30000,90000,60000,60000,60000,180000,1
-4301,5332,-1030,1,-12420,15397,-2976,1,1
-1036139,230758,807980,2599,-1554288,344373,1210752,837,0
-643525,-436167,1082940,3248,-966089,-657116,1623622,417,0
868432,-1002338,135855,1949,1301663,-1505690,203607,-420,0
56552,888583,-944486,649,86512,1369741,-1455417,836,0
-722178,-339963,1066039,3898,-1085697,-513628,1599323,-2,0
0,0,0,0,0,0,0,0,1
0,0,0,0,0,0,0,0,1
482318,-499219,17550,649,1387966,-1439916,51949,-1,0
131954,-19501,-110505,1948,1509669,-215548,-1294123,-2,0
116354,13650,-128055,1949,1321353,170510,-1491656,207,0
108554,-133906,27301,1949,1238193,-1542348,303525,-630,0
-222115,31380,190735,0,-287443,40610,246833,0,1
-745578,935385,-189158,649,-1230653,1545698,-313791,1254,0
976986,-364014,-615574,-2602,1615453,-601606,-1014477,-630,0
558,-202,-355,1,16133,-5853,-10279,1,1
-614,527,86,-1,-1162,998,164,0,1
156005,-352964,200207,3248,713463,-1629489,915814,-212,0
1044589,-269111,-774180,1298,1573558,-407425,-1165925,208,0
484268,11700,-497269,-1301,1396135,35819,-1431956,-2,0
443966,-989338,546670,1298,728755,-1630536,901779,-2,0
30000,30000,30000,90000,60000,60000,60000,180000,1
-134556,-408216,543420,648,-387944,-1180170,1568112,-2,0
370513,184606,-555771,-652,1068310,535621,-1603723,208,0
-437,1383,-946,0,-5047,15977,-10929,1,1
-85804,-810581,897033,648,-140766,-1339159,1479924,-1,0
-1086191,564221,523919,1949,-1632212,847735,785522,1045,0
-70710,35355,35355,0,-113137,56568,56568,-1,1
373764,-981537,608422,649,613545,-1617968,1004212,-211,0
-106604,-26001,135205,2600,-1244478,-292843,1538157,836,0
-879483,-110505,995837,5849,-1321773,-169045,1491445,627,0
635723,-590873,-43552,1298,1463376,-1360107,-103899,-630,0
-219059,-341263,562271,1949,-632817,-987664,1620690,209,0
-766379,1049789,-280811,2599,-1152729,1578795,-425021,1045,0
-1069941,703976,367263,1298,-1606028,1057627,549656,1255,0
228649,-49985,-178664,0,295899,-64686,-231212,1,1
-566,-17,584,1,-1073,-32,1106,1,1
60290,1850,-62141,-1,96465,2961,-99426,0,1
856082,151455,-1004288,3249,1288675,224973,-1513231,417,0
-564872,247659,317861,648,-1628860,714930,914557,627,0
705926,-394565,-312012,-651,1629488,-910159,-719749,-420,0
798229,-908735,113754,3248,1311508,-1498987,187059,-420,0
521969,553170,-1073191,1948,793063,840613,-1632421,1255,0
-430,533,-103,0,-12420,15397,-2976,1,1
-841782,-172907,1017288,2599,-1265216,-261422,1526846,208,0
-4301,5332,-1030,1,-12420,15397,-2976,1,1
-416666,-659775,1080340,3899,-626952,-992901,1619642,-211,0
1051089,-646775,-404316,-2,1618595,-995834,-623601,-840,0
-81254,978936,-897034,648,-122542,1472383,-1348795,1046,0
690975,-1073191,386764,4548,1033119,-1612731,579401,-211,0
9625,-6814,-2811,0,27502,-19469,-8033,0,1
329562,-707877,380264,1949,757243,-1632421,874757,-421,0
-71503,139105,-66303,1299,-848784,1633468,-783428,1256,0
-313962,-391315,707226,1949,-723519,-906179,1629906,208,0
906133,65652,-969187,2598,1363457,97195,-1460235,417,0
0,0,0,0,0,0,0,0,1
-132,-410,542,0,-3813,-11848,15661,0,1
566171,-248310,-317212,649,1628859,-714931,-914349,-421,0
-169999,232224,-62224,1,-219999,300525,-80525,1,1
-1320,-4103,5423,0,-3813,-11848,15661,0,1
-32502,-103354,137805,1949,-383126,-1183731,1566436,-421,0
-75403,335412,-257410,2599,-356104,1559105,-1202164,837,0
102053,-137156,38351,3248,1154822,-1578168,422925,-421,0
989337,-502469,-488169,-1301,1632839,-829722,-803328,-211,0
-101404,342562,-239209,1949,-476341,1591782,-1114605,836,0
68902,-889884,820330,-652,113115,-1468195,1354869,-211,0
-387415,-595423,982836,-2,-637635,-983684,1620899,-420,0
-1080991,636373,445266,648,-1624252,957918,667589,1255,0
-1013388,167706,848281,2599,-1522239,250319,1272965,1045,0
-1054340,705926,351013,2599,-1602467,1072500,531222,1255,0
-56124,-174391,230515,0,-72631,-225683,298314,0,1
1067990,-703977,-364664,-651,1606446,-1058257,-548609,-420,0
880782,-995838,117654,2598,1318840,-1494379,175747,208,0
299661,-1043290,748178,4549,449109,-1585290,1135551,-630,0
336062,-1063440,730627,3249,501477,-1597649,1095542,-630,0
-130005,17550,113754,1299,-1511136,220155,1291608,627,0
550,-160,-389,1,15882,-4639,-11243,0,1
140405,838531,-979587,-651,217642,1293493,-1510299,836,0
-410166,-293161,705926,2599,-945979,-679949,1625926,-2,0
237456,-86157,-151298,1,307296,-111497,-195798,1,1
-1052390,342562,715676,5848,-1599953,518444,1082764,1255,0
-3673,5562,-1888,1,-10608,16060,-5452,0,1
0,0,0,0,0,0,0,0,1
30000,30000,30000,90000,60000,60000,60000,180000,1
-89704,137805,-46152,1949,-1057419,1607074,-548609,1046,0
93603,-140406,48751,1948,1059512,-1606656,546514,-630,0
-846982,1009487,-159906,2599,-1276318,1520981,-243408,1255,0
360763,345162,-705927,-2,833282,800395,-1632840,837,0
40301,-508970,469317,648,114162,-1468614,1354031,-421,0
550570,-392615,-157306,649,1585917,-1130944,-455394,-421,0
1052389,-646775,-403666,1948,1618385,-996881,-622344,-840,0
44,466,-510,0,1281,13461,-14742,0,1
5818,-9845,4026,-1,16625,-28129,11504,0,1
-3673,-1888,5562,1,-10608,-5452,16060,0,1
521969,-451117,-70853,-1,1505689,-1301035,-205284,-630,0
-310712,1054989,-743628,649,-468172,1589897,-1121098,627,0
30000,30000,30000,90000,60000,60000,60000,180000,1
298361,266509,-565522,-652,859885,772744,-1632212,417,0
-347,664,-317,0,-657,1258,-600,1,1
336062,727377,-1062140,1299,505876,1092190,-1597858,208,0
141313,-239099,97786,0,182875,-309422,126546,-1,1
-120905,992587,-871033,649,-182451,1497520,-1313813,1256,0
107,25,-133,-1,12420,2976,-15397,-1,1
-221,-1099,1320,0,-2555,-12694,15249,0,1
5656,-2828,-2828,0,16334,-8167,-8167,0,1
-771579,-276911,1052389,3899,-1157966,-418108,1576491,417,0
1060189,-578522,-479068,2599,1630535,-892354,-738601,-420,0
-1064740,357513,712426,5199,-1603095,534155,1069986,1046,0
-92954,-436167,529769,648,-267916,-1261445,1529360,-1,0
369863,182656,-555771,-3252,1070824,532479,-1603095,208,0
180706,-354264,176156,2598,825950,-1634097,807517,-630,0
275610,-1023789,751428,3249,422506,-1578168,1154822,-840,0
461517,619473,-1080341,649,695239,932572,-1627394,417,0
-67603,887283,-820331,-651,-111440,1467565,-1355289,836,0
-281461,323712,-40302,1949,-1306063,1502966,-195648,1255,0
-32502,134555,-101404,649,-378937,1566017,-1186035,1045,0
0,0,0,0,0,0,0,0,1
-70853,888583,-818381,-651,-117096,1470079,-1352147,836,0
128704,-542121,412765,-652,369300,-1562876,1193156,-420,0
134,-29,-105,0,15534,-3396,-12138,0,1
-351664,204757,148855,1948,-1625509,948282,678272,1045,0
347,-664,317,0,657,-1258,600,-1,1
985436,-570072,-416666,-1302,1626555,-940114,-686652,-211,0
692275,-1072541,384814,4548,1035842,-1612102,575840,-420,0
167056,185906,-351014,1948,764365,868264,-1632002,627,0
-945136,217108,729977,1949,-1558058,356313,1202582,837,0
-738428,-315262,1059539,5849,-1113976,-476970,1591573,627,0
-1414,707,707,0,-16334,8167,8167,0,1
-806681,-95554,902883,648,-1327848,-159409,1487675,418,0
-707877,-244410,954885,2598,-1167182,-405749,1572930,-1,0
-9145,1292,7853,0,-26131,3691,22439,-1,1
-1014038,167706,848281,1949,-1522448,250529,1272756,837,0
35101,287310,-319812,2599,154171,1331827,-1484743,1255,0
545370,-665625,120904,649,1255369,-1533131,277341,-421,0
130,-112,-18,0,15090,-12958,-2132,0,1
-1320,5423,-4103,0,-3813,15661,-11848,0,1
0,-575,575,0,0,-1090,1090,0,1
991287,-826181,-163807,1299,1523285,-1271919,-252206,-840,0
-36402,-910035,952285,5848,-59281,-1384405,1443476,-210,0
2568,3080,-5649,-1,7415,8896,-16311,0,1
76702,-338013,263909,2598,349819,-1557011,1206562,-630,0
-509620,988037,-479068,-651,-840824,1633677,-792017,836,0
109146,130940,-240086,0,141248,169451,-310700,-1,1
1052389,-646775,-403666,1948,1618595,-997090,-622134,-629,0
768328,281460,-1049140,648,1157336,419783,-1576492,627,0
-962687,687075,274310,-1302,-1584871,1134713,450994,836,0
42901,-509620,468017,1298,119399,-1470708,1351308,-1,0
-627924,29901,599322,1299,-1446200,67031,1379796,627,0
-155,637,-482,0,-293,1206,-912,1,1
436166,643524,-1077741,1949,657115,966506,-1623204,417,0
-666925,1060189,-390015,3249,-1017200,1615662,-597417,1045,0
430316,-1055640,627273,1949,658791,-1624252,965040,-421,0
1062789,-718927,-341263,2599,1599952,-1084650,-515303,-1,0
-443967,-622724,1071890,5199,-677226,-948702,1626136,208,0
1000,366,-1366,0,11550,4227,-15777,0,1
3325,-5625,2300,0,9600,-16244,6643,-1,1
-558,355,202,-1,-16133,10279,5853,-1,1
91,47,-139,-1,10608,5452,-16060,0,1
918,-1390,472,0,10608,-16060,5452,0,1
-6429,-3304,9733,0,-18369,-9441,27810,0,1
814480,-1032889,220358,1949,1220178,-1550936,330547,-211,0
598672,25350,-623374,648,1383567,59699,-1443058,208,0
-63053,640273,-576572,648,-147888,1483276,-1334342,1046,0
-138456,50051,90353,1948,-1613150,587780,1025997,627,0
-764429,1050439,-284061,1949,-1149168,1580052,-429838,1046,0
-194500,219631,-25130,1,-251707,284228,-32521,0,1
-1039389,248959,794329,3899,-1562667,372023,1191271,627,0
-1084891,510269,576571,1949,-1631583,767717,865331,1465,0
1038088,-712427,-323713,1948,1595972,-1097847,-499174,-1049,0
0,0,0,0,0,0,0,0,1
-464768,692275,-226209,1298,-1074805,1603094,-527034,1255,0
330,-1355,1025,0,3813,-15661,11848,0,1
-214212,12582,201630,0,-277216,16283,260933,0,1
-403016,-142356,546670,1298,-1163202,-411405,1574606,-1,0
-564222,323712,240509,-1,-1627184,934876,693354,1046,0
-533020,-549271,1086190,3899,-803538,-829512,1633468,418,0
532369,-1075791,547320,3898,803746,-1634097,830140,-211,0
-849582,-16251,867782,1949,-1399278,-29117,1429022,627,0
30000,30000,30000,90000,60000,60000,60000,180000,1
458267,599972,-1056940,1299,705922,923146,-1628232,836,0
505,121,-626,0,957,229,-1186,0,1
646,-188,-457,1,1223,-357,-866,0,1
145605,-921085,776779,1299,237751,-1518677,1280716,-210,0
312011,657824,-969187,648,514883,1085068,-1599743,208,0
430316,-1055640,627923,2599,658372,-1624252,965250,-630,0
694226,-960086,266509,649,1141626,-1582567,440521,-420,0
-277561,701376,-421216,2599,-643501,1622365,-977610,1254,0
1073840,-686426,-386115,1299,1612311,-1032282,-580659,-630,0
4576,-5167,591,0,13214,-14922,1707,-1,1
440716,-988688,547970,-2,724356,-1630326,905340,-630,0
-254,-404,658,0,-481,-766,1247,0,1
2164,3443,-5608,-1,6250,9943,-16194,-1,1
-71503,139755,-66303,1949,-847946,1633677,-784476,1255,0
492068,191107,-685126,-1951,1138693,444710,-1583195,208,0
-912635,790429,122854,648,-1503386,1304805,199836,1255,0
115704,230758,-344513,1949,530803,1072290,-1602676,417,0
-1088141,547970,542770,2599,-1632631,822808,810868,1045,0
550,-389,-160,1,15882,-11243,-4639,0,1
437,946,-1383,0,5047,10929,-15977,-1,1
650024,320462,-970487,-1,1074804,527452,-1602048,208,0
-431,-221,653,1,-817,-420,1237,0,1
664,-332,-332,0,1258,-629,-629,0,1
23400,-132605,111154,1949,251157,-1523286,1272127,-2,0
229458,-694227,467367,2598,526404,-1602676,1075642,-630,0
985436,-432267,-555771,-2602,1628859,-713883,-915396,-420,0
7000,2562,-9562,0,20000,7320,-27320,0,1
-1084891,470617,616873,2599,-1628022,706551,922308,837,0
219058,809280,-1028339,-1,330966,1220387,-1550308,1045,0
482,14,-497,-1,13927,427,-14354,0,1
1058239,-751429,-303562,3248,1586546,-1129687,-457489,-630,0
1006237,-865183,-139756,1298,1507993,-1298103,-210102,-212,0
-537,-69,607,1,-1018,-131,1149,0,1
-854783,-147556,1006887,4548,-1288467,-224136,1513649,1046,0
-939936,919134,22750,1948,-1429023,1399277,31420,1674,0
-1075791,410165,669525,3899,-1617549,616059,1002326,836,0
-527170,1072540,-543421,1949,-803747,1633677,-828884,1046,0
963986,-289911,-674726,-651,1591573,-479274,-1112510,-211,0
-976987,81253,900283,4549,-1470080,120027,1350889,836,0
-204988,-6293,211281,0,-265279,-8144,273423,0,1
-182813,226626,-43812,1,-236582,293281,-56698,1,1
30000,30000,30000,90000,60000,60000,60000,180000,1
9750,-616874,609072,1948,20109,-1424624,1404304,-211,0
648074,325012,-971137,1949,1071033,532479,-1603095,417,0
1058889,-580472,-477118,1299,1630535,-895496,-735250,-211,0
-42252,-94904,140405,3249,-509229,-1089887,1598486,-630,0
417315,-1079041,663674,1948,623809,-1619643,995623,-211,0
-371164,978286,-609073,-1951,-613127,1618176,-1004422,627,0
-691626,957485,-266510,-651,-1141627,1582985,-440103,1255,0
-989338,827481,165106,3249,-1522239,1273593,249900,1254,0
-4494,-5391,9885,0,-12840,-15404,28245,1,1
-1073841,689025,387414,2598,-1611474,1034376,577935,837,0
-328913,51351,278860,1298,-1518259,238798,1279878,417,0
46151,585671,-632474,-652,104526,1360106,-1463167,1465,0
131954,-113755,-16901,1298,1507784,-1297893,-209892,-1,0
-367914,978286,-611023,-651,-608100,1617548,-1008611,837,0
-43,-94,138,1,-5047,-10929,15977,1,1
300311,-315912,17550,1949,1375607,-1450599,74781,-211,0
-964637,288610,677325,1298,-1590527,475293,1116070,836,0
-917185,917834,-651,-2,-1412265,1416454,-3143,1046,0
1060189,-580472,-477118,2599,1630535,-895287,-735459,-211,0
-5201,-938636,945785,1948,-8589,-1410590,1418967,-212,0
-41562,70323,-28760,1,-66500,112517,-46016,1,1
-189158,-165107,354913,648,-875177,-756406,1631792,209,0
-1205,-37,1242,0,-13927,-427,14354,0,1
969186,-58503,-910035,648,1457301,-89864,-1367229,208,0
-140406,-211258,352963,1299,-648109,-974467,1622365,-211,0
-986737,569421,418615,1299,-1626556,939066,688746,1256,0
-256,-308,564,0,-7415,-8896,16311,0,1
-263260,334112,-68253,2599,-1222902,1549469,-325102,1465,0
191757,161856,-351014,2599,875386,756615,-1631583,418,0
794329,-1039389,247009,1949,1191480,-1563714,372023,-211,0
-876233,995187,-117005,1949,-1316117,1495844,-178471,1256,0
726077,325012,-1049140,1949,1102035,493098,-1594716,417,0
-335413,-227509,562921,-1,-966717,-656488,1623622,417,0
1077740,-434867,-642225,648,1623413,-656488,-966926,-1,0
-1014689,839831,177456,2598,-1527685,1264167,264982,1464,0
888583,57202,-944486,1299,1369113,86512,-1455417,208,0
18862,-216996,198133,-1,24410,-280818,256407,-1,1
350363,-228809,-119605,1949,1608121,-1050506,-558455,-840,0
1075140,-409516,-665625,-1,1617757,-617107,-1001070,-420,0
44851,-139756,96853,1948,498335,-1596811,1097636,-840,0
1060189,-577872,-479718,2599,1630744,-891516,-739649,-421,0
101403,-137806,38351,1948,1152518,-1579006,426067,-421,0
685125,-193058,-492069,-2,1583194,-445549,-1138275,-630,0
-369864,976986,-609723,-2601,-610613,1617967,-1006517,837,0
989337,-826831,-161857,649,1522238,-1274013,-248435,-210,0
-788480,-218409,1010787,3898,-1213685,-339137,1553239,417,0
-558371,358813,198907,-651,-1610845,1037727,574164,1046,0
178756,375064,-554471,-651,513836,1085906,-1599534,208,0
-786530,-256110,1044589,1949,-1180798,-386268,1567903,837,0
-551221,164456,388064,1299,-1590108,472989,1117746,627,0
254159,-565522,312011,648,728755,-1630536,901779,-2,0
505,-626,121,0,957,-1186,229,0,1
75402,-143656,68902,648,852763,-1633469,780285,-421,0
-295,565,-269,1,-8534,16328,-7793,1,1
-601273,-452417,1059539,5849,-927546,-700268,1628021,207,0
174,-553,378,-1,5047,-15977,10929,-1,1
1076440,-410166,-664975,1299,1617967,-617735,-1000652,-420,0
-748179,1054339,-304862,1298,-1126126,1588012,-460840,1046,0
302261,728027,-1030939,-651,467543,1122145,-1588641,1047,0
-271061,1021838,-750779,-2,-417689,1577119,-1158384,1046,0
608422,-618824,13000,2598,1401372,-1427347,25346,-629,0
0,0,0,0,0,0,0,0,1
56552,887283,-944486,-651,87559,1369322,-1455836,1045,0
-465418,692275,-226209,648,-1074805,1602884,-526824,1255,0
-1085541,618823,467367,649,-1627394,929430,698800,836,0
-228809,1031588,-802781,-2,-345002,1555544,-1209915,627,0
-161857,-763779,926934,1298,-266659,-1262073,1528941,209,0
301,-663,362,0,571,-1256,685,0,1
962686,-288611,-676026,-1951,1590945,-477179,-1114186,-420,0
525219,462817,-988688,-652,868683,763946,-1631793,836,0
-50000,68301,-18301,0,-80000,109282,-29282,0,1
-1075,1333,-257,1,-12420,15397,-2976,1,1
351663,-134556,-215159,1948,1617757,-616060,-1002327,-630,0
-567472,-82554,651324,1298,-1307320,-193134,1501081,627,0
558,-202,-355,1,16133,-5853,-10279,1,1
3250,486868,-491419,-1301,8588,1410798,-1418340,1046,0
114,14,-129,-1,13214,1707,-14922,-1,1
-430,533,-103,0,-12420,15397,-2976,1,1
-353614,182006,171606,-2,-1632421,845222,788036,837,0
632,-493,-138,1,1197,-935,-261,1,1
-1026389,822280,206057,1948,-1541719,1237355,306039,1675,0
1205,-1242,37,0,13927,-14354,427,0,1
3900,486218,-491419,-1301,9426,1410379,-1418968,837,0
337362,725427,-1062790,-1,509228,1089676,-1598277,627,0
239858,711126,-952286,-1302,397788,1173675,-1570627,836,0
824880,-992588,169656,1948,1266890,-1526847,259536,-421,0
-8820,518,8302,0,-25201,1480,23721,0,1
438766,640924,-1079041,649,660048,963993,-1623414,627,0
57206,7391,-64597,0,91529,11826,-103355,0,1
-16507,-51291,67798,0,-26411,-82066,108478,1,1
431,221,-653,-1,817,420,-1237,0,1
211257,478417,-688376,1298,486395,1107272,-1593250,417,0
261309,302911,-564872,-652,753473,878528,-1631583,418,0
-725428,-322413,1052389,4548,-1102246,-492680,1595134,208,0
68756,-48674,-20082,0,110011,-77878,-32132,1,1
130,-112,-18,0,15090,-12958,-2132,0,1
0,0,0,0,0,0,0,0,1
0,0,0,0,0,0,0,0,1
209307,-1025739,819680,3248,311066,-1544443,1233375,-2,0
-1072541,495968,580471,3898,-1631164,752635,879575,1046,0
137155,-106604,-27952,2599,1552402,-1215361,-337461,-420,0
254809,-565522,312011,1298,730012,-1630745,900523,-210,0
-700077,437466,264559,1948,-1616082,1011334,605795,1047,0
-399,546,-146,1,-11549,15777,-4227,1,1
1011437,-163157,-846332,1948,1522028,-247388,-1274223,417,0
430,103,-533,0,12420,2976,-15397,-1,1
30000,30000,30000,90000,60000,60000,60000,180000,1
-427066,533019,-105954,-1,-1233585,1544232,-309811,836,0
-328263,705276,-375715,1298,-761015,1632630,-870569,1046,0
83853,-979587,899633,3899,123379,-1472384,1349213,208,0
0,0,0,0,0,0,0,0,1
-390,-270,661,1,-739,-511,1251,1,1
484268,11700,-497269,-1301,1396135,36238,-1431956,417,0
141705,-53302,-87104,1299,1613777,-590295,-1023694,-212,0
-974387,97503,882083,5199,-1481182,146211,1336226,1255,0
423815,-703327,282110,2598,974257,-1622995,648108,-630,0
-274961,-770279,1048489,3249,-415175,-1160479,1575653,-1,0
-451117,-245060,698776,2599,-1042337,-567671,1610007,-1,0
204988,-211281,6293,0,265279,-273423,8144,0,1
-212558,559670,-346463,649,-616688,1618804,-1001280,836,0
-219059,943835,-725428,-652,-363017,1561409,-1197346,1046,0
-576572,1056939,-479718,649,-888584,1631792,-741743,1465,0
396514,-1075141,680575,1948,592598,-1614825,1021807,-420,0
-1056940,433566,625973,2599,-1624042,665075,959803,836,0
-33152,-911985,949685,4548,-53835,-1387338,1440962,-211,0
-337363,78652,260009,1298,-1561410,367415,1194622,627,0
380914,666274,-1046540,648,588618,1025368,-1613359,627,0
919134,-921085,3250,1299,1412893,-1416455,2932,-630,0
785879,243109,-1027039,1949,1194413,367834,-1561619,628,0
2310,-9491,7180,-1,6602,-27119,20516,-1,1
-9899,4949,4949,-1,-28284,14142,14142,0,1
-48102,-911335,963986,4549,-74363,-1376236,1450388,-211,0
-62403,139755,-76053,1299,-734412,1631373,-895706,1255,0
12350,-128055,118304,2599,126102,-1473431,1347118,-211,0
-73453,-67603,143655,2599,-855487,-777144,1632630,-1,0
40301,907433,-947736,-2,60118,1384195,-1443058,1255,0
0,208206,-208206,0,0,269443,-269443,0,1
-140,60,80,0,-16283,7032,9251,0,1
-791730,1022488,-229459,1299,-1204468,1557848,-351915,1465,0
599972,458267,-1056940,1299,925031,703618,-1627813,836,0
-1205,1242,-37,0,-13927,14354,-427,0,1
705276,-394565,-310062,649,1629278,-910997,-718911,-630,0
9145,-1292,-7853,0,26131,-3691,-22439,1,1
664,-332,-332,0,1258,-629,-629,0,1
-280811,325012,-41602,2599,-1302921,1504851,-200675,1255,0
-9625,6814,2811,0,-27502,19469,8033,0,1
-349714,131304,220358,1948,-1616711,609774,1007354,417,0
-2568,5649,-3080,1,-7415,16311,-8896,0,1
30000,30000,30000,90000,60000,60000,60000,180000,1
-8440,8699,-259,0,-24116,24856,-740,0,1
30000,30000,30000,90000,60000,60000,60000,180000,1
-157306,-518070,677325,1949,-363645,-1197346,1560990,-1,0
-64,141,-77,0,-7415,16311,-8896,0,1
226858,-349714,126104,3248,1037099,-1611683,574374,-210,0
-1061490,508969,554470,1949,-1632212,782799,850668,1255,0
-1084241,488818,598672,3249,-1629907,733782,897171,1046,0
380264,668225,-1045890,2599,585895,1027882,-1612940,837,0
-1064740,354263,715026,4549,-1602257,530175,1073338,1256,0
-154056,351663,-195658,1949,-714302,1629697,-914558,837,0
-224909,691625,-464118,2598,-524520,1602466,-1076900,1046,0
-9625,6814,2811,0,-27502,19469,8033,0,1
-732578,1044589,-311362,649,-1115233,1591573,-475085,1255,0
-530420,-527820,1062789,4549,-817363,-816106,1633258,-211,0
67602,-889234,821630,-2,111858,-1467566,1355288,-420,0
948385,-15601,-929535,3249,1427556,-26604,-1400535,417,0
-438767,985436,-548621,-1952,-724985,1630535,-904923,627,0
-206708,-807981,1019238,4549,-315466,-1230443,1546117,208,0
132604,-20151,-111155,1298,1511554,-220575,-1290981,-2,0
-687076,1070590,-382215,1299,-1034167,1612730,-577307,1256,0
115704,-130655,16900,1949,1318421,-1494379,175747,-211,0
-341263,246359,96203,1299,-1580053,1146862,434446,1255,0
-44202,-588923,634423,1298,-105365,-1359478,1464214,-629,0
-142356,1002337,-859333,648,-215338,1510507,-1294123,1046,0
-1080341,636373,445916,1948,-1624252,956661,668846,1255,0
1004937,-865183,-139106,648,1507784,-1298312,-209473,-1,0
30000,30000,30000,90000,60000,60000,60000,180000,1
-904834,-60453,971786,6499,-1364296,-94682,1459605,627,0
-10401,-851532,863232,1299,-17806,-1405562,1423576,208,0
124804,-994538,872982,3248,185383,-1498359,1313184,208,0
957485,-926285,-30552,648,1437192,-1391109,-46503,-420,0
-204988,211281,-6293,0,-265279,273423,-8144,0,1
173556,-680576,508969,1949,397998,-1571255,1172628,-629,0
-22,132,-109,1,-2555,15249,-12694,0,1
139755,-98804,-39002,1949,1586755,-1128639,-458955,-839,0
941885,-923685,-16251,1949,1428394,-1400744,-27860,-210,0
-61753,967886,-907434,-1301,-91540,1458767,-1365972,1255,0
1058889,-749479,-306812,2598,1587802,-1125916,-462516,-630,0
49401,-952936,908084,4549,72268,-1449551,1377701,418,0
-37609,224447,-186838,0,-48670,290462,-241791,1,1
137155,-106604,-27952,2599,1552192,-1216408,-336414,-630,0
-239675,136173,103501,-1,-310167,176224,133943,0,1
457617,-1071891,619473,5199,688746,-1627394,938647,-1,0
-912635,789779,122854,-2,-1503595,1304176,200884,1465,0
-305512,-726728,1033538,1298,-468800,-1121308,1589269,-839,0
-1060190,506368,557070,3248,-1632002,779238,854229,1465,0
-10401,-851532,862582,649,-17387,-1406191,1423157,-421,0
-989338,827481,164456,2599,-1522239,1273384,250110,1255,0
6999,-9562,2562,-1,19999,-27320,7320,-1,1
107,-133,25,-1,12420,-15397,2976,-1,1
-3788,-6026,9814,0,-10823,-17218,28042,1,1
66302,75402,-139106,2598,745722,886069,-1630955,836,0
-353614,181356,173556,1298,-1632631,840404,793482,1255,0
45922,-69526,23603,-1,73476,-111242,37765,-1,1
306811,1950,-305512,3249,1408494,11520,-1420225,-211,0
60290,1850,-62141,-1,96465,2961,-99426,0,1
30000,30000,30000,90000,60000,60000,60000,180000,1
141055,837881,-979587,-651,219527,1292655,-1510927,1255,0
-340613,246359,97503,3249,-1581310,1143930,438216,836,0
180056,373764,-554471,-651,518025,1082764,-1600372,417,0
-685776,1070590,-383515,1299,-1032910,1612730,-578983,837,0
-505719,34451,472567,1299,-1460444,97614,1363457,627,0
306161,2600,-306162,2599,1405771,16757,-1422530,-2,0
-639624,-440067,1083590,3899,-961271,-662982,1624460,207,0
-674726,520019,156655,1948,-1558058,1202582,356731,1255,0
76052,66302,-139106,3248,859256,773582,-1632212,626,0
443,4661,-5105,-1,1281,13461,-14742,0,1
2568,-5649,3080,-1,7415,-16311,8896,0,1
75402,65652,-138456,2598,858838,774001,-1632212,627,0
68756,-20082,-48674,0,110011,-32132,-77878,1,1
400,146,-546,0,11550,4227,-15777,0,1
-156137,-80252,236390,1,-202060,-103856,305917,1,1
-20801,314611,-292511,1299,-101595,1462957,-1360526,836,0
-56124,-174391,230515,0,-72631,-225683,298314,0,1
-746228,936035,-189158,649,-1230443,1545908,-314210,1255,0
-427717,533019,-104654,648,-1236518,1542766,-304993,1255,0
580471,-1060840,481668,1299,890258,-1631583,740695,-630,0
45501,-139756,97503,3248,499801,-1597020,1096589,-630,0
59802,885983,-945786,-1,91958,1366809,-1457930,837,0
847631,16900,-865183,-652,1400534,26812,-1427347,-1,0
-1548,-7693,9241,0,-4424,-21981,26405,0,1
697476,-245060,-451117,1299,1609169,-565577,-1044222,-630,0
213207,136505,-349064,648,981589,640148,-1621110,627,0
-329563,52651,278210,1298,-1520353,244454,1276317,418,0
278210,770278,-1046540,1948,418316,1159012,-1575864,1464,0
120254,863232,-982837,649,181822,1315488,-1496054,1256,0
-99454,135205,-36402,-651,-1152938,1578586,-424811,837,0
9625,-2811,-6814,0,27502,-8033,-19469,0,1
3788,-9814,6026,0,10823,-28042,17218,-1,1
848931,-1010788,163156,1299,1275898,-1521401,245501,-2,0
0,0,0,0,0,0,0,0,1
-1062140,722827,342562,3249,-1599115,1086953,513208,1046,0
-48752,326312,-276261,1299,-230002,1516163,-1285115,1046,0
-732578,-298362,1032888,1948,-1126335,-461050,1587593,208,0
1051089,-648725,-401066,1298,1618176,-1000023,-618573,-420,0
156137,-236390,80252,-1,202060,-305917,103856,-1,1
-748179,1053689,-303562,1948,-1126964,1587593,-459584,1045,0
-796280,905483,-110505,-1302,-1313185,1497939,-183499,1255,0
-893134,-85804,983486,4548,-1343977,-130921,1475525,627,0
-208658,-480368,690975,1949,-483673,-1109787,1593039,-421,0
840481,138455,-978287,649,1296635,211986,-1507785,836,0
-9145,7853,1292,0,-26131,22439,3691,-1,1
669525,-141056,-529120,-651,1548003,-323217,-1224578,208,0
673425,-1065390,395214,3249,1017199,-1615873,598463,-211,0
-1088141,548620,542120,2599,-1632631,823646,810030,1045,0
-1085541,563571,524569,2599,-1632212,846688,787198,1674,0
-1086841,562921,525219,1299,-1632421,845850,787407,836,0
-9625,2811,6814,0,-27502,8033,19469,0,1
-4301,-1030,5332,1,-12420,-2976,15397,1,1
-79303,978286,-897684,1299,-119609,1471126,-1350680,837,0
30000,30000,30000,90000,60000,60000,60000,180000,1
-156137,-80252,236390,1,-202060,-103856,305917,1,1
-39002,956835,-918485,-652,-58234,1443476,-1383987,1255,0
216,344,-560,0,6250,9943,-16194,-1,1
-5639,3204,2435,0,-16283,9251,7032,0,1
-1075791,685775,390664,648,-1612521,1029348,584219,1046,0
-807981,-92304,901583,1298,-1330990,-153753,1484951,208,0
729327,302261,-1030289,1299,1124449,463982,-1587803,628,0
-118955,123504,-1951,2598,-1389223,1438448,-47760,1465,0
30000,30000,30000,90000,60000,60000,60000,180000,1
648724,-1053040,407565,3249,993528,-1620062,625485,-1049,0
266509,-337363,72152,1298,1220597,-1550727,329500,-630,0
-56124,230515,-174391,0,-72631,298314,-225683,0,1
1082940,-619474,-462818,648,1627602,-931526,-696288,-212,0
-965937,290560,676675,1298,-1590946,476969,1114394,417,0
-1002338,197607,807330,2599,-1540253,301431,1239659,837,0
704626,248309,-954236,-1301,1165296,408262,-1573559,-1,0
-806681,-95554,902233,-2,-1328057,-158781,1487256,418,0
9777,-6229,-3547,1,27936,-17799,-10136,1,1
-890534,-71503,967886,5849,-1355289,-110812,1467146,1045,0
85153,55902,-139106,1949,965250,658582,-1623414,418,0
-1045890,276910,774179,5199,-1574816,413918,1161735,837,0
0,0,0,0,0,0,0,0,1
-40302,507018,-467368,-652,-118353,1470498,-1351309,836,0
-1052390,343862,713726,5198,-1600581,520958,1080460,837,0
235308,111154,-344513,1949,1082554,517816,-1600162,208,0
459567,-1072541,616223,3249,692726,-1627813,935295,208,0
-1027039,279510,749478,1949,-1578587,428581,1150842,836,0
27059,43045,-70105,-1,43295,68873,-112169,-1,1
1073190,-567472,-505719,-1,1632420,-863656,-768765,-1,0
305511,1950,-305512,1949,1407656,13406,-1421063,-1,0
-410816,1075140,-663675,649,-618573,1619014,-999395,1046,0
-106604,131954,-24051,1299,-1239241,1541509,-300803,1465,0
63702,-969837,909384,3249,94053,-1459606,1365342,-211,0
126754,-120255,-5851,648,1453321,-1372256,-81695,-630,0
0,0,0,0,0,0,0,0,1
-53302,-87104,142355,1949,-629256,-990806,1619852,-210,0
-91004,-47452,140405,1949,-1062655,-542744,1605398,-1,0
5226,-4487,-738,1,15090,-12958,-2132,0,1
-92003,-146356,238359,0,-119063,-189402,308465,0,1
-918485,917834,1950,1299,-1413941,1414987,209,1255,0
-62403,139755,-75403,1949,-739649,1631582,-890678,1255,0
429016,-536271,107254,-1,1234632,-1543814,308762,-420,0
975036,-94254,-878183,2599,1481390,-145375,-1335598,417,0
430,-533,103,0,12420,-15397,2976,-1,1
-349714,1041339,-690326,1299,-539183,1605398,-1065169,1046,0
-642,1412,-770,0,-7415,16311,-8896,0,1
-892484,-89054,984136,2598,-1341464,-135320,1477410,626,0
-172907,678625,-505069,649,-401769,1572511,-1169905,837,0
938635,-741678,-197608,-651,1548422,-1224159,-324893,-630,0
-457618,-599323,1059539,2598,-703829,-924613,1628440,-2,0
-1070591,702026,370513,1948,-1607075,1054485,553845,1255,0
-538871,120904,417965,-2,-1556383,350866,1206562,1045,0
826830,-1027689,204757,3898,1236307,-1542976,306458,-211,0
-519370,-553171,1077090,4549,-789503,-843547,1633468,418,0
143655,-72153,-68253,3249,1633049,-820924,-812336,-211,0
664,-332,-332,0,1258,-629,-629,0,1
984786,-887284,-95554,1948,1480971,-1337274,-144118,-421,0
-767679,1015988,-247660,649,-1182055,1567484,-383964,1465,0
193707,827481,-1021189,-1,292004,1246571,-1537321,1254,0
1042639,-353614,-687726,1299,1606027,-546515,-1059513,-1,0
-284711,-751429,1042639,6499,-434866,-1146445,1581309,-2,0
-42252,137155,-93604,1299,-503573,1598067,-1093238,1256,0
-182813,226626,-43812,1,-236582,293281,-56698,1,1
-600623,1069290,-467368,1299,-915187,1629697,-713255,1255,0
-7527,-1804,9331,0,-21507,-5154,26661,0,1
523269,-451117,-70853,1299,1505899,-1301035,-205493,-629,0
-420566,-657825,1080990,2599,-630723,-989549,1620271,-1,0
563,-320,-243,0,16283,-9251,-7032,0,1
-999,-366,1366,1,-11549,-4227,15777,1,1
0,0,0,0,0,0,0,0,1
-126,118,7,-1,-14553,13698,854,-1,1
-1084241,584371,503768,3898,-1631164,877690,754730,1256,0
258709,304861,-565522,-1952,748864,882717,-1631164,417,0
-353614,181356,172906,648,-1632631,841661,792016,1046,0
-128705,111154,20150,2599,-1508204,1296635,212405,836,0
-99454,135855,-36402,-1,-1152519,1579005,-425649,837,0
703976,-295762,-407566,648,1626136,-681834,-944094,208,0
182813,-226626,43812,-1,236582,-293281,56698,-1,1
-219709,-340613,562271,1949,-635122,-985988,1620690,-420,0
787829,240509,-1026389,1949,1196717,364482,-1560572,627,0
1344,-294,-1050,0,15534,-3396,-12138,0,1
551220,-164457,-388065,-1302,1589478,-470476,-1119423,-421,0
-408866,-295762,705926,1298,-942418,-683719,1626555,418,0
-228649,49985,178664,0,-295899,64686,231212,-1,1
-761179,-167707,930834,1948,-1253695,-279437,1533549,417,0
-204988,211281,-6293,0,-265279,273423,-8144,0,1
293160,-1050440,761178,3898,436750,-1581938,1144768,-420,0
33,-135,102,0,3813,-15661,11848,0,1
657174,417965,-1075791,-652,991643,628418,-1619643,418,0
-558371,358813,200207,649,-1611055,1037518,574374,837,0
1344,-1050,-294,0,15534,-12138,-3396,0,1
70492,-30441,-40050,1,112788,-48706,-64081,1,1
-32101,70613,-38511,1,-51363,112982,-61618,1,1
306161,1300,-305512,1949,1407865,12987,-1420644,208,0
-21850,-47314,69165,1,-34961,-75703,110664,0,1
1409,-801,-608,0,16283,-9251,-7032,0,1
-1036789,713076,326312,2599,-1595554,1098265,498754,1465,0
-1080991,634423,448516,1948,-1624671,954357,671359,1045,0
-706577,-247010,955535,1948,-1163831,-410567,1574187,-211,0
30000,30000,30000,90000,60000,60000,60000,180000,1
-559021,205407,354913,1299,-1613988,592179,1022436,627,0
-224259,347763,-121555,1949,-1038985,1611263,-571233,1045,0
-334763,-226859,563571,1949,-967345,-655859,1623413,209,0
-1320,5423,-4103,0,-3813,15661,-11848,0,1
41601,-509620,468017,-2,118561,-1470499,1351936,-2,0
-178757,-375065,555120,1298,-517398,-1083184,1600371,-211,0
29251,-931485,906133,3899,42313,-1435517,1392783,-421,0
103,-620,516,-1,196,-1175,978,-1,1
458267,-1072541,617523,3249,691050,-1627813,936552,-211,0
1409,-608,-801,0,16283,-7032,-9251,0,1
980236,-876233,-102704,1299,1486837,-1329733,-156686,418,0
125617,114716,-240333,0,162563,148456,-311020,-1,1
841781,139105,-978287,2599,1296426,212195,-1508204,417,0
-899634,973736,-72153,1949,-1354870,1467565,-111230,1465,0
460217,622073,-1079041,3249,692307,935505,-1626765,1047,0
433566,98153,-531720,-1,1249085,286768,-1535645,208,0
602572,-1082941,484268,3899,902827,-1630745,727708,-210,0
892483,73452,-963337,2598,1356754,109554,-1465681,627,0
-892484,-50702,946435,3249,-1372047,-80438,1453112,627,0
796929,-1038089,243109,1949,1195879,-1562038,365948,-211,0
867782,-1002988,137155,1949,1300615,-1506528,205702,-211,0
90353,892483,-982187,649,136785,1341672,-1477621,836,0
431616,-1054990,627273,3899,660048,-1624461,963783,-630,0
505068,-35752,-472568,-3252,1460653,-98243,-1362830,-420,0
5639,-2435,-3204,0,16283,-7032,-9251,0,1
-442017,-624674,1072540,5849,-674293,-951216,1625926,417,0
-374415,1056939,-682526,-2,-570185,1611263,-1039823,1255,0
371163,-981537,611022,648,608937,-1617339,1007982,-420,0
30000,30000,30000,90000,60000,60000,60000,180000,1
-956836,923684,35751,2599,-1437821,1389851,49226,1256,0
880132,113754,-992588,1298,1322820,168416,-1491027,209,0
-132,-410,542,0,-3813,-11848,15661,0,1
-20801,-110505,133905,2599,-257652,-1268148,1525589,-211,0
41562,-70323,28760,-1,66500,-112517,46016,-1,1
55252,-141056,88403,2599,619410,-1619015,998975,-630,0
-90354,137805,-46152,1299,-1054695,1607912,-552171,1046,0
-352314,204107,148855,648,-1625509,947235,679319,1045,0
30000,30000,30000,90000,60000,60000,60000,180000,1
738,674,-1413,-1,8534,7793,-16328,-1,1
-785880,-254810,1043939,3249,-1182264,-383964,1566646,418,0
88403,893133,-981537,-1,133434,1343557,-1476155,836,0
1017938,-768979,-247010,1949,1565598,-1184778,-381660,-840,0
674725,-1064740,393914,3899,1019084,-1615454,596159,-211,0
-657175,-417316,1079690,5199,-989549,-630513,1620271,209,0
-526520,-462818,989987,649,-866380,-765833,1632420,207,0
-999,-366,1366,1,-11549,-4227,15777,1,1
91,-139,47,-1,10608,-16060,5452,0,1
1414,-707,-707,0,16334,-8167,-8167,0,1
-598023,-26651,627923,3249,-1380216,-65356,1445989,417,0
-225559,690975,-464118,1298,-524939,1602466,-1076481,1046,0
85153,-141706,59152,2599,959384,-1624880,665285,-211,0
-801481,-230109,1036138,4548,-1206982,-348982,1556591,627,0
511569,572021,-1084891,-1301,772116,860932,-1632212,836,0
-986737,568771,418615,649,-1626556,938437,689584,1465,0
-878183,993237,-114405,649,-1318841,1493959,-174072,1046,0
134,-29,-105,0,15534,-3396,-12138,0,1
-245060,341262,-95554,648,-1135342,1585079,-448691,1046,0
289910,750128,-1038739,1299,440521,1142254,-1581938,837,0
866482,-1004288,141055,3249,1297473,-1508413,210729,-211,0
1082940,-581772,-500519,649,1631792,-878319,-753683,-210,0
-368564,1066689,-696827,1298,-556779,1608750,-1050925,1046,0
9145,-1292,-7853,0,26131,-3691,-22439,1,1
-100,-36,136,0,-11550,-4227,15777,0,1
503768,-477118,-26651,-1,1451436,-1374560,-77505,-629,0
256,-564,308,0,7415,-16311,8896,0,1
722827,339962,-1062140,649,1089467,509228,-1598277,418,0
-501819,475817,25350,-652,-1449342,1376863,73315,836,0
331512,-564222,232708,-2,952472,-1625718,672407,-839,0
-174,553,-378,1,-5047,15977,-10929,1,1
267810,-337363,70852,1299,1224367,-1549051,323844,-840,0
668875,-137156,-531070,649,1545489,-316304,-1229396,-211,0
416015,-1079041,665624,2598,621505,-1619434,997508,-421,0
-119605,662374,-542121,648,-278809,1533759,-1253904,1046,0
-36946,-33740,70686,0,-59113,-53984,113098,1,1
413415,-1078391,667575,2599,617316,-1618596,1001279,-1,0
-453717,517419,-63053,649,-1312347,1498358,-184965,1046,0
770928,-1052390,284060,2598,1153356,-1578796,425229,-211,0
431,221,-653,-1,817,420,-1237,0,1
131304,865182,-997138,-652,199208,1305014,-1502967,1255,0
588922,393264,-982187,-1,974466,648108,-1621948,626,0
-1058240,751428,306811,-1,-1586337,1129267,457907,837,0
117004,230108,-345163,1949,533107,1070614,-1603304,417,0
-1077091,409515,668225,649,-1617549,615849,1002326,626,0
460217,55902,-515470,649,1326171,162760,-1488513,418,0
-938636,921084,18850,1298,-1425881,1402629,24717,1465,0
970486,-113105,-854783,2598,1493959,-176167,-1318003,-211,0
768978,-1053040,287310,3248,1150423,-1579844,429209,-212,0
213858,135855,-349064,649,982426,639310,-1620900,836,0
-100754,342562,-239859,1949,-474456,1591364,-1115862,1046,0
345812,-109205,-236609,-2,1595134,-494356,-1101198,-420,0
524569,-79303,-446567,-1301,1514068,-227069,-1287001,-2,0
-512220,-571372,1086840,3248,-770860,-861562,1632420,-2,0
-666925,-379615,1048489,1949,-1027045,-586105,1613358,208,0
261309,303561,-565522,-652,753892,878109,-1631583,418,0
788479,222308,-1008188,2599,1213894,339974,-1553031,837,0
691625,-482969,-208658,-2,1592201,-1110415,-482835,-1049,0
-41602,136505,-94254,649,-498336,1596810,-1097637,837,0
1074490,-684476,-388065,1949,1612939,-1029978,-583382,-421,0
-437,1383,-946,0,-5047,15977,-10929,1,1
1051739,-764429,-285361,1949,1579424,-1150215,-429629,-420,0
5172,4723,-9896,-1,14778,13496,-28274,0,1
30000,30000,30000,90000,60000,60000,60000,180000,1
206707,809280,-1014689,1298,313161,1232327,-1544233,1255,0
-132605,105303,30551,3249,-1550936,1218712,333480,1256,0
-9145,1292,7853,0,-26131,3691,22439,-1,1
-3788,9814,-6026,0,-10823,28042,-17218,1,1
851531,-1009488,159905,1948,1279668,-1519306,239636,-2,0
85153,-141706,59802,3249,958756,-1624880,665704,-420,0
23400,928234,-950986,648,35191,1397182,-1431537,836,0
30000,30000,30000,90000,60000,60000,60000,180000,1
30000,30000,30000,90000,60000,60000,60000,180000,1
-936686,-3251,945135,5198,-1410171,-7542,1418339,626,0
-214212,12582,201630,0,-277216,16283,260933,0,1
-353614,157955,196307,648,-1629698,730850,900104,1256,0
-541,1402,-860,1,-6250,16194,-9943,1,1
0,0,0,0,0,0,0,0,1
-43,-94,138,1,-5047,-10929,15977,1,1
-494019,-191108,687075,1948,-1140370,-442197,1582566,-1,0
102053,-137806,38351,2598,1150005,-1580053,429419,-629,0
-1075141,686425,390664,1948,-1612312,1030186,582962,836,0
455667,599972,-1056290,-651,705085,923774,-1628232,627,0
-370514,1066689,-695527,648,-559083,1609378,-1049249,1046,0
-37609,224447,-186838,0,-48670,290462,-241791,1,1
-140406,60452,80603,649,-1628441,709693,919585,837,0
878832,-835932,-43552,-652,1448294,-1377912,-70593,-211,0
1080340,-633124,-447217,-1,1625298,-952682,-672617,-1,0
748178,-937986,190457,649,1230442,-1545699,315046,-211,0
-43,138,-94,1,-5047,15977,-10929,1,1
885983,-61103,-824881,-1,1462538,-102433,-1360107,-2,0
89703,891183,-982187,-1301,136366,1341882,-1477411,837,0
705926,-395215,-310062,649,1629278,-911835,-717863,-420,0
355563,-183957,-170957,649,1632839,-839567,-793483,-211,0
-263260,-436817,702026,1949,-607681,-1009240,1616710,-211,0
-1073841,568771,508319,3249,-1631793,864284,768974,1465,0
1027038,-823581,-202158,1299,1541718,-1238194,-304155,-631,0
-233773,165491,68281,-1,-302530,214165,88364,-1,1
247659,-345163,99453,1949,1133456,-1585709,451623,-630,0
378314,-707877,332812,3249,868473,-1632840,763737,-630,0
-51352,138455,-85154,1949,-618992,1619014,-998766,1256,0
235308,110504,-344513,1299,1083602,516559,-1599953,208,0
625323,-29902,-596723,-1302,1446199,-66613,-1379797,-211,0
141705,838531,-979587,649,218898,1293074,-1510508,1464,0
-482,-14,497,1,-13927,-427,14354,0,1
0,0,0,0,0,0,0,0,1
-130,18,112,0,-15090,2132,12958,0,1
131954,-989338,861282,3898,196904,-1503177,1306271,-2,0
-37609,-186838,224447,0,-48670,-241791,290462,1,1
-237456,151298,86157,-1,-307296,195798,111497,-1,1
-140,60,80,0,-16283,7032,9251,0,1
5547,58274,-63822,-1,8876,93239,-102115,0,1
120,3,-124,-1,13927,427,-14354,0,1
1077090,-432267,-644175,648,1622994,-653136,-969859,-1,0
-566,584,-17,1,-1073,1106,-32,1,1
-138456,-841132,982186,2598,-213244,-1296008,1509041,-211,0
172906,-680576,509619,1949,397160,-1570836,1173256,-420,0
9868,-5607,-4261,0,28197,-16020,-12176,1,1
812530,-1034189,224258,2599,1216198,-1553031,336413,-420,0
767678,-1053690,287960,1948,1149167,-1580262,431094,-1,0
30000,30000,30000,90000,60000,60000,60000,180000,1
204988,-211281,6293,0,265279,-273423,8144,0,1
-706577,-360114,1071890,5199,-1061608,-544211,1605817,-2,0
-139756,79302,62402,1948,-1627603,928173,700686,1256,0
-352964,157305,196957,1298,-1629698,728546,901989,837,0
128704,-542121,412765,-652,369509,-1563086,1193156,-421,0
-1014689,838531,179406,3248,-1528313,1262910,266658,1255,0
493368,-1086191,596072,3249,737134,-1631374,893819,-421,0
221008,340612,-561622,-2,636168,984940,-1620691,417,0
-1052390,340612,716326,4548,-1599743,516350,1084440,1047,0
-1052390,341912,715676,5198,-1599953,518025,1082973,1045,0
92003,-238359,146356,0,119063,-308465,189402,0,1
50701,-952936,908084,5849,72896,-1449970,1377073,-1,0
-3999,5464,-1464,1,-11549,15777,-4227,1,1
686425,-193708,-491419,1298,1583613,-447015,-1137018,-420,0
9145,-7853,-1292,0,26131,-22439,-3691,1,1
52,547,-599,0,98,1037,-1136,-1,1
-967887,911984,57202,1299,-1453322,1372046,82532,1256,0
-635074,973086,-339963,-1951,-1047573,1609797,-561178,1046,0
-541,-860,1402,1,-6250,-9943,16194,1,1
840481,139105,-978287,1299,1295798,213243,-1508413,628,0
173556,-553821,380914,649,497916,-1596811,1098265,-630,0
-133906,30551,107254,3899,-1554497,345001,1210333,837,0
-850232,-14301,867132,2599,-1400116,-27232,1427975,627,0
0,0,0,0,0,0,0,0,1
690325,-482969,-208008,-652,1592201,-1110834,-481997,-630,0
-456968,-620774,1082290,4548,-689375,-937600,1627393,418,0
1068640,-638324,-429667,649,1623203,-970487,-652508,208,0
848931,-1011438,164456,1949,1275479,-1522029,246130,-420,0
-245060,341912,-95554,1298,-1133876,1585498,-450367,1255,0
-3673,5562,-1888,1,-10608,16060,-5452,0,1
11061,-66014,54952,-1,17698,-105622,87924,0,1
-938636,-3901,945785,3248,-1409961,-8170,1418549,418,0
-92954,-436817,529769,-2,-268335,-1261236,1529569,-2,0
388064,594122,-982187,-1,642033,979913,-1621529,417,0
0,0,0,0,0,0,0,0,1
435516,644174,-1077741,1949,656277,967763,-1622995,1045,0
855432,152755,-1004938,3249,1287000,227696,-1514279,417,0
299661,753378,-1051740,1299,450785,1134713,-1584661,837,0
43,94,-138,-1,5047,10929,-15977,-1,1
-891184,-90354,984136,2598,-1339997,-137624,1478248,627,0
131304,-351014,222308,2598,599929,-1616082,1015733,-420,0
-137,97,40,0,-15882,11243,4639,0,1
988687,-500519,-490119,-1951,1632839,-826999,-806470,-630,0
-69840,44499,25340,-1,-111744,71199,40544,-1,1
-116355,661074,-543421,1298,-273362,1531873,-1257256,1255,0
142355,-81254,-59803,1298,1627812,-926708,-701525,-421,0
668875,-137806,-530420,649,1546117,-317771,-1228558,-212,0
-793030,1036788,-242460,1298,-1193576,1562666,-367625,1465,0
146255,-1004288,861932,3899,216385,-1510508,1293912,-211,0
100753,554470,-655225,-2,232095,1284905,-1515745,1255,0
0,575,-575,0,0,1090,-1090,0,1
-521970,449816,72152,-2,-1505900,1300825,206330,1255,0
-1083591,585671,501818,3898,-1630955,880204,752006,1255,0
115704,14300,-128055,1949,1323867,166740,-1490189,418,0
5500,-1606,-3893,1,15882,-4639,-11243,0,1
5500,-1606,-3893,1,15882,-4639,-11243,0,1
-991938,505068,486218,-652,-1632631,833491,800185,1045,0
110,-1276,1165,-1,1281,-14742,13461,0,1
0,0,0,0,0,0,0,0,1
-261310,-437467,701376,2599,-604748,-1011754,1616291,-211,0
30000,30000,30000,90000,60000,60000,60000,180000,1
537,69,-607,-1,1018,131,-1149,0,1
289260,-1049790,763128,2598,432142,-1580472,1148329,-1,0
-1077091,412765,666924,2598,-1618177,619620,998975,418,0
-9145,1292,7853,0,-26131,3691,22439,-1,1
504,-474,-29,1,14553,-13698,-854,1,1
-113105,-14301,131304,3898,-1321145,-170302,1491864,417,0
504,-29,-474,1,14553,-854,-13698,1,1
-124805,5850,120254,1299,-1455207,87140,1368694,627,0
-806681,-92954,901583,1948,-1330571,-154591,1485580,418,0
-9751,-117005,129354,2598,-129664,-1345444,1474478,-630,0
-503119,1058889,-554471,1299,-776306,1633258,-856115,837,0
-317862,24050,295111,1299,-1468195,115628,1352984,417,0
522619,551870,-1073191,1298,794739,839147,-1632631,1255,0
-107,-25,133,1,-12420,-2976,15397,1,1
-421216,700726,-277561,1949,-974677,1622994,-647271,1046,0
-918485,917834,1300,649,-1413313,1415616,-1048,1255,0
-64,-77,141,0,-7415,-8896,16311,0,1
-297062,313311,-13001,3248,-1375398,1450598,-73944,1256,0
33,-135,102,0,3813,-15661,11848,0,1
-537,117,420,0,-15534,3396,12138,0,1
68902,-889234,821630,1298,112486,-1467776,1355078,-212,0
-329563,52651,278210,1298,-1520563,244664,1276107,208,0
-614,527,86,-1,-1162,998,164,0,1
64,-141,77,0,7415,-16311,8896,0,1
-1071891,499218,577221,4548,-1631374,758081,874757,1464,0
587622,395864,-982837,649,971534,651460,-1622576,418,0
866482,-1004288,139755,1949,1298521,-1507575,209053,-1,0
508319,-681876,175506,1949,1170114,-1572512,402187,-211,0
-504,29,474,-1,-14553,854,13698,-1,1
88,439,-528,-1,2555,12694,-15249,0,1
-140,60,80,0,-16283,7032,9251,0,1
42901,-509620,468017,1298,119608,-1470918,1351098,-212,0
-280811,324362,-42252,1299,-1302292,1505270,-201723,1255,0
-171607,550570,-380265,-1302,-497289,1596600,-1098685,626,0
27059,43045,-70105,-1,43295,68873,-112169,-1,1
9414,-7356,-2058,0,26899,-21019,-5880,0,1
900933,-974387,75402,1948,1354869,-1467985,113115,-1,0
-1016639,772228,246359,1948,-1563924,1188966,376212,1254,0
-377015,-688376,1071890,6499,-570395,-1040451,1610844,-2,0
-252860,563571,-312012,-1301,-729594,1630954,-900314,1046,0
122204,2600,-122205,2599,1393831,40428,-1434051,208,0
-131955,104653,30551,3249,-1550308,1219340,332223,1255,0
-558,355,202,-1,-16133,10279,5853,-1,1
-16507,67798,-51291,0,-26411,108478,-82066,1,1
-706577,1037438,-329563,1298,-1088630,1599323,-509648,1045,0
0,0,0,0,0,0,0,0,1
0,0,0,0,0,0,0,0,1
-3788,-6026,9814,0,-10823,-17218,28042,1,1
564871,-323713,-241160,-2,1627393,-932154,-695659,-420,0
-16507,-51291,67798,0,-26411,-82066,108478,1,1
336062,-269111,-65653,1298,1542975,-1235051,-308763,-839,0
128704,-541471,413415,648,368043,-1562667,1194203,-421,0
660424,403015,-1064090,-651,1005049,612707,-1617339,417,0
51351,-328913,280810,3248,230838,-1516164,1284905,-421,0
535620,549920,-1083591,1949,807307,826369,-1633050,626,0
-36946,-33740,70686,0,-59113,-53984,113098,1,1
-568772,-516120,1088790,3898,-854440,-778401,1632839,-2,0
-254160,-87104,341912,648,-1173676,-396323,1570416,417,0
-56124,230515,-174391,0,-72631,298314,-225683,0,1
608422,-618824,12350,1948,1401791,-1426928,24508,-629,0
-444617,-623374,1071890,3899,-675969,-949750,1626136,417,0
239675,-103501,-136173,1,310167,-133943,-176224,0,1
-1062140,507669,555120,649,-1632212,781542,852134,1464,0
-138456,88403,51351,1298,-1612312,1030815,582334,837,0
-765729,1049789,-282111,1949,-1151891,1579005,-426068,1046,0
-254,-404,658,0,-481,-766,1247,0,1
91,-139,47,-1,10608,-16060,5452,0,1
369863,688375,-1057590,648,562015,1047363,-1608751,627,0
-285361,-750779,1043289,7149,-438008,-1143721,1582147,418,0
458917,598022,-1056940,-1,708436,920632,-1628441,627,0
-450467,1067339,-616224,648,-686233,1627183,-940114,836,0
0,0,0,0,0,0,0,0,1
70492,-40050,-30441,1,112788,-64081,-48706,1,1
-349714,1041339,-690326,1299,-538974,1605189,-1065379,836,0
541,-1402,860,-1,6250,-16194,9943,-1,1
30000,30000,30000,90000,60000,60000,60000,180000,1
0,0,0,0,0,0,0,0,1
-549271,391964,157305,-2,-1584452,1135341,450366,1255,0
30000,30000,30000,90000,60000,60000,60000,180000,1
-352964,157305,195657,-2,-1629907,731269,899685,1047,0
-1084891,469967,617523,2599,-1627813,705713,922936,836,0
50000,18301,-68301,0,80000,29282,-109282,0,1
-72153,139755,-66303,1299,-851507,1633258,-780705,1046,0
-68756,20082,48674,0,-110011,32132,77878,-1,1
0,0,0,0,0,0,0,0,1
248309,-343863,98803,3249,1136179,-1585080,448481,-420,0
-182813,-43812,226626,1,-236582,-56698,293281,1,1
1260,-1186,-74,0,14553,-13698,-854,1,1
7527,-9331,1804,0,21507,-26661,5154,0,1
262609,436816,-698127,1298,605376,1010915,-1616292,-1,0
-1044590,273660,776129,5199,-1573350,409519,1164877,1046,0
-933435,11700,928234,6499,-1421482,15082,1407237,837,0
-537,607,-69,1,-1018,1149,-131,0,1
-662,286,376,0,-1254,541,712,-1,1
458267,529769,-988688,-652,756196,876014,-1631583,627,0
85153,55902,-139106,1949,961479,662981,-1623833,627,0
103,-620,516,-1,196,-1175,978,-1,1
831,575,-1406,0,9600,6643,-16244,-1,1
-637024,971786,-336713,-1951,-1050715,1608959,-557198,1046,0
369213,689025,-1056940,1298,560548,1048620,-1608541,627,0
-1059540,312011,749478,1949,-1588222,465867,1122773,418,0
-1039389,248959,794329,3899,-1563086,372442,1191061,417,0
-1375,973,401,-1,-15882,11243,4639,0,1
23400,-131955,111154,2599,251576,-1523705,1272127,-2,0
-274311,-771579,1049139,3249,-413290,-1161945,1575025,-210,0
36946,-70686,33740,0,59113,-113098,53984,-1,1
89703,892483,-981537,649,134271,1342929,-1476573,627,0
0,0,0,0,0,0,0,0,1
336062,224908,-562272,-1302,970068,653345,-1622785,628,0
880782,-995188,117004,2598,1319258,-1494169,174490,-421,0
156137,80252,-236390,-1,202060,103856,-305917,-1,1
-341263,246359,96853,1949,-1580681,1145396,436541,1256,0
-132605,104653,31201,3249,-1552612,1214941,338717,1046,0
-7527,9331,-1804,0,-21507,26661,-5154,0,1
675375,399114,-1071891,2598,1016570,599301,-1615035,836,0
-442667,986086,-545371,-1952,-731060,1630954,-899267,627,0
127404,-120255,-6501,648,1453321,-1372256,-81695,-630,0
-399,546,-146,1,-11549,15777,-4227,1,1
-3059,9683,-6624,0,-8740,27666,-18925,1,1
-1084241,510269,576571,2599,-1631793,766879,866169,1255,0
-497269,-586322,1087490,3899,-748446,-882718,1631582,418,0
139105,-98804,-39002,1299,1587802,-1124869,-463564,-631,0
-125617,-114716,240333,0,-162563,-148456,311020,1,1
771578,-1017939,248959,2598,1183730,-1567275,383125,-420,0
-806031,-94904,902883,1948,-1328686,-157733,1486837,418,0
204757,-353614,151455,2598,934876,-1627813,692726,-211,0
-656,238,418,0,-1243,451,792,0,1
366613,-557721,193057,1949,1052390,-1608541,555521,-630,0
-68253,887283,-820331,-1301,-112906,1468194,-1354451,837,0
8440,259,-8699,0,24116,740,-24856,0,1
-864533,1001037,-135206,1298,-1299569,1506737,-205912,1256,0
455667,601272,-1056290,649,703409,925450,-1628022,837,0
30000,30000,30000,90000,60000,60000,60000,180000,1
140,-60,-80,0,16283,-7032,-9251,0,1
-599973,1069290,-466718,2599,-915606,1629697,-712417,1674,0
-20801,-110505,133254,1948,-259747,-1266891,1526427,-211,0
0,0,0,0,0,0,0,0,1
228649,-49985,-178664,0,295899,-64686,-231212,1,1
-1072541,499218,577871,4548,-1631164,758081,874548,1465,0
30000,30000,30000,90000,60000,60000,60000,180000,1
-3788,9814,-6026,0,-10823,28042,-17218,1,1
4823,148,-4971,0,13927,427,-14354,0,1
641574,-1082291,444616,3899,959175,-1625090,665704,-211,0
4576,591,-5167,0,13214,1707,-14922,-1,1
-791080,1037438,-245060,1298,-1190643,1563923,-372024,1256,0
-614,527,86,-1,-1162,998,164,0,1
-288611,-31852,322412,1949,-1335808,-145165,1481600,627,0
505068,-33802,-473218,-1952,1458977,-94263,-1364925,-211,0
453716,-1080341,630523,3898,678272,-1626346,948073,-1,0
222115,-190735,-31380,0,287443,-246833,-40610,0,1
157955,-353614,198257,2598,719329,-1629907,910577,-1,0
-428367,1053039,-623374,1298,-661725,1624879,-961899,1255,0
92953,436166,-528470,649,263935,1264377,-1527475,837,0
-637674,1079690,-441367,649,-958757,1624879,-665076,1046,0
282110,-703327,423815,2598,646642,-1622785,975304,-839,0
674075,-1066040,395214,3249,1017408,-1615873,598044,-421,0
473217,-1083591,614923,4549,705922,-1628860,922936,-2,0
521319,553170,-1073191,1298,792435,841242,-1632631,1046,0
911984,-791080,-118955,1949,1501500,-1307320,-194810,-630,0
473217,-1084241,614273,3249,706341,-1629070,922098,-631,0
-140406,79302,62402,1298,-1627394,930268,697962,836,0
359463,707226,-1066040,649,542534,1063283,-1605190,627,0
-1063440,720877,345812,3249,-1599953,1083183,518025,1255,0
30000,30000,30000,90000,60000,60000,60000,180000,1
430316,-1055640,627273,1949,658791,-1624252,965040,-421,0
939935,-742978,-196308,649,1547584,-1225625,-322588,-629,0
0,0,0,0,0,0,0,0,1
-205,-444,650,1,-388,-842,1231,1,1
92003,146356,-238359,0,119063,189402,-308465,0,1
-872333,958135,-83204,2598,-1342930,1476782,-132387,1465,0
-605823,616873,-9101,1949,-1400954,1427556,-25137,1465,0
650024,321112,-971137,-1,1074594,528080,-1602257,417,0
-702027,1068640,-364664,1949,-1055743,1607702,-550495,1464,0
-881434,-107905,993237,3898,-1324915,-163599,1489350,836,0
5500,-3893,-1606,1,15882,-11243,-4639,0,1
173556,-554471,380914,-1,496869,-1596392,1099103,-420,0
0,0,0,0,0,0,0,0,1
-54,-86,140,0,-6250,-9943,16194,1,1
-911335,965936,-52652,1949,-1371209,1454578,-82114,1255,0
0,0,0,0,0,0,0,0,1
958135,-926285,-30552,1298,1436773,-1391318,-45875,-420,0
-65328,9229,56098,-1,-104525,14767,89757,-1,1
1032888,-263260,-770279,-651,1571254,-399674,-1171581,-1,0
221658,786529,-1008188,-1,341859,1212846,-1553659,1046,0
-209308,-479718,691625,2599,-485977,-1107692,1593458,-211,0
-5040,4744,296,0,-14553,13698,854,-1,1
3250,486218,-490769,-1301,7750,1411217,-1417921,1046,0
-911335,791729,120254,648,-1502339,1306481,197113,1255,0
5500,-1606,-3893,1,15882,-4639,-11243,0,1
-443,5105,-4661,1,-1281,14742,-13461,0,1
-46802,325662,-276911,1949,-223298,1513649,-1289095,1256,0
-107905,-26001,135205,1299,-1245735,-291377,1537320,208,0
-806031,-92954,902233,3248,-1329733,-155848,1485999,418,0
-22,132,-109,1,-2555,15249,-12694,0,1
132,410,-542,0,3813,11848,-15661,0,1
5226,-738,-4487,1,15090,-2132,-12958,0,1
-4551,-303562,310711,2598,-24928,-1402001,1426927,-2,0
-136506,96853,40951,1298,-1586547,1128219,459583,1255,0
-61753,640273,-577222,1298,-144956,1482019,-1336017,1046,0
-1032239,261959,776129,5849,-1569579,395065,1175560,1046,0
1059539,-329563,-729978,-2,1595553,-496660,-1099104,-211,0
-204108,-807981,1018588,6499,-313581,-1231700,1545489,208,0
-1144,-147,1291,0,-13214,-1707,14922,1,1
353613,-208008,-145606,-1,1625298,-951844,-673874,-420,0
-87104,-893784,983486,2598,-132387,-1343768,1476572,417,0
867132,-1004288,139105,1949,1298730,-1507575,208634,-211,0
-311362,-392615,706576,2599,-720168,-909531,1629697,-2,0
-879483,833331,45501,-651,-1449342,1377282,73315,1255,0
-297712,963986,-668226,-1952,-491633,1595343,-1102874,836,0
30000,30000,30000,90000,60000,60000,60000,180000,1
705276,246359,-953586,-1951,1168019,404701,-1572512,208,0
39651,-956186,920434,3899,56348,-1442220,1385871,-1,0
-34452,-287961,324362,1949,-158571,-1328686,1487256,-1,0
23400,-317212,296411,2599,101384,-1462748,1361153,-211,0
8820,-518,-8302,0,25201,-1480,-23721,0,1
214508,813180,-1027039,649,324263,1225205,-1548213,1255,0
44,466,-510,0,1281,13461,-14742,0,1
-298362,312661,-12351,1948,-1378331,1448294,-68498,1465,0
978936,-876233,-102054,649,1486627,-1329943,-156686,-2,0
1087490,-546671,-540821,-2,1633049,-821343,-811917,-211,0
748178,-938636,189807,-651,1230652,-1545909,314837,-420,0
-118955,-3901,125454,2598,-1395926,-35401,1431745,418,0
-347114,226208,122204,1298,-1607703,1051552,556987,836,0
-57206,-7391,64597,0,-91529,-11826,103355,0,1
-304862,-726078,1033538,2598,-468591,-1121308,1589269,-630,0
-344513,105303,241159,1949,-1593878,490166,1104549,837,0
843731,136505,-976987,3249,1299149,207796,-1506528,417,0
174206,-553821,380914,1299,498126,-1596811,1098055,-630,0
5818,-9845,4026,-1,16625,-28129,11504,0,1
-1077091,412115,667575,2599,-1618177,619201,999394,418,0
0,-123505,124154,649,-5237,-1412056,1417292,-1,0
-67249,14701,52548,0,-107599,23522,84077,0,1
30000,30000,30000,90000,60000,60000,60000,180000,1
-567472,-81904,651974,2598,-1307948,-192296,1500662,418,0
-140406,-211258,352963,1299,-649785,-973211,1622575,-421,0
452416,-1079691,630523,3248,677434,-1626346,948701,-211,0
-618174,1080340,-460868,1298,-931735,1628021,-695240,1046,0
1024438,-275611,-748179,648,1578376,-426068,-1152310,-2,0
-208008,1023788,-815781,-1,-313372,1545489,-1231071,1046,0
828781,194357,-1022489,649,1247200,289910,-1536692,418,0
128704,-542121,412765,-652,368881,-1562876,1193575,-420,0
-614,86,527,-1,-1162,164,998,0,1
-136506,96853,41601,1948,-1586966,1126753,461258,1045,0
0,0,0,0,0,0,0,0,1
532369,-1075791,547320,3898,804165,-1633678,829930,417,0
-133906,29901,107254,3249,-1554707,345839,1209704,836,0
1066689,-640925,-425116,648,1622156,-975096,-647271,-211,0
192407,160556,-351014,1949,880832,750959,-1631374,417,0
453716,-1080991,629223,1948,679319,-1626556,947235,-2,0
0,0,0,0,0,0,0,0,1
-3325,5625,-2300,0,-9600,16244,-6643,1,1
-636374,972436,-338013,-1951,-1049878,1609378,-558455,1045,0
1077090,-432917,-643525,648,1623413,-654393,-968602,418,0
-44,510,-466,0,-1281,14742,-13461,0,1
979586,-876883,-101404,1299,1485999,-1330780,-155220,-1,0
32101,-70613,38511,-1,51363,-112982,61618,-1,1
0,0,0,0,0,0,0,0,1
579821,-643525,65002,1298,1333922,-1483696,149354,-420,0
-3325,-2300,5625,0,-9600,-6643,16244,1,1
414715,-1079041,666924,2598,618991,-1618805,999813,-1,0
1054339,-341263,-711127,1949,1600790,-520540,-1080461,-211,0
1007537,-177457,-828132,1948,1530407,-270849,-1258931,627,0
63052,269110,-331513,649,286139,1250132,-1535435,836,0
141313,97786,-239099,0,182875,126546,-309422,-1,1
811880,-1033539,224258,2599,1216407,-1552822,336203,-212,0
846981,19500,-866483,-2,1398439,31001,-1429442,-2,0
443,4661,-5105,-1,1281,13461,-14742,0,1
696826,-245060,-451767,-1,1609169,-564529,-1045060,-420,0
846331,19500,-867133,-1302,1398230,31839,-1429652,417,0
130004,-542771,412115,-652,372232,-1563924,1191271,-421,0
-344513,104653,241809,1949,-1593250,487861,1106225,836,0
-141313,-97786,239099,0,-182875,-126546,309422,1,1
316561,-1058240,744277,2598,472779,-1590946,1117746,-421,0
-1301,-940586,944485,2598,-2305,-1413732,1415616,-421,0
83,-140,57,0,9600,-16244,6643,-1,1
182006,-354264,174856,2598,830978,-1633887,802489,-420,0
-646,457,188,-1,-1223,866,357,0,1
1024438,-275611,-748179,648,1578167,-425858,-1152519,-210,0
783929,261309,-1041340,3898,1178074,390876,-1568323,627,0
-212558,-811881,1028988,4549,-322798,-1225206,1548422,418,0
450466,245059,-695527,-2,1042545,567670,-1609798,417,0
917184,-139756,-780030,-2602,1514906,-229583,-1285325,-2,0
662,-286,-376,0,1254,-541,-712,1,1
312011,-1056940,747528,2599,466286,-1589270,1122354,-630,0
-5547,-58274,63822,1,-8876,-93239,102115,0,1
-211258,558370,-347764,-652,-612080,1617757,-1005469,208,0
60290,1850,-62141,-1,96465,2961,-99426,0,1
-47452,326312,-276911,1949,-225603,1514278,-1287629,1046,0
325662,-285361,-39002,1299,1498777,-1311928,-187479,-630,0
7800,301611,-307462,1949,31211,1399068,-1429652,627,0
32101,-70613,38511,-1,51363,-112982,61618,-1,1
-312662,-391315,707226,3249,-724357,-905341,1629906,208,0
-5547,-58274,63822,1,-8876,-93239,102115,0,1
0,0,0,0,0,0,0,0,1
54,86,-140,0,6250,9943,-16194,-1,1
-872333,957485,-84504,648,-1342720,1477201,-133016,1465,0
110,1165,-1276,-1,1281,13461,-14742,0,1
-563,320,243,0,-16283,9251,7032,0,1
-731278,1045239,-312662,1299,-1113348,1591992,-477598,1046,0
1084240,-618174,-463468,2598,1627812,-930478,-697545,-211,0
-956836,874932,83203,1299,-1472384,1348585,125055,1256,0
280810,-703327,424465,1948,643500,-1622366,978237,-629,0
402365,142355,-545371,-651,1161526,413918,-1575026,418,0
-598023,1080340,-482319,-2,-901990,1630535,-727709,836,0
-982837,887933,98153,3249,-1480344,1337483,144536,1675,0
0,-1224,1224,0,0,-14145,14145,0,1
-134,29,105,0,-15534,3396,12138,0,1
603872,-1074491,472567,1948,912672,-1629907,717025,-210,0
738,674,-1413,-1,8534,7793,-16328,-1,1
-401066,-144306,546670,1298,-1159432,-416013,1575653,208,0
30000,30000,30000,90000,60000,60000,60000,180000,1
-11,127,-116,0,-1281,14742,-13461,0,1
1056289,-704627,-351014,648,1603722,-1069778,-534365,-421,0
5587,-3559,-2027,1,16133,-10279,-5853,1,1
0,0,0,0,0,0,0,0,1
-107,133,-25,1,-12420,15397,-2976,1,1
-912635,965286,-51352,1299,-1371837,1453740,-80647,1256,0
882083,111154,-989988,3249,1324914,164645,-1489351,208,0
1205,-1242,37,0,13927,-14354,427,0,1
625973,-28602,-597373,-2,1444942,-63261,-1381473,208,0
-495969,-587623,1087490,3898,-746771,-884813,1631582,-2,0
-32101,-38511,70613,1,-51363,-61618,112982,1,1
-168357,1013387,-843732,1298,-253881,1524961,-1270033,1047,0
-252860,563571,-310062,649,-731270,1630744,-899057,417,0
522619,-76703,-447867,-1951,1511345,-220575,-1290981,-211,0
927584,25350,-952286,648,1396344,35400,-1431746,-2,0
1059539,-330213,-729978,-652,1595762,-497708,-1098266,-212,0
-947736,20800,932134,5198,-1427557,27650,1400743,836,0
-376365,1057589,-679926,1298,-574584,1611892,-1036052,1256,0
1062139,-718927,-341913,1299,1600161,-1083812,-516560,-211,0
-939286,0,944485,5199,-1412684,-2514,1415825,627,0
-201508,350363,-147556,1299,-937181,1627393,-689375,837,0
-504,474,29,-1,-14553,13698,854,-1,1
-667576,1072540,-403016,1948,-1007145,1617548,-609357,1046,0
999,-1366,366,-1,11549,-15777,4227,-1,1
343862,-248960,-93604,1298,1581099,-1145607,-436542,-1050,0
541,860,-1402,-1,6250,9943,-16194,-1,1
-670826,139105,533019,1298,-1546537,320074,1227090,627,0
73,67,-141,-1,8534,7793,-16328,-1,1
6429,-9733,3304,0,18369,-27810,9441,0,1
172906,-553171,381564,1299,496031,-1596182,1099731,-420,0
-1034839,231408,807980,4549,-1554497,345210,1210333,1046,0
0,0,0,0,0,0,0,0,1
-211908,559020,-346463,649,-614174,1618176,-1003375,627,0
283410,-328263,45501,648,1302501,-1505271,202560,-210,0
139105,-40952,-96854,1299,1588431,-465658,-1122984,-211,0
23400,108554,-131305,649,261212,1266681,-1526428,1465,0
0,0,0,0,0,0,0,0,1
482318,-499219,17550,649,1388594,-1439078,49854,-630,0
811880,-1034189,224908,2599,1215570,-1553031,337041,-420,0
-1072541,499868,577221,4548,-1631374,758291,874338,1255,0
841781,-874283,33801,1299,1385452,-1442010,55929,-629,0
-1025089,276260,751428,2599,-1577539,424391,1154194,1046,0
233773,-68281,-165491,1,302530,-88364,-214165,1,1
-670176,137805,533019,648,-1546118,318607,1228138,627,0
313961,-301612,-10401,1948,1440334,-1387338,-53835,-839,0
-411466,1075140,-663025,649,-620040,1619014,-998138,836,0
787829,220358,-1007538,649,1215360,337041,-1552193,208,0
367913,690325,-1056290,1948,558454,1050714,-1608122,1046,0
222958,-947086,724777,649,365948,-1561829,1195460,-421,0
-989338,436816,552520,-2,-1629279,720376,909949,1046,0
289910,29901,-319812,-1,1336435,144745,-1480972,208,0
50000,18301,-68301,0,80000,29282,-109282,0,1
-430317,1053689,-622074,1298,-663610,1625089,-960223,1256,0
592,-557,-34,1,1121,-1055,-65,1,1
1077740,-651325,-425766,649,1621318,-981380,-640359,-421,0
0,0,0,0,0,0,0,0,1
1344,-294,-1050,0,15534,-3396,-12138,0,1
30000,30000,30000,90000,60000,60000,60000,180000,1
347,-664,317,0,657,-1258,600,-1,1
-919135,141705,780029,2599,-1515535,231467,1284905,837,0
1058239,-751429,-304212,2598,1586755,-1128849,-457908,-2,0
21850,-69165,47314,-1,34961,-110664,75703,0,1
349713,-229459,-119605,649,1608331,-1049668,-559293,-630,0
-223609,945135,-722178,-652,-370348,1563294,-1192319,627,0
-228649,178664,49985,0,-295899,231212,64686,-1,1
297711,-1043290,749478,3899,446386,-1584661,1137646,-629,0
228649,-178664,-49985,0,295899,-231212,-64686,1,1
828131,196957,-1023139,1949,1245315,293052,-1537530,837,0
640273,-1082941,445266,2598,956871,-1625299,668427,-1,0
56552,887283,-944486,-651,88606,1368694,-1456255,1045,0
709826,-1040039,332162,1949,1088210,-1599534,510694,-630,0
587622,498568,-1082941,3249,883136,748864,-1631164,836,0
22,109,-132,-1,2555,12694,-15249,0,1
-1396,889,506,-1,-16133,10279,5853,-1,1
505,121,-626,0,957,229,-1186,0,1
781979,261959,-1041990,1948,1177864,391294,-1568532,626,0
-310712,1054989,-743628,649,-468381,1589897,-1120679,837,0
-510920,-570722,1086190,4548,-771069,-861562,1632420,-211,0
54,86,-140,0,6250,9943,-16194,-1,1
1084240,-468668,-614274,1298,1628440,-705295,-923356,-211,0
-113755,-14301,130654,2598,-1324077,-164646,1489560,837,0
674725,399764,-1071241,3248,1016152,599720,-1615035,837,0
-1084891,469317,618173,2599,-1628022,704247,924402,627,0
976986,-362714,-616874,-2602,1614824,-597836,-1017409,-421,0
228649,-49985,-178664,0,295899,-64686,-231212,1,1
380264,-707877,330862,3249,872453,-1632631,759757,-421,0
222308,-946436,725427,1299,363225,-1560991,1197555,-211,0
639623,-1082941,445916,2598,956452,-1625509,668846,-211,0
636373,-589573,-44852,1948,1464633,-1358640,-106413,-420,0
-1260,74,1186,0,-14553,854,13698,-1,1
228808,-694227,468017,2598,523891,-1602048,1077946,-211,0
211257,477117,-688376,-2,487861,1106644,-1593669,836,0
-32101,70613,-38511,1,-51363,112982,-61618,1,1
0,0,0,0,0,0,0,0,1
2568,-5649,3080,-1,7415,-16311,8896,0,1
109854,24050,-131305,2599,1246362,291376,-1537111,627,0
558,-202,-355,1,16133,-5853,-10279,1,1
-145606,1002987,-857383,-2,-219109,1511973,-1292028,836,0
892483,73452,-963987,1948,1355707,111439,-1466519,627,0
-911335,966586,-52652,2599,-1370790,1454787,-82533,1464,0
-285361,1048489,-761179,1949,-431095,1580261,-1148539,627,0
-7000,-2562,9562,0,-20000,-7320,27320,0,1
131954,-19501,-111155,1298,1510926,-218690,-1292238,-2,0
30000,30000,30000,90000,60000,60000,60000,180000,1
66952,75402,-138456,3898,743628,887954,-1630955,627,0
110,-1276,1165,-1,1281,-14742,13461,0,1
63052,269110,-330863,1299,284882,1250761,-1535016,627,0
696826,-247660,-449817,-651,1610426,-570185,-1040451,-210,0
84503,-980237,898983,3249,124636,-1473222,1348375,-211,0
-254,-404,658,0,-481,-766,1247,0,1
1000,366,-1366,0,11550,4227,-15777,0,1
-81904,139105,-56553,648,-957081,1625298,-667380,837,0
-254,658,-404,0,-481,1247,-766,0,1
430966,-1055640,627273,2599,659001,-1624252,964621,-630,0
41562,-70323,28760,-1,66500,-112517,46016,-1,1
48101,585671,-632474,1298,107668,1358011,-1464843,836,0
30000,30000,30000,90000,60000,60000,60000,180000,1
30000,30000,30000,90000,60000,60000,60000,180000,1
-211908,-139756,353613,1949,-979914,-641406,1621528,208,0
-1065390,354263,715026,3899,-1602467,530175,1073128,836,0
-302262,-728028,1032888,2598,-464611,-1124031,1588431,-211,0
30000,30000,30000,90000,60000,60000,60000,180000,1
-376365,704626,-326963,1298,-871616,1632630,-759967,1047,0
-848282,-15601,867782,3899,-1399278,-29327,1429232,627,0
-4551,-303562,310061,1948,-25766,-1401792,1427137,-421,0
-976987,874282,106603,3898,-1486209,1329732,158151,1674,0
148205,-921735,774179,649,243197,-1520563,1277154,-212,0
266509,-337363,72152,1298,1221644,-1550517,328034,-839,0
975686,-77353,-897684,649,1470079,-118562,-1351518,-1,0
-57203,-888584,948385,2598,-88398,-1368695,1456673,-420,0
-176807,351663,-172907,1949,-826580,1633677,-806261,836,0
329562,-706577,380914,3899,756405,-1632421,875595,-421,0
-880783,-108555,993237,3899,-1324496,-164646,1489769,627,0
-43552,949685,-905484,649,-67032,1447456,-1379169,1255,0
215808,812530,-1027689,649,325311,1224158,-1548423,1046,0
968536,-111805,-855433,1298,1493121,-174282,-1319050,-211,0
520669,553170,-1073191,648,792854,840404,-1632631,627,0
32101,38511,-70613,-1,51363,61618,-112982,-1,1
215808,-561622,345812,-2,618991,-1618805,999394,-420,0
1000387,-196308,-802781,1298,1541509,-303736,-1237775,-2,0
36946,33740,-70686,0,59113,53984,-113098,-1,1
-348414,226208,122204,-2,-1607284,1053228,554893,837,0
-136506,40301,99453,3248,-1588013,465448,1123192,627,0
741677,315911,-1055640,1948,1117746,472779,-1589898,627,0
-298362,-267161,566171,648,-860724,-771698,1632420,-2,0
317211,-1058240,744277,3248,472779,-1590946,1117327,-840,0
313311,-1056940,746877,3248,466914,-1589479,1121935,-630,0
260659,303561,-565522,-1302,751378,880623,-1631374,627,0
-58503,-887934,948385,1948,-89655,-1367857,1457301,-211,0
-393915,1071890,-676676,1299,-594065,1615243,-1020342,836,0
30000,30000,30000,90000,60000,60000,60000,180000,1
-169007,1012737,-843732,-2,-253672,1524751,-1270243,836,0
-927585,-23401,956185,5199,-1394251,-38753,1433631,627,0
-603873,-452417,1058889,2599,-929221,-698382,1628021,418,0
797579,237258,-1034189,648,1203001,355265,-1558058,208,0
841781,-874933,33801,649,1385871,-1441801,55510,-420,0
-16507,67798,-51291,0,-26411,108478,-82066,1,1
30000,30000,30000,90000,60000,60000,60000,180000,1
972436,-90354,-880133,1949,1478877,-139300,-1339369,208,0
-1088141,548620,542120,2599,-1632631,823856,809821,1046,0
-256,-308,564,0,-7415,-8896,16311,0,1
-938636,919784,20800,1948,-1427766,1400534,28907,1675,0
-220359,-339963,562271,1949,-637216,-984313,1621109,-420,0
-91,-47,139,1,-10608,-5452,16060,0,1
-993888,875582,119604,1298,-1493960,1318211,177004,1255,0
361413,344512,-705927,-2,835796,797881,-1632840,837,0
572021,515469,-1085541,1949,859256,773792,-1632212,836,0
4301,1030,-5332,-1,12420,2976,-15397,-1,1
12350,114404,-126105,649,132386,1344186,-1475526,1046,0
-1006888,148855,861932,3899,-1511765,221831,1290770,836,0
875582,-958786,87103,3899,1343557,-1476155,132386,-212,0
-317212,-653925,971136,-1,-522425,-1079413,1601418,-420,0
788479,240509,-1026389,2599,1197136,364063,-1560363,836,0
-1000388,194357,808630,2599,-1539206,297870,1241963,627,0
256,308,-564,0,7415,8896,-16311,0,1
-326963,560971,-233359,649,-948702,1626345,-676597,1046,0
5040,-296,-4744,0,14553,-854,-13698,1,1
37609,186838,-224447,0,48670,241791,-290462,-1,1
30000,30000,30000,90000,60000,60000,60000,180000,1
1074490,-687076,-384815,2599,1612311,-1032491,-580240,-420,0
-1060840,509619,553820,2599,-1632212,784265,849202,1255,0
884,4396,-5281,-1,2555,12694,-15249,0,1
-443967,-623374,1072540,5199,-676807,-949121,1626345,417,0
676025,-521320,-153406,1299,1558057,-1202793,-356104,-840,0
-332,562,-230,0,-9600,16244,-6643,1,1
3325,-5625,2300,0,9600,-16244,6643,-1,1
221,1099,-1320,0,2555,12694,-15249,0,1
-222115,31380,190735,0,-287443,40610,246833,0,1
-397165,546670,-148206,1299,-1148749,1580261,-430467,1045,0
-154706,351663,-195008,1949,-718282,1629906,-910788,836,0
220358,340612,-562272,-1302,635959,985150,-1620900,209,0
87753,893783,-980887,649,131967,1344395,-1475317,1045,0
-987387,567471,420565,649,-1626975,936133,691888,1046,0
1059539,-329563,-730628,-652,1595343,-496241,-1099732,-630,0
-683176,1070590,-386115,1299,-1029768,1613358,-582335,1255,0
794979,-1038739,245709,1949,1193365,-1563086,369509,-212,0
-1007538,147555,862582,2599,-1511136,219946,1292027,837,0
0,0,0,0,0,0,0,0,1
30000,30000,30000,90000,60000,60000,60000,180000,1
-1086191,564221,524569,2599,-1632212,847526,785941,1255,0
-310062,1054989,-743628,1299,-467334,1589688,-1121098,1256,0
1066689,-421216,-645475,-2,1621109,-639521,-981799,-211,0
-831,1406,-575,0,-9600,16244,-6643,1,1
-296412,-752079,1053689,5198,-448063,-1136599,1584660,-2,0
0,0,0,0,0,0,0,0,1
-940586,741027,197607,-1952,-1548423,1224367,324892,836,0
0,0,0,0,0,0,0,0,1
0,0,0,0,0,0,0,0,1
-83854,525219,-442667,-1302,-242151,1520562,-1277365,1046,0
-657175,-416016,1079690,6499,-990597,-629256,1620061,208,0
1084240,-471268,-611673,1299,1628650,-710113,-918957,-420,0
1052389,-763779,-286011,2599,1579843,-1148749,-431514,-420,0
30000,30000,30000,90000,60000,60000,60000,180000,1
451116,244409,-695527,-2,1043383,566623,-1609589,417,0
585021,397164,-983487,-1302,969649,653764,-1622785,628,0
-287311,-750129,1042639,5199,-439474,-1142883,1582356,-1,0
-367914,1066039,-696827,1298,-555522,1608750,-1051972,1256,0
-637674,972436,-336063,-1301,-1051134,1608959,-556569,1256,0
102053,554470,-655225,1298,232724,1284277,-1515954,1047,0
-24051,-926935,954235,3249,-37706,-1395717,1433002,-421,0
-649375,83853,569421,3899,-1500034,191667,1308994,627,0
23400,109204,-131305,1299,258908,1267938,-1525800,1046,0
247659,-344513,99453,2599,1134294,-1585290,450366,-630,0
505068,-1060840,558370,2598,773582,-1633259,858838,-839,0
1064739,-353614,-709827,1298,1603932,-535622,-1068521,-211,0
0,0,0,0,0,0,0,0,1
669525,-1075141,408215,2599,1003793,-1618177,614173,-211,0
-82554,-57853,141705,1298,-962946,-661096,1623832,-210,0
-60290,-1850,62141,1,-96465,-2961,99426,0,1
-945136,215808,731277,1949,-1557220,353799,1204258,837,0
-453717,516769,-62403,649,-1313185,1497939,-183499,1255,0
158605,516769,-674726,648,364273,1197136,-1560781,628,0
-91004,137805,-46152,649,-1058466,1606864,-547353,1045,0
-363364,555770,-192408,-2,-1050087,1609169,-558036,1046,0
-92003,-146356,238359,0,-119063,-189402,308465,0,1
65002,-143006,78652,648,734830,-1630955,895705,-420,0
216,-560,344,0,6250,-16194,9943,-1,1
-618174,1080340,-460218,1948,-931107,1628231,-696078,1046,0
7000,2562,-9562,0,20000,7320,-27320,0,1
-738,1413,-674,1,-8534,16328,-7793,1,1
507669,-682526,177456,2599,1167181,-1573769,405958,-630,0
0,0,0,0,0,0,0,0,1
-458918,-529120,989337,1299,-757663,-874339,1632001,-1,0
-375715,704626,-327613,1298,-869522,1632839,-762062,1255,0
-295,565,-269,1,-8534,16328,-7793,1,1
-794330,907433,-114405,-1302,-1309833,1500452,-189364,1255,0
254,404,-658,0,481,766,-1247,0,1
-140,80,60,0,-16283,9251,7032,0,1
-527820,1071890,-543421,649,-804376,1633886,-828046,1464,0
30000,30000,30000,90000,60000,60000,60000,180000,1
-627274,29901,599972,2599,-1445362,64517,1380634,-211,0
5818,-9845,4026,-1,16625,-28129,11504,0,1
-1086841,562921,524569,649,-1632421,846060,787407,1046,0
101403,35101,-134556,1948,1158593,417269,-1575864,-2,0
946435,-936036,-7801,2598,1421062,-1408285,-12988,-211,0
93603,-140406,48751,1948,1058046,-1606865,548190,-629,0
1414,-707,-707,0,16334,-8167,-8167,0,1
155,482,-637,0,293,912,-1206,-1,1
57206,7391,-64597,0,91529,11826,-103355,0,1
-521320,451116,70202,-2,-1503386,1304595,199836,1045,0
-452417,1067990,-614274,1299,-690213,1627812,-936134,1465,0
-63053,-77353,143655,3249,-741115,-889840,1630954,-1,0
0,0,0,0,0,0,0,0,1
143005,-62403,-77353,3249,1628440,-708228,-920423,-211,0
841781,157305,-997138,1948,1280925,237751,-1517840,836,0
-119605,-3901,125454,1948,-1392994,-40638,1434259,627,0
385464,596072,-981537,-1,637215,984102,-1620691,626,0
1056939,-752079,-302912,1948,1586127,-1130525,-456023,-421,0
537570,-423816,-114405,-651,1549888,-1221226,-328873,-211,0
458917,-518720,61752,1949,1316745,-1495635,178889,-1,0
867782,-1002988,137155,1949,1300825,-1506319,205073,-421,0
1300,120904,-120255,1949,1466,1414150,-1414779,837,0
419265,659774,-1077091,1948,629884,990386,-1619853,417,0
-137,40,97,0,-15882,4639,11243,0,1
1748,-5533,3785,0,5047,-15977,10929,-1,1
-290561,564221,-273011,649,-841871,1633468,-790760,837,0
-1087491,545370,545370,3249,-1632631,818409,815477,1255,0
-45502,-588273,635073,1298,-106832,-1358640,1465051,-421,0
-301,-362,663,0,-571,-685,1256,0,1
30000,30000,30000,90000,60000,60000,60000,180000,1
-888584,-74103,969186,6499,-1352775,-115001,1468613,837,0
130,-18,-112,0,15090,-2132,-12958,0,1
522,-448,-73,1,15090,-12958,-2132,0,1
73,67,-141,-1,8534,7793,-16328,-1,1
-221,-1099,1320,0,-2555,-12694,15249,0,1
1032238,-261960,-770279,-1,1571045,-399046,-1172000,-1,0
-1077741,436166,644824,3249,-1622576,654392,969439,1255,0
-324363,283410,42251,1298,-1498568,1311717,187897,1046,0
-809931,1029638,-218409,1298,-1219132,1551354,-330758,1464,0
379614,-1061490,685775,3899,571860,-1611474,1039403,-211,0
-140,80,60,0,-16283,9251,7032,0,1
-33,135,-102,0,-3813,15661,-11848,0,1
-128705,111154,19500,1949,-1506109,1299778,207587,1256,0
456967,531719,-988688,-2,754101,877900,-1631583,418,0
0,0,0,0,0,0,0,0,1
-350364,1040688,-689676,648,-540231,1605608,-1064331,1046,0
-367,-188,556,1,-10608,-5452,16060,0,1
127404,-9101,-117005,1298,1455416,-86303,-1369114,-1,0
-738,-674,1413,1,-8534,-7793,16328,1,1
-974387,98153,882083,5849,-1481601,146630,1336016,1045,0
505,121,-626,0,957,229,-1186,0,1
826830,199557,-1023789,2598,1243010,296194,-1538787,417,0
-44202,-913935,962686,4549,-69126,-1378959,1448294,209,0
432266,98803,-531720,-651,1247200,289700,-1536692,208,0
130,-18,-112,0,15090,-2132,-12958,0,1
-56124,230515,-174391,0,-72631,298314,-225683,0,1
-943836,213858,731927,1949,-1556383,351076,1206353,1046,0
-1041340,783929,261309,3898,-1568113,1178493,390876,1256,0
-831,-575,1406,0,-9600,-6643,16244,1,1
336062,-267811,-66953,1298,1545070,-1230862,-315047,-839,0
-46802,950985,-904184,-1,-71640,1449550,-1376655,1255,0
-49999,68301,-18301,1,-79999,109282,-29282,1,1
-124805,117654,9100,1949,-1451227,1374350,78342,1465,0
-874283,956185,-79953,1949,-1345653,1474687,-127569,1465,0
30000,30000,30000,90000,60000,60000,60000,180000,1
-420566,700726,-278211,1949,-973630,1623203,-648528,1045,0
116354,14300,-127405,3249,1324705,165273,-1489561,417,0
0,0,0,0,0,0,0,0,1
-726728,-321113,1052389,4548,-1104341,-489748,1594715,626,0
27059,-70105,43045,-1,43295,-112169,68873,-1,1
300961,729327,-1030289,-1,465238,1123820,-1588222,836,0
60290,-62141,1850,-1,96465,-99426,2961,0,1
-3901,-488169,492718,648,-12569,-1408495,1420853,-211,0
143005,-62403,-78003,2599,1628440,-706342,-922309,-211,0
-1075,1333,-257,1,-12420,15397,-2976,1,1
-848932,1008187,-157306,1949,-1278412,1519724,-239847,1465,0
521969,-451117,-70203,649,1505061,-1301873,-204027,-839,0
3673,-5562,1888,-1,10608,-16060,5452,0,1
-295,-269,565,1,-8534,-7793,16328,1,1
67249,-14701,-52548,0,107599,-23522,-84077,0,1
640273,440716,-1080341,648,963993,660467,-1623623,837,0
191107,161856,-351014,1949,874967,757243,-1631793,417,0
-537,420,117,0,-15534,12138,3396,0,1
-211908,-139756,352963,1299,-979495,-641825,1621528,208,0
-213208,1016638,-803431,-1,-324264,1549050,-1223740,1046,0
284060,-326963,44851,1948,1304595,-1503805,198999,-211,0
6999,-9562,2562,-1,19999,-27320,7320,-1,1
499218,588272,-1084891,2599,749283,882508,-1631164,627,0
-313962,-390015,707226,3249,-726452,-903666,1630116,-2,0
558,-202,-355,1,16133,-5853,-10279,1,1
221,-1320,1099,0,2555,-15249,12694,0,1
0,0,0,0,0,0,0,0,1
986736,-434217,-553821,-1302,1629069,-716607,-912673,-211,0
-367,-188,556,1,-10608,-5452,16060,0,1
-785880,-237259,1029638,6499,-1196299,-364274,1561409,836,0
-170957,551870,-380265,648,-497917,1596810,-1098056,837,0
-5587,3559,2027,-1,-16133,10279,5853,-1,1
126,-118,-7,1,14553,-13698,-854,1,1
-704627,296411,410165,1949,-1625927,683090,943674,837,0
-938636,919784,21450,2598,-1428814,1399696,30583,1465,0
-8820,8302,518,0,-25201,23721,1480,0,1
889233,55902,-943186,1949,1370579,83998,-1454369,208,0
-916535,919784,-1951,1298,-1410590,1418339,-6285,1464,0
181356,-354264,174856,1948,828883,-1633887,804584,-420,0
728677,321762,-1047190,3249,1106434,487233,-1593250,417,0
0,0,0,0,0,0,0,0,1
-213859,-811231,1029638,4548,-324055,-1224159,1548841,627,0
2568,-5649,3080,-1,7415,-16311,8896,0,1
-933435,12350,927584,6499,-1422111,15919,1406818,626,0
563,-320,-243,0,16283,-9251,-7032,0,1
984136,-888584,-94254,1298,1479924,-1338740,-141604,-420,0
-1082941,584371,503118,4548,-1631164,878318,753892,1046,0
347,317,-664,0,657,600,-1258,-1,1
-650675,83853,568121,1299,-1500872,194181,1307319,628,0
550,-389,-160,1,15882,-11243,-4639,0,1
593472,480367,-1072541,1298,900942,729802,-1629907,837,0
1074490,-495319,-577222,1949,1631582,-753474,-878110,-2,0
0,0,0,0,0,0,0,0,1
-765729,1049789,-282111,1949,-1152100,1579005,-425649,1256,0
-502469,475817,26650,-2,-1450180,1375816,75619,1255,0
37609,-224447,186838,0,48670,-290462,241791,-1,1
-173557,678625,-504419,649,-403654,1573139,-1168230,1255,0
-107,133,-25,1,-12420,15397,-2976,1,1
2568,-5649,3080,-1,7415,-16311,8896,0,1
254159,787829,-1041990,-2,383963,1183730,-1566437,1256,0
1026388,-821631,-203458,1299,1542766,-1236308,-307087,-629,0
373113,-981537,609072,648,612917,-1617968,1004631,-420,0
-566822,-81904,651324,2598,-1308367,-191459,1500452,626,0
180706,-354914,175506,1298,827836,-1633887,805422,-629,0
102703,35101,-134556,3248,1160269,415384,-1575235,418,0
30000,30000,30000,90000,60000,60000,60000,180000,1
23400,109204,-130655,1949,256604,1269404,-1524962,1046,0
-328913,52001,278210,1298,-1520772,245711,1275688,627,0
-238559,-711127,951635,1949,-395275,-1175142,1570416,-1,0
-328913,51351,278860,1298,-1518677,240055,1279249,627,0
30000,30000,30000,90000,60000,60000,60000,180000,1
-36946,-33740,70686,0,-59113,-53984,113098,1,1
978286,-81254,-895734,1298,1472383,-124008,-1347957,418,0
30000,30000,30000,90000,60000,60000,60000,180000,1
-1014689,839831,178756,3898,-1527685,1263958,265401,1674,0
378314,-1060840,687075,4549,569975,-1611264,1041079,-210,0
-1063440,719576,347763,3899,-1600372,1081088,520539,1255,0
30000,30000,30000,90000,60000,60000,60000,180000,1
299661,265209,-565522,-652,864493,767926,-1632212,207,0
928884,24700,-952286,1298,1396763,34981,-1431537,207,0
5379,-4203,-1176,0,15534,-12138,-3396,0,1
-503119,1058889,-555121,649,-775678,1633468,-856115,1675,0
30000,30000,30000,90000,60000,60000,60000,180000,1
1026388,-823581,-202158,649,1541718,-1237775,-304364,-421,0
-990638,502468,488818,648,-1632840,829092,805003,1255,0
841781,157305,-997138,1948,1281134,237123,-1517630,627,0
-260010,-304212,565521,1299,-750541,-881043,1631792,208,0
-657175,553820,104003,648,-1517002,1282391,235866,1255,0
30000,30000,30000,90000,60000,60000,60000,180000,1
-932785,32501,904833,4549,-1437193,47340,1390270,417,0
1344,-1050,-294,0,15534,-12138,-3396,0,1
-1075791,410815,668225,3249,-1617549,617316,1001488,1255,0
132,-542,410,0,3813,-15661,11848,0,1
-291861,564221,-271711,649,-846061,1633677,-786570,1046,0
-1375,973,401,-1,-15882,11243,4639,0,1
-484919,-9751,495968,1298,-1399488,-28698,1428813,627,0
299011,-966587,669525,1949,489328,-1594507,1104758,-421,0
-933435,11700,928884,7149,-1421063,13825,1407865,627,0
-825531,1023788,-197608,649,-1240498,1540671,-298709,1464,0
-48102,326312,-276911,1299,-227697,1515115,-1286372,1046,0
-1061490,510269,553170,1949,-1632421,785522,847945,1046,0
941885,-922385,-18201,1299,1429022,-1399906,-29327,-211,0
0,0,0,0,0,0,0,0,1
550,-389,-160,1,15882,-11243,-4639,0,1
32101,-70613,38511,-1,51363,-112982,61618,-1,1
0,0,0,0,0,0,0,0,1
840481,173556,-1014038,-1,1267100,259746,-1526009,837,0
-244410,341912,-96204,1298,-1133038,1585708,-451414,1256,0
474517,-1084241,613622,3898,708227,-1629279,920632,-420,0
107,-133,25,-1,12420,-15397,2976,-1,1
566,17,-584,-1,1073,32,-1106,-1,1
-71503,139755,-66303,1949,-847527,1633677,-784685,1465,0
505718,-1061490,558370,2598,774211,-1633259,858419,-629,0
-20151,-110505,133254,2598,-257023,-1268567,1525380,-210,0
429666,-535621,107254,1299,1234422,-1543814,308972,-420,0
349713,-230109,-119605,-1,1607493,-1052601,-556150,-1258,0
-90354,-438117,529119,648,-262889,-1265006,1527474,-421,0
65652,75402,-139106,1948,745932,885859,-1630955,836,0
-22101,-928235,952935,2599,-35611,-1396764,1432164,-211,0
803430,96203,-901584,-1951,1329313,157732,-1486209,836,0
172256,-553821,381564,-1,493727,-1595763,1100988,-1048,0
-538871,120254,418615,-2,-1555964,348981,1207610,627,0
-1041340,250909,793029,2598,-1563714,375794,1188966,1046,0
69840,-44499,-25340,1,111744,-71199,-40544,1,1
696826,-246360,-450467,-1,1609797,-568300,-1041918,-421,0
-254,-404,658,0,-481,-766,1247,0,1
22750,108554,-130655,649,256394,1269404,-1524962,836,0
-707227,347763,362063,2599,-1632631,802489,831187,1045,0
902883,68252,-969837,1298,1361991,99708,-1461282,417,0
-11061,-54952,66014,1,-17698,-87924,105622,0,1
-597373,1069940,-469968,2599,-911416,1629906,-717235,1255,0
-8440,8699,-259,0,-24116,24856,-740,0,1
-380265,-687726,1071890,3899,-573118,-1038357,1611473,-2,0
1053689,-341263,-710477,1949,1600790,-520121,-1080880,-211,0
0,0,0,0,0,0,0,0,1
685775,-191758,-492719,1298,1582356,-442407,-1140370,-421,0
-957486,874282,84503,1299,-1473222,1347537,127149,1464,0
850231,-999088,151455,2598,1286371,-1515535,229163,-1,0
626623,-29902,-597373,-652,1446618,-67032,-1379588,-2,0
-457,516,-59,0,-13214,14922,-1707,1,1
-1077091,432266,648074,3249,-1621948,649365,973629,1046,0
229458,-694227,467367,2598,525776,-1602676,1076270,-630,0
-445267,-621424,1072540,5849,-680158,-945979,1626555,418,0
646124,-1053690,409515,1949,990596,-1620691,629465,-630,0
-113105,-14951,130654,2598,-1322192,-168207,1491026,627,0
-848282,1008187,-158606,1299,-1277365,1520562,-241732,1465,0
-878183,993237,-113755,1299,-1319259,1493749,-173234,1256,0
0,0,0,0,0,0,0,0,1
1260,-1186,-74,0,14553,-13698,-854,1,1
-120,124,-3,1,-13927,14354,-427,0,1
-1073841,495318,580471,1948,-1630955,752216,879994,1255,0
-1000,-366,1366,0,-11550,-4227,15777,0,1
482318,-499869,17550,-1,1387337,-1440335,52577,-421,0
-277561,701376,-421216,2599,-643710,1622575,-977610,1255,0
256759,-565522,310711,1948,734411,-1631374,896543,-420,0
881433,-995188,115704,1949,1319887,-1493750,173652,-211,0
0,-1224,1224,0,0,-14145,14145,0,1
804080,96853,-901584,-651,1329104,157942,-1486209,837,0
-1061490,334762,731277,4549,-1596182,501058,1095751,627,0
1041989,-356214,-686426,-651,1606446,-549866,-1056790,-210,0
-648725,-323063,973086,1298,-1069359,-534784,1603932,-211,0
6429,-9733,3304,0,18369,-27810,9441,0,1
39001,909384,-947086,1299,57186,1385661,-1441592,1255,0
0,0,0,0,0,0,0,0,1
-99,136,-36,1,-11549,15777,-4227,1,1
-188508,-164457,356213,3248,-874339,-757454,1631792,-1,0
-366614,1066039,-698127,1298,-554056,1608540,-1053020,1464,0
468017,-694227,229458,3248,1074804,-1602885,527452,-629,0
110,1165,-1276,-1,1281,13461,-14742,0,1
156005,-353614,200207,2598,714301,-1629698,914976,-421,0
-141313,-97786,239099,0,-182875,-126546,309422,1,1
-212558,-137806,352963,2599,-984732,-636169,1620899,-2,0
-918485,917184,1950,649,-1414151,1414569,628,1046,0
706576,-393265,-312662,649,1629697,-907017,-723100,-420,0
120904,862582,-983487,-1,183498,1314441,-1496683,1256,0
934735,-7801,-924335,2599,1421272,-13826,-1407447,-1,0
122204,-126105,5850,1949,1388803,-1438868,49435,-630,0
656,-418,-238,0,1243,-792,-451,0,1
831,575,-1406,0,9600,6643,-16244,-1,1
52001,-954236,907433,5198,74781,-1450808,1376235,208,0
1054989,-343213,-709177,2599,1601418,-522635,-1078575,208,0
1017938,-771579,-244410,1949,1564551,-1187501,-377889,-839,0
-105954,-881434,990637,3249,-161294,-1327219,1488303,-210,0
431,-653,221,-1,817,-1237,420,0,1
-531070,-526520,1062139,4549,-819458,-814011,1633258,-211,0
131954,-113755,-16901,1298,1506946,-1298731,-208635,-420,0
251559,-1041340,793029,3248,374746,-1564552,1189804,-2,0
330,-1355,1025,0,3813,-15661,11848,0,1
-92003,238359,-146356,0,-119063,308465,-189402,0,1
30000,30000,30000,90000,60000,60000,60000,180000,1
0,0,0,0,0,0,0,0,1
63052,-969187,909384,3249,93215,-1459187,1365761,-211,0
336712,-1064090,729977,2599,502734,-1597858,1094704,-420,0
132,410,-542,0,3813,11848,-15661,0,1
986086,-103354,-882084,648,1486627,-157524,-1328686,417,0
-147556,919134,-773529,-1951,-243198,1520771,-1276946,627,0
30000,30000,30000,90000,60000,60000,60000,180000,1
-344513,105953,241159,2599,-1594088,490794,1103711,417,0
-127405,986736,-856733,2598,-196067,1503176,-1305434,1675,0
-794980,907433,-113755,-1302,-1310252,1499824,-188526,1046,0
606472,475817,-1080341,1948,914138,715349,-1629070,417,0
-56124,-174391,230515,0,-72631,-225683,298314,0,1
-141056,70202,72152,1298,-1632631,823646,810030,1045,0
39651,-956186,921084,4549,55929,-1442010,1386080,-1,0
-36946,-33740,70686,0,-59113,-53984,113098,1,1
25350,926934,-951636,648,38961,1395507,-1433213,1255,0
204757,810580,-1014038,1299,310438,1234213,-1543186,1465,0
-8440,-259,8699,0,-24116,-740,24856,0,1
-250260,1040688,-788480,1948,-377470,1565389,-1187082,837,0
-239675,136173,103501,-1,-310167,176224,133943,0,1
-1075791,410815,668875,3899,-1617549,616478,1002117,1046,0
559020,-358164,-201508,-652,1612101,-1033539,-578983,-421,0
-363364,-342563,708526,2599,-838939,-793902,1633049,208,0
-494669,-588923,1087490,3898,-744466,-886908,1631373,-1,0
-670826,141705,531719,2598,-1547794,323844,1224786,836,0
1017288,-836582,-178757,1949,1529779,-1260398,-269801,-420,0
69840,-25340,-44499,1,111744,-40544,-71199,1,1
82553,-978937,898983,2599,121494,-1471756,1350051,-211,0
8450,850881,-860633,-1302,15082,1407656,-1421901,837,0
-659125,-401716,1066689,5848,-1004003,-613546,1617967,418,0
214508,135205,-349064,649,985568,635540,-1620481,627,0
30000,30000,30000,90000,60000,60000,60000,180000,1
849581,-998438,151455,2598,1286790,-1515326,228325,-211,0
669525,-141056,-529120,-651,1547793,-322798,-1225206,-211,0
-206058,1023138,-816431,649,-311067,1544651,-1232328,1256,0
-141,70,70,-1,-16334,8167,8167,0,1
5639,-3204,-2435,0,16283,-9251,-7032,0,1
0,0,0,0,0,0,0,0,1
-453717,-241810,698126,2599,-1047783,-560968,1608540,-211,0
191757,828781,-1020539,-1,289700,1248038,-1536692,1046,0
-114,129,-14,1,-13214,14922,-1707,1,1
-330,1355,-1025,0,-3813,15661,-11848,0,1
-8440,-259,8699,0,-24116,-740,24856,0,1
-91004,-46802,140405,2599,-1066007,-538345,1604560,208,0
731927,298361,-1028989,1299,1128429,458326,-1586547,208,0
705926,-394565,-312012,-651,1629278,-909740,-720168,-630,0
-891184,-89054,984786,4548,-1341254,-135739,1477620,627,0
5850,485568,-492719,-1301,13615,1408284,-1421273,626,0
437466,641574,-1077741,1299,658582,965250,-1623414,418,0
757928,172256,-930185,-1,1252227,282578,-1533969,836,0
-505069,33151,473217,1299,-1459187,94681,1364924,418,0
126754,-120905,-5851,-2,1453949,-1371628,-83161,-840,0
217108,810580,-1028339,-651,330547,1220806,-1550098,1255,0
958135,-924985,-31202,1948,1437820,-1390480,-47970,-630,0
44201,93603,-136506,1298,505876,1092400,-1597439,837,0
-182813,-43812,226626,1,-236582,-56698,293281,1,1
-460218,-56553,516119,-652,-1324706,-164018,1489560,836,0
50701,-328913,280810,2598,226649,-1514697,1287628,-420,0
456967,624673,-1079041,2599,688117,939275,-1626556,836,0
167056,185906,-351014,1948,764156,868473,-1632002,627,0
-1320,-4103,5423,0,-3813,-11848,15661,0,1
-18862,216996,-198133,1,-24410,280818,-256407,1,1
5379,-1176,-4203,0,15534,-3396,-12138,0,1
-982837,887933,97503,2599,-1479925,1338111,143279,1465,0
-353614,157305,196307,-2,-1629907,731059,899685,837,0
0,0,0,0,0,0,0,0,1
-128055,540170,-412116,-1,-371605,1563713,-1191272,836,0
349713,-229459,-118955,1299,1607912,-1051972,-556779,-839,0
-137156,40301,99453,2598,-1587803,464610,1123820,627,0
41601,-957486,919784,3899,59699,-1443896,1384195,-2,0
385464,596072,-981537,-1,637844,983474,-1620691,627,0
-593473,-475818,1075790,6499,-904294,-725614,1630535,627,0
-981537,889883,95553,3899,-1478668,1339787,140556,1675,0
63003,-3700,-59302,1,100805,-5921,-94884,0,1
0,0,0,0,0,0,0,0,1
689025,-1073841,388064,3248,1029767,-1613359,582543,-1049,0
23400,-132605,111154,1949,249272,-1522867,1273174,-421,0
11061,-66014,54952,-1,17698,-105622,87924,0,1
300961,731277,-1030289,1949,463144,1125287,-1587803,628,0
532369,551870,-1083591,648,804165,829721,-1632840,1046,0
1084240,-511570,-572672,-2,1632420,-771698,-860724,-2,0
-102054,342562,-239209,1299,-478227,1592201,-1112929,1045,0
-141056,70202,71502,648,-1632631,822389,811287,1045,0
912634,-789780,-122855,-1,1504013,-1303549,-201094,-630,0
9777,-6229,-3547,1,27936,-17799,-10136,1,1
-343863,105953,240509,2599,-1594716,493936,1101197,417,0
879482,-835282,-44202,-2,1448713,-1377702,-71431,-420,0
-9751,-117005,129354,2598,-127988,-1346281,1474059,-210,0
-124805,118304,9100,2599,-1452903,1372255,81694,1046,0
-139756,-211258,353613,2599,-648109,-974467,1622365,-211,0
43,94,-138,-1,5047,10929,-15977,-1,1
1083590,-471268,-612323,-1,1628859,-709484,-919376,-1,0
-796280,906783,-111155,-652,-1312137,1498777,-185384,1256,0
3788,-9814,6026,0,10823,-28042,17218,-1,1
-5818,-4026,9845,1,-16625,-11504,28129,0,1
-207358,1023788,-817081,-651,-311277,1544651,-1232328,1046,0
-54,140,-86,0,-6250,16194,-9943,1,1
-139756,79302,62402,1948,-1627184,928801,699848,1465,0
295,-565,269,-1,8534,-16328,7793,-1,1
-237456,151298,86157,-1,-307296,195798,111497,-1,1
-558,355,202,-1,-16133,10279,5853,-1,1
-55253,-889234,947735,3248,-85675,-1369952,1455625,-2,0
557720,-360764,-198908,-1952,1610844,-1038985,-572280,-421,0
-24701,-926285,955535,4549,-39591,-1394670,1433840,-421,0
-770279,-278861,1052389,3249,-1156290,-420203,1576910,417,0
-709177,1036138,-326313,648,-1092610,1598276,-504201,1465,0
632,-138,-493,1,1197,-261,-935,1,1
332162,-563572,232708,1298,953310,-1625718,671988,-420,0
408865,295761,-702677,1949,941998,684766,-1626137,627,0
-392615,1071240,-677976,649,-592180,1615034,-1021599,1255,0
30000,30000,30000,90000,60000,60000,60000,180000,1
30000,30000,30000,90000,60000,60000,60000,180000,1
-999,1366,-366,1,-11549,15777,-4227,1,1
656,-238,-418,0,1243,-451,-792,0,1
9625,-2811,-6814,0,27502,-8033,-19469,0,1
737127,-1049140,314611,2598,1115232,-1591783,476550,-1,0
-145606,918484,-774830,-1952,-240685,1519933,-1278412,836,0
926284,26650,-952936,-2,1394878,38752,-1433213,417,0
45922,23603,-69526,-1,73476,37765,-111242,-1,1
-1077091,432916,648074,3899,-1621948,649365,973419,836,0
0,0,0,0,0,0,0,0,1
35751,909384,-947086,-1951,55510,1386290,-1440963,837,0
-533020,-135206,671475,3249,-1229815,-315257,1545489,417,0
-108555,965936,-858033,-652,-166950,1491236,-1323449,837,0
44,-510,466,0,1281,-14742,13461,0,1
120904,-664325,545370,1949,275666,-1532503,1256417,-420,0
0,0,0,0,0,0,0,0,1
0,0,0,0,0,0,0,0,1
-701377,1068640,-365314,1949,-1054695,1607912,-552171,1046,0
-563572,323062,241809,1299,-1627184,932572,695868,1256,0
22750,109204,-131305,649,261840,1265843,-1527056,627,0
492068,-1086191,597372,3249,735668,-1631374,895076,-630,0
110504,-967887,858682,1299,169463,-1492074,1322191,-420,0
551220,-165757,-386765,-1302,1590107,-474037,-1116490,-420,0
-8008,-1034,9043,1,-22882,-2956,25838,0,1
1075,-1333,257,-1,12420,-15397,2976,-1,1
112454,-968537,858682,2599,171348,-1492912,1320934,-630,0
-969187,59802,913284,3899,-1455836,87769,1368485,418,0
700076,-440067,-258710,1299,1615453,-1015734,-600559,-840,0
0,0,0,0,0,0,0,0,1
44,466,-510,0,1281,13461,-14742,0,1
116354,-130005,16900,3249,1319887,-1493541,173652,-2,0
-136506,-407566,544070,-2,-391714,-1177656,1569369,-1,0
-139756,59802,81253,1299,-1627813,703618,924821,626,0
-9625,6814,2811,0,-27502,19469,8033,0,1
155,-637,482,0,293,-1206,912,-1,1
1548,-9241,7693,0,4424,-26405,21981,0,1
46801,585671,-631824,648,104945,1359896,-1463586,1255,0
891833,91003,-980237,2599,1343138,133643,-1476155,626,0
50701,-329563,280810,1948,227487,-1514907,1287000,-420,0
1076440,-432267,-644175,-2,1622994,-653346,-969650,-2,0
-5656,2828,2828,0,-16334,8167,8167,0,1
-570072,-516770,1088790,1948,-854859,-777773,1632630,-2,0
985436,-566822,-419916,-1302,1626974,-935715,-691889,-630,0
515469,570721,-1084891,1299,774420,858419,-1632212,627,0
-831,1406,-575,0,-9600,16244,-6643,1,1
676675,-519370,-156006,1299,1560152,-1198394,-362179,-421,0
-273011,-58503,333462,1948,-1261026,-267707,1528941,208,0
-69553,888583,-819681,-651,-115001,1469241,-1353404,836,0
-344513,105303,241159,1949,-1593878,489956,1104130,208,0
1038088,-246360,-791730,-2,1563294,-371396,-1191691,207,0
259359,304861,-566172,-1952,748026,883346,-1631374,-2,0
-61753,969186,-906784,649,-93844,1459815,-1364715,1256,0
-222115,190735,31380,0,-287443,246833,40610,0,1
6429,3304,-9733,0,18369,9441,-27810,0,1
333462,-1063440,732577,2599,497497,-1596601,1098474,-630,0
1067990,-418616,-647425,1949,1620690,-636379,-984522,-211,0
523919,462817,-988688,-1952,868054,764365,-1632002,417,0
-1396,889,506,-1,-16133,10279,5853,-1,1
-41562,-28760,70323,1,-66500,-46016,112517,1,1
-625974,29251,600622,3899,-1444943,63889,1381262,208,0
182813,-226626,43812,-1,236582,-293281,56698,-1,1
30000,30000,30000,90000,60000,60000,60000,180000,1
-349714,132604,219708,2598,-1617130,614383,1003583,836,0
-50000,68301,-18301,0,-80000,109282,-29282,0,1
136505,-107255,-26651,2599,1550726,-1219132,-332224,-630,0
75402,65652,-138456,2598,859466,773373,-1632212,627,0
898983,-963987,68252,3248,1361153,-1462958,101594,-211,0
194357,-1000388,807330,1299,297451,-1540044,1241963,-630,0
-1004938,863232,141705,-1,-1506738,1298730,209263,1255,0
-741028,-312662,1058889,5199,-1116699,-473409,1590735,627,0
5172,-9896,4723,-1,14778,-28274,13496,0,1
694226,-960736,266509,-1,1142254,-1582567,439892,-421,0
-233773,68281,165491,-1,-302530,88364,214165,-1,1
2164,-5608,3443,-1,6250,-16194,9943,-1,1
711776,-1040039,330212,1949,1090724,-1598696,507342,-630,0
-105954,965286,-858683,649,-164018,1490188,-1324706,1464,0
-432917,-99454,532369,-2,-1248458,-287188,1536272,626,0
477117,-1084241,611022,3898,711788,-1629279,917280,-211,0
-32101,70613,-38511,1,-51363,112982,-61618,1,1
-260660,-303562,565521,1299,-752845,-879157,1631792,-210,0
-850232,-13001,865832,2599,-1402001,-23671,1426090,418,0
564871,-323713,-240510,648,1627393,-932782,-694821,-210,0
-271711,-59153,332812,1948,-1258512,-271477,1530407,418,0
-564872,246359,319161,648,-1628441,711369,918118,1046,0
-567472,-81254,651324,2598,-1309833,-189573,1499614,208,0
-273011,-58503,334112,2598,-1259560,-269801,1529988,627,0
227508,-694877,469317,1948,520749,-1601419,1080250,-420,0
-263260,334112,-68903,1949,-1222064,1549888,-326568,1256,0
-292511,1039388,-746878,-1,-445758,1584451,-1137437,1256,0
-137,40,97,0,-15882,4639,11243,0,1
131954,-19501,-110505,1948,1510507,-217433,-1293075,-1,0
1950,120904,-120905,1949,2513,1413940,-1415198,1255,0
378964,-707877,332162,3249,870149,-1632631,761852,-630,0
-461518,-53953,515469,-2,-1328895,-157314,1486837,628,0
30000,30000,30000,90000,60000,60000,60000,180000,1
-133906,29901,106603,2598,-1553450,341649,1212427,626,0
137,-40,-97,0,15882,-4639,-11243,0,1
194500,25130,-219631,-1,251707,32521,-284228,0,1
963986,-288611,-676026,-651,1590735,-476970,-1114186,-421,0
0,0,0,0,0,0,0,0,1
1017288,-835282,-179407,2599,1530197,-1259769,-270639,-211,0
-228809,1032238,-802781,648,-345421,1555963,-1209496,1046,0
-976337,875582,105303,4548,-1485371,1330570,156476,1675,0
692275,-1073191,384164,3248,1035632,-1612102,576049,-421,0
-64,-77,141,0,-7415,-8896,16311,0,1
30000,30000,30000,90000,60000,60000,60000,180000,1
-341263,247009,96203,1949,-1580472,1146025,435493,1046,0
-132605,104653,30551,2599,-1551146,1217874,334527,1255,0
-456968,-598673,1059539,3898,-704248,-923985,1628440,207,0
-904184,-64353,973086,4549,-1360945,-100547,1462119,627,0
739727,318511,-1056940,1298,1114813,476759,-1590946,626,0
-709827,-356864,1071240,4549,-1065379,-539393,1604979,207,0
-785230,-239209,1030288,5849,-1194414,-366787,1562037,836,0
-169657,550570,-380915,-2,-494356,1595972,-1100779,837,0
637023,-977637,340612,-2,1046944,-1609589,562224,-421,0
-276911,-768329,1049139,3899,-418317,-1158594,1576491,-420,0
278210,770278,-1047190,1298,417898,1159431,-1576073,1256,0
163156,761828,-926935,-1951,271895,1259768,-1530408,1255,0
707226,-345813,-360764,649,1632839,-797044,-836215,-420,0
-1046540,276910,773528,3898,-1574816,414336,1161526,1046,0
1037438,-710477,-326963,-2,1596810,-1093657,-503992,-839,0
-785230,-238559,1028988,5199,-1195252,-366159,1561828,417,0
-371164,-184607,556420,649,-1069149,-534575,1603932,208,0
30000,30000,30000,90000,60000,60000,60000,180000,1
-86454,-895084,983486,1948,-129455,-1345444,1475106,207,0
-531070,-526520,1062789,5199,-819877,-813383,1633258,-2,0
-330,-1025,1355,0,-3813,-11848,15661,0,1
-791080,1023138,-230759,1299,-1203212,1558686,-353800,1674,0
109146,-240086,130940,0,141248,-310700,169451,-1,1
136505,-30552,-104004,1949,1554077,-343117,-1211591,-631,0
943185,-216459,-728678,-1952,1558895,-357780,-1201117,-2,0
156137,80252,-236390,-1,202060,103856,-305917,-1,1
0,0,0,0,0,0,0,0,1
-657175,-403016,1066689,6498,-1002118,-615641,1618176,417,0
334762,226858,-562272,-652,966088,657534,-1623414,208,0
-524570,-464118,989987,1299,-864494,-767718,1632420,208,0
891183,90353,-980887,649,1342929,134062,-1476155,836,0
839831,161206,-998438,2599,1277154,244035,-1520144,1045,0
-976987,874932,104653,2598,-1485371,1330989,155847,1465,0
380264,-708527,330212,1949,873501,-1632631,758710,-420,0
983486,-889234,-92304,1948,1479505,-1339788,-139928,-211,0
755328,-1056290,302911,1949,1130943,-1586547,455184,-420,0
994537,-878833,-114405,1299,1492702,-1320516,-172815,-629,0
603222,-1082941,484268,4549,902408,-1630745,727917,-420,0
-426416,1053039,-625974,649,-657745,1624251,-965251,1255,0
-504419,679925,-171607,3899,-1169277,1572720,-402188,1255,0
-1320,-4103,5423,0,-3813,-11848,15661,0,1
655874,421215,-1076441,648,988292,632398,-1620062,628,0
137155,405615,-544721,-1951,393599,1176608,-1569160,1047,0
193707,-999738,808630,2599,295147,-1539206,1243848,-211,0
-981537,365313,616223,-1,-1615244,600767,1015314,837,0
754678,-1056290,304211,2599,1129476,-1587175,457278,-421,0
331512,-563572,232708,648,951634,-1625927,673873,-420,0
12350,-128705,118304,1949,127987,-1474479,1346280,-212,0
63003,-59302,-3700,1,100805,-94884,-5921,0,1
-64353,640273,-575922,-2,-150402,1484323,-1332875,1046,0
11,116,-127,0,1281,13461,-14742,0,1
-297062,1040688,-742978,648,-451624,1585708,-1133038,1046,0
-211258,558370,-347114,-2,-613127,1618176,-1004422,627,0
351663,-133255,-217109,1299,1616710,-609566,-1007564,-420,0
1056289,-707227,-347114,1948,1602675,-1074176,-528919,-420,0
0,0,0,0,0,0,0,0,1
-8820,518,8302,0,-25201,1480,23721,0,1
299661,-315262,17550,1949,1375607,-1450808,75200,-1,0
-92003,-146356,238359,0,-119063,-189402,308465,0,1
216,344,-560,0,6250,9943,-16194,-1,1
-787830,-219059,1011437,4548,-1213266,-339975,1553449,208,0
-656525,555770,102053,1298,-1515535,1284905,231676,1046,0
0,208206,-208206,0,0,269443,-269443,0,1
-22,-109,132,1,-2555,-12694,15249,0,1
917834,-921735,5850,1949,1411008,-1418550,6703,-839,0
156137,-236390,80252,-1,202060,-305917,103856,-1,1
-70492,40050,30441,-1,-112788,64081,48706,-1,1
-789130,-216459,1010787,5198,-1215989,-335995,1552192,208,0
-215159,-810581,1029638,3898,-326568,-1222693,1549678,417,0
-588923,-392615,984136,2598,-972582,-650204,1622575,-211,0
-338013,78002,260009,-2,-1561410,367205,1194832,627,0
525219,462167,-988688,-1302,869311,763318,-1631793,836,0
1375,-973,-401,1,15882,-11243,-4639,0,1
-62403,139755,-75403,1949,-735878,1631373,-894239,1256,0
437,946,-1383,0,5047,10929,-15977,-1,1
-53768,66654,-12885,1,-86030,106647,-20617,0,1
0,0,0,0,0,0,0,0,1
219058,-1019889,805380,4549,328034,-1550098,1222063,-1,0
706576,-393265,-311362,1949,1629488,-908693,-721005,-210,0
9750,850881,-861283,-652,16338,1406818,-1422530,626,0
-273011,-57203,333462,3248,-1262492,-265612,1528312,208,0
-88404,-252860,342562,1298,-410148,-1164250,1574187,-211,0
868432,-1002988,136505,1949,1301244,-1505900,203816,-840,0
363363,342562,-705927,-2,839357,794110,-1632631,836,0
-687726,1070590,-382215,649,-1035005,1612311,-576260,1046,0
-88,-439,528,1,-2555,-12694,15249,0,1
7800,301611,-307462,1949,28488,1400534,-1428185,837,0
-154706,351013,-195658,649,-716816,1629906,-912254,836,0
-4301,5332,-1030,1,-12420,15397,-2976,1,1
30000,30000,30000,90000,60000,60000,60000,180000,1
1057589,-752079,-302912,2598,1586336,-1130106,-456441,-211,0
-1084241,492068,594772,2599,-1630536,738810,892353,627,0
1053689,-340613,-711777,1299,1600580,-519074,-1081717,-211,0
566821,-287961,-279511,-651,1633049,-827837,-805842,-630,0
-134556,29901,107254,2599,-1553031,340183,1213475,627,0
83,-140,57,0,9600,-16244,6643,-1,1
424465,-703327,282110,3248,974047,-1622995,648317,-631,0
-114,-14,129,1,-13214,-1707,14922,1,1
330,-1355,1025,0,3813,-15661,11848,0,1
-3999,5464,-1464,1,-11549,15777,-4227,1,1
332162,-563572,232708,1298,953729,-1625718,671359,-630,0
647424,325012,-971787,649,1069358,534364,-1603514,208,0
445266,622723,-1068641,-652,678691,947863,-1625509,1045,0
-731278,-297712,1032888,3898,-1126126,-461259,1587384,-1,0
-216,-344,560,0,-6250,-9943,16194,1,1
260009,784579,-1042640,1948,390457,1178912,-1568323,1046,0
34451,-135856,104653,3248,376422,-1564971,1188129,-420,0
705276,-393265,-312012,-1,1629697,-907017,-722681,-1,0
-670176,138455,533019,1298,-1546747,320493,1226881,627,0
-840482,872332,-33802,-1952,-1385034,1442428,-55930,1464,0
137155,405615,-543421,-651,392132,1177445,-1568951,626,0
457,59,-516,0,13214,1707,-14922,-1,1
2164,-5608,3443,-1,6250,-16194,9943,-1,1
-263910,334112,-68253,1949,-1223530,1549259,-324264,1465,0
-11,127,-116,0,-1281,14742,-13461,0,1
-942536,935385,9750,2599,-1420016,1409122,12358,1464,0
-521320,450466,69552,-1302,-1503595,1304176,200465,1046,0
0,0,0,0,0,0,0,0,1
-139106,89053,52001,1948,-1611474,1034166,577935,627,0
-33,-102,135,0,-3813,-11848,15661,0,1
-161857,-763779,926934,1298,-267288,-1261864,1529150,-2,0
-565522,245709,320462,649,-1628441,709483,919794,836,0
-11,-116,127,0,-1281,-13461,14742,0,1
30000,30000,30000,90000,60000,60000,60000,180000,1
-705927,394564,313961,2598,-1628860,910996,719119,1255,0
568771,518719,-1085541,1949,854648,778609,-1632631,626,0
-514820,-567472,1086840,4548,-776306,-856325,1632630,-1,0
41601,-510270,468667,-2,117933,-1470080,1352146,-1,0
399,-546,146,-1,11549,-15777,4227,-1,1
9868,-4261,-5607,0,28197,-12176,-16020,1,1
132,-542,410,0,3813,-15661,11848,0,1
0,0,0,0,0,0,0,0,1
0,0,0,0,0,0,0,0,1
233773,-165491,-68281,1,302530,-214165,-88364,1,1
-1051090,763778,289910,2598,-1579634,1148538,432142,1046,0
-380915,-664975,1049139,3249,-587362,-1026626,1613777,-211,0
567471,-1088791,524569,3249,847735,-1633678,785313,-630,0
-375065,705276,-327613,2598,-869941,1632839,-761643,1255,0
332162,-1062790,733227,2599,496659,-1596392,1099312,-421,0
225558,-947736,723477,1299,369300,-1562876,1193156,-420,0
315911,-1058240,744927,2598,471523,-1590527,1118584,-420,0
9777,-6229,-3547,1,27936,-17799,-10136,1,1
-156137,236390,-80252,1,-202060,305917,-103856,1,1
354913,-183957,-169657,1299,1632839,-842500,-790760,-421,0
0,0,0,0,0,0,0,0,1
-143006,-838532,982836,1298,-218481,-1292866,1511345,-2,0
240416,-120208,-120208,0,311126,-155563,-155563,0,1
-54,140,-86,0,-6250,16194,-9943,1,1
1073840,-391965,-681226,649,1613987,-590713,-1023484,-210,0
-746228,934735,-188508,-1,-1231490,1545280,-312743,1047,0
-263260,334112,-69553,1299,-1221226,1550307,-327825,1256,0
-189158,-164457,355563,1948,-876853,-754731,1631792,208,0
-493369,-189808,687075,3898,-1141836,-440103,1582147,208,0
-113105,-14951,130654,2598,-1323030,-167160,1490607,417,0
1027038,-821631,-203458,1949,1542556,-1236308,-306459,-211,0
-210608,-479068,691625,1949,-488281,-1105807,1593877,-211,0
668875,-139756,-529770,-651,1546955,-319865,-1226882,208,0
-57206,-7391,64597,0,-91529,-11826,103355,0,1
85153,-142356,59802,2599,958128,-1625090,666542,-420,0
37051,-955536,922384,3899,53206,-1440754,1387547,-1,0
-6429,-3304,9733,0,-18369,-9441,27810,0,1
558370,-358164,-201508,-1302,1611892,-1033120,-579402,-630,0
-369214,-686426,1061489,5849,-562435,-1046945,1609588,208,0
831,575,-1406,0,9600,6643,-16244,-1,1
298361,-1043290,748828,3899,448271,-1584871,1136179,-421,0
432266,-1055640,625973,2599,661305,-1624461,962945,-211,0
273660,55902,-329563,-1,1261653,267915,-1528732,836,0
5639,-2435,-3204,0,16283,-7032,-9251,0,1
-39652,957485,-917835,-2,-58653,1443476,-1383777,1046,0
292510,-1050440,761828,3898,435912,-1581729,1145396,-421,0
559020,-208008,-351664,-652,1614824,-597836,-1017619,-631,0
55252,-141706,88403,1949,619829,-1618805,998556,-420,0
299011,752728,-1051740,-1,450366,1135132,-1584661,837,0
900283,-976987,78652,1948,1351936,-1470289,118142,-211,0
565521,-248960,-316562,-1,1629278,-716188,-913092,-2,0
141,-70,-70,1,16334,-8167,-8167,0,1
-279511,-767679,1049139,1949,-419993,-1157337,1576910,-420,0
-646,188,457,-1,-1223,357,866,0,1
255459,-564872,311361,1948,730640,-1630745,899894,-211,0
550570,-1086841,539520,3249,823227,-1633887,810240,-420,0
-254810,-85154,341912,1948,-1177446,-391505,1569159,208,0
-88,-439,528,1,-2555,-12694,15249,0,1
1006237,-146256,-858033,1948,1512183,-222042,-1290143,-2,0
30000,30000,30000,90000,60000,60000,60000,180000,1
995837,-877533,-115705,2599,1493749,-1319050,-175120,-421,0
558,-355,-202,1,16133,-10279,-5853,1,1
-823581,989337,-164457,1299,-1268567,1525799,-255767,1465,0
340612,723477,-1063440,649,513208,1086744,-1599115,837,0
-706577,-358814,1071240,5849,-1062655,-542744,1605398,-1,0
-956836,875582,81903,649,-1471546,1349423,123588,1465,0
-296412,1040038,-743628,-2,-451833,1585917,-1132829,1255,0
5639,-2435,-3204,0,16283,-7032,-9251,0,1
2568,3080,-5649,-1,7415,8896,-16311,0,1
-328263,705276,-375065,1948,-760596,1632630,-870778,1256,0
-113105,127404,-13001,1298,-1319678,1493540,-172606,1256,0
880132,113754,-991938,1948,1323029,168416,-1490818,627,0
-177457,-375715,555120,1948,-514046,-1085907,1599742,-211,0
-428367,1053039,-623374,1298,-660258,1624670,-962946,1466,0
0,0,0,0,0,0,0,0,1
30000,30000,30000,90000,60000,60000,60000,180000,1
-458268,-620124,1082290,3898,-690213,-936972,1627393,208,0
-69840,44499,25340,-1,-111744,71199,40544,-1,1
-591523,-479068,1075140,4549,-900943,-729175,1630535,417,0
354913,-183957,-169657,1299,1632839,-843338,-789922,-421,0
-83,140,-57,0,-9600,16244,-6643,1,1
533019,-1076441,546670,3248,804794,-1633887,828883,-210,0
-509620,987386,-479718,-1952,-841033,1633677,-791807,837,0
222115,-190735,-31380,0,287443,-246833,-40610,0,1
969836,-915235,-52652,1949,1452693,-1373513,-79810,-630,0
-919135,137805,781329,-1,-1513860,227068,1287419,627,0
4494,5391,-9885,0,12840,15404,-28245,-1,1
5226,-4487,-738,1,15090,-12958,-2132,0,1
-138456,-841132,981536,1948,-212825,-1296217,1508831,-211,0
-169999,232224,-62224,1,-219999,300525,-80525,1,1
-375715,705276,-327613,1948,-870360,1632839,-761224,1255,0
273660,56552,-330213,-1,1260606,269172,-1529361,417,0
945785,-936686,-5201,3898,1419177,-1410171,-9217,-211,0
313961,655874,-969837,-2,518863,1082135,-1600372,626,0
-50000,-18301,68301,0,-80000,-29282,109282,0,1
-437,-946,1383,0,-5047,-10929,15977,1,1
705276,247659,-953586,-651,1166134,407005,-1573140,-1,0
0,0,0,0,0,0,0,0,1
319811,-26001,-291861,1949,1467775,-114163,-1353822,-210,0
-64,141,-77,0,-7415,16311,-8896,0,1
-1034189,807980,226858,649,-1552193,1215570,337669,1046,0
-480368,497918,-18851,-1301,-1385034,1442638,-56558,1046,0
-263910,-434867,702026,3249,-609985,-1007564,1617129,-420,0
69840,-25340,-44499,1,111744,-40544,-71199,1,1
-567472,-80604,650674,2598,-1310671,-187688,1498986,627,0
-139106,-841132,981536,1298,-213663,-1295799,1509460,-2,0
289260,750778,-1038739,1299,438845,1143720,-1581519,1046,0
30000,30000,30000,90000,60000,60000,60000,180000,1
-4576,-591,5167,0,-13214,-1707,14922,1,1
107904,882083,-987387,2600,162131,1327218,-1488094,1255,0
55902,85153,-137806,3249,627580,992481,-1619434,627,0
919784,-919785,2600,2599,1413102,-1415826,2094,-630,0
1033538,-227509,-806031,-2,1554077,-342279,-1212009,-211,0
0,0,0,0,0,0,0,0,1
531069,136505,-668226,-652,1228347,318398,-1545909,836,0
-132605,104653,30551,2599,-1551774,1216826,336413,1465,0
-1344,1050,294,0,-15534,12138,3396,0,1
1026388,-824231,-199558,2599,1540671,-1240498,-300803,-630,0
30000,30000,30000,90000,60000,60000,60000,180000,1
-64,141,-77,0,-7415,16311,-8896,0,1
457617,529769,-988688,-1302,756405,876014,-1631583,836,0
-91,139,-47,1,-10608,16060,-5452,0,1
349713,-229459,-118955,1299,1607702,-1052601,-555941,-840,0
881433,110504,-990638,1299,1325543,164017,-1488932,628,0
884683,-61103,-825531,-1951,1462328,-101595,-1360526,207,0
354263,-158606,-194358,1299,1630116,-728337,-901990,-211,0
-784580,-256110,1044589,3899,-1180798,-386687,1567693,208,0
-1320,-4103,5423,0,-3813,-11848,15661,0,1
-839832,-175507,1018588,3249,-1262492,-265193,1528312,627,0
367263,-557721,191107,649,1055323,-1607703,551751,-629,0
365963,-557721,193057,1299,1050714,-1608751,557616,-421,0
915884,-967237,53952,2599,1372465,-1453531,80646,-420,0
40951,-508970,469317,1298,114372,-1468614,1354031,-211,0
-3788,9814,-6026,0,-10823,28042,-17218,1,1
11,116,-127,0,1281,13461,-14742,0,1
-2164,-3443,5608,1,-6250,-9943,16194,1,1
558,-355,-202,1,16133,-10279,-5853,1,1
-1016639,771578,247659,2598,-1564552,1187710,378098,1256,0
-211908,1015988,-804081,-1,-322169,1548422,-1224997,1256,0
-102054,-554471,659124,2599,-236495,-1281554,1517839,-210,0
0,0,0,0,0,0,0,0,1
0,0,0,0,0,0,0,0,1
240509,711126,-951636,-1,396322,1174513,-1570208,627,0
-195008,-825531,1024438,3899,-295148,-1244059,1538995,-212,0
698126,-245060,-451117,1949,1609378,-566205,-1043803,-630,0
-592,557,34,-1,-1121,1055,65,-1,1
55252,85153,-138456,1949,625485,994157,-1619224,418,0
-42902,-95554,139755,1299,-510904,-1088421,1598905,-420,0
-165757,-187858,354913,1298,-765204,-867217,1632211,-210,0
-1035489,228808,809280,2599,-1553450,341859,1212637,1046,0
0,0,0,0,0,0,0,0,1
690325,-1073191,387414,4548,1031443,-1612940,580867,-630,0
-298362,-267811,566171,-2,-859467,-772745,1632630,418,0
10400,849581,-861933,-1952,18014,1405980,-1423158,836,0
0,0,0,0,0,0,0,0,1
530419,137805,-669526,-1302,1226462,321331,-1547166,627,0
114,14,-129,-1,13214,1707,-14922,-1,1
-166407,-187858,354913,648,-768137,-864285,1632211,-211,0
131954,864532,-997788,-1302,200674,1303967,-1503595,1046,0
130,-18,-112,0,15090,-2132,-12958,0,1
7800,301611,-306812,2599,28488,1400534,-1428185,837,0
0,0,0,0,0,0,0,0,1
-656525,-419916,1079690,3249,-986617,-633655,1620480,208,0
-443,-4661,5105,1,-1281,-13461,14742,0,1
3325,-5625,2300,0,9600,-16244,6643,-1,1
-33,-102,135,0,-3813,-11848,15661,0,1
50051,462167,-511570,648,142231,1338530,-1480135,626,0
-99454,-36402,138455,2599,-1156499,-420203,1576700,-2,0
-120905,993237,-871033,1299,-183080,1497520,-1313394,1046,0
1144,147,-1291,0,13214,1707,-14922,-1,1
66302,-143006,78002,1298,741533,-1631583,889630,-420,0
51351,-328913,280160,2598,230210,-1515954,1285324,-420,0
-1015339,835931,182006,2598,-1529989,1259768,271895,1674,0
-460868,-53953,515469,648,-1328476,-157943,1487046,627,0
-254,-404,658,0,-481,-766,1247,0,1
958135,-925635,-31202,1298,1437611,-1390480,-47551,-420,0
521319,553820,-1073191,1948,792225,841451,-1632631,1045,0
707876,360763,-1067340,1299,1065168,539601,-1604771,-2,0
-1144,-147,1291,0,-13214,-1707,14922,1,1
-332163,1061489,-728028,1298,-499802,1597229,-1096590,837,0
1060839,-333463,-727378,-2,1596810,-502525,-1094495,-210,0
8008,-9043,1034,-1,22882,-25838,2956,0,1
-789130,1023788,-233359,1299,-1200907,1559524,-357151,1466,0
0,0,0,0,0,0,0,0,1
232058,-1035489,805380,1949,345839,-1555754,1209704,-211,0
1084240,-472568,-611023,649,1628859,-711370,-917700,-211,0
-344513,105303,240509,1299,-1593878,491213,1103292,627,0
-564872,247009,317861,-2,-1628860,714720,914976,836,0
1069940,-702027,-365314,2599,1606864,-1056790,-550495,-421,0
103,516,-620,-1,196,978,-1175,-1,1
0,0,0,0,0,0,0,0,1
-460218,-55903,516119,-2,-1325963,-162132,1488722,627,0
-59153,967236,-908735,-652,-89026,1457510,-1367648,836,0
-338013,-724778,1066689,3898,-507553,-1091144,1598276,-421,0
430316,-535621,105953,648,1237355,-1542348,304573,-420,0
658474,-556421,-99454,2599,1515953,-1284278,-232096,-421,0
-626624,29251,599972,2599,-1445153,64517,1381053,417,0
-118955,991937,-872333,649,-179309,1496263,-1315698,1256,0
0,0,0,0,0,0,0,0,1
-656525,554470,104003,1948,-1516583,1283020,234818,1255,0
-999,-366,1366,1,-11549,-4227,15777,1,1
-989338,433566,555120,-652,-1629070,715558,914138,626,0
-697477,245059,454367,1949,-1609170,565157,1044430,417,0
993887,-878183,-115055,649,1493121,-1320097,-173444,-420,0
1748,3785,-5533,0,5047,10929,-15977,-1,1
550570,-1086841,539520,3249,823646,-1633887,809821,-420,0
-1073841,689025,388064,3248,-1611683,1033747,578773,837,0
47451,585671,-632474,648,106202,1359058,-1464215,1045,0
-156137,236390,-80252,1,-202060,305917,-103856,1,1
0,0,0,0,0,0,0,0,1
-457,516,-59,0,-13214,14922,-1707,1,1
30000,30000,30000,90000,60000,60000,60000,180000,1
669525,-1075141,407565,1949,1004421,-1618177,613336,-420,0
-48752,326312,-276261,1299,-229583,1515953,-1285325,1045,0
140405,-99454,-39002,1949,1586755,-1128011,-459374,-630,0
-136506,96853,41601,1948,-1587175,1126334,461677,836,0
-525870,1082940,-556421,649,-792645,1633677,-839777,1255,0
-642,-770,1412,0,-7415,-8896,16311,0,1
890533,76702,-965287,1948,1352774,116466,-1468614,626,0
384164,596072,-982187,-1951,637634,983893,-1620691,836,0
-976987,631173,346462,648,-1610217,1042336,568508,627,0
1548,7693,-9241,0,4424,21981,-26405,0,1
525869,461517,-989338,-1952,868473,764156,-1631793,836,0
-205408,-807981,1019238,5849,-315257,-1230653,1545908,-2,0
577871,-1060840,485568,2599,885231,-1631793,746351,-211,0
-524570,1082940,-557071,1299,-791179,1633468,-841243,1046,0
-461518,-54603,516119,-2,-1327638,-159409,1487675,628,0
-1951,-940586,944485,1948,-3143,-1413313,1416244,-212,0
-252210,563571,-312012,-651,-729175,1630744,-900943,626,0
-352314,204107,149505,1298,-1625718,946607,679948,837,0
1076440,-410816,-664325,1299,1618385,-619621,-998766,-2,0
-689026,481668,209957,2599,-1591365,1112718,479482,835,0
-698127,245059,454367,1299,-1609170,565366,1044430,626,0
-45502,-913285,962686,3899,-70802,-1378121,1448922,-1,0
-1025089,823580,204107,2598,-1540672,1239240,302897,1465,0
-765079,1050439,-283411,1949,-1149587,1580052,-429210,1255,0
30000,30000,30000,90000,60000,60000,60000,180000,1
-570722,-516120,1088790,1948,-855696,-776725,1632630,209,0
-83854,979586,-896384,-652,-125056,1473430,-1347329,1045,0
1056289,-706577,-348414,1298,1603094,-1072501,-531014,-421,0
0,0,0,0,0,0,0,0,1
-92003,-146356,238359,0,-119063,-189402,308465,0,1
141313,97786,-239099,0,182875,126546,-309422,-1,1
-427066,1053689,-624674,1949,-659211,1624460,-964203,1046,0
-419916,700726,-278211,2599,-973839,1623203,-648109,1255,0
867132,-1003638,139105,2599,1298311,-1507785,208844,-630,0
30000,30000,30000,90000,60000,60000,60000,180000,1
-1007538,179406,832031,3899,-1529570,270429,1260397,1256,0
-352964,157305,196307,648,-1629907,730221,900523,837,0
1075140,-570072,-503119,1949,1632420,-866380,-766042,-2,0
30000,30000,30000,90000,60000,60000,60000,180000,1
578521,-644175,66952,1298,1331408,-1485162,153543,-211,0
281460,-703327,423815,1948,644966,-1622576,976771,-839,0
943185,-922385,-18201,2599,1429441,-1399697,-30165,-421,0
-64,-77,141,0,-7415,-8896,16311,0,1
306161,1950,-305512,2599,1407656,13615,-1420854,417,0
-634424,585671,48751,-2,-1465052,1357592,108506,1046,0
-962687,688375,273010,-1302,-1583823,1137017,448062,1256,0
-367,-188,556,1,-10608,-5452,16060,0,1
32101,38511,-70613,-1,51363,61618,-112982,-1,1
297711,267810,-565522,-1,858838,773792,-1632212,418,0
-503769,679275,-173557,1949,-1166973,1573558,-405121,1464,0
-458268,-598023,1059539,3248,-705086,-923147,1628440,207,0
1083590,-508320,-575272,-2,1632420,-766671,-865961,-212,0
-665625,1060839,-392615,2599,-1014477,1616291,-600559,1255,0
347,317,-664,0,657,600,-1258,-1,1
339312,-81254,-257410,648,1562247,-369301,-1193157,-211,0
433566,-1056290,625323,2599,663190,-1624671,961270,-211,0
789779,218408,-1006238,1949,1217664,334108,-1551355,417,0
45922,23603,-69526,-1,73476,37765,-111242,-1,1
1042639,-357514,-685776,-651,1606655,-551752,-1055533,-630,0
-214212,12582,201630,0,-277216,16283,260933,0,1
-409516,-293812,705926,2598,-945141,-680787,1626136,208,0
0,0,0,0,0,0,0,0,1
0,-122855,124804,1949,-6075,-1411637,1417501,-211,0
558,-355,-202,1,16133,-10279,-5853,1,1
457617,-519370,63052,1299,1314441,-1497311,182450,-420,0
1077090,-411466,-663675,1949,1618385,-620249,-998347,-211,0
-1027039,279510,748828,1299,-1578796,429419,1150214,837,0
231408,-1034839,806030,2599,344792,-1555545,1210333,-420,0
-32502,-102704,137805,2599,-385221,-1182264,1567065,-420,0
-831,1406,-575,0,-9600,16244,-6643,1,1
-848932,-15601,867132,2599,-1399488,-28908,1428813,417,0
104653,-345813,243109,1949,475084,-1591365,1115442,-839,0
-566172,287960,279510,1298,-1632631,829511,804584,1464,0
380914,-1061490,685125,4549,573117,-1611683,1038356,-210,0
-649375,83203,568771,2599,-1499825,191248,1309204,627,0
-165757,-187858,355563,1948,-765623,-866798,1632211,-210,0
390,270,-661,-1,739,511,-1251,-1,1
507018,-682526,178106,2598,1166553,-1573978,406795,-630,0
-11,-116,127,0,-1281,-13461,14742,0,1
-251560,1040688,-787830,1298,-378518,1565808,-1186035,1255,0
1051089,-648725,-401716,648,1618176,-999395,-619202,-421,0
30000,30000,30000,90000,60000,60000,60000,180000,1
-276911,700726,-421216,2599,-643291,1622365,-978028,1046,0
986086,-567472,-419266,-652,1626974,-935924,-691260,-210,0
-384165,-664325,1049789,1299,-590085,-1024112,1614196,-1,0
-361414,-345163,709176,2599,-833702,-799348,1633049,-1,0
-534321,-525220,1062139,2598,-821762,-811288,1633258,208,0
1051739,-645475,-404966,1298,1619014,-994996,-624648,-630,0
-64,-77,141,0,-7415,-8896,16311,0,1
1026388,-822281,-202808,1299,1542556,-1236518,-306040,-2,0
-277561,-767679,1049139,3899,-419574,-1157547,1576700,-421,0
60290,1850,-62141,-1,96465,2961,-99426,0,1
638323,-1083591,448516,3248,953100,-1625718,672407,-211,0
943835,-215809,-728678,-652,1558476,-357151,-1201536,-211,0
30000,30000,30000,90000,60000,60000,60000,180000,1
-840482,-157956,1002987,4549,-1277365,-242360,1520143,418,0
1144,147,-1291,0,13214,1707,-14922,-1,1
209307,479067,-687726,648,483044,1110414,-1592202,1256,0
313961,-301612,-9751,2598,1440334,-1387757,-53416,-839,0
-99454,-37052,138455,1949,-1155033,-422088,1577329,208,0
1083590,-616224,-466068,1298,1628021,-926917,-701525,-421,0
-1058890,315911,745577,2598,-1589479,471941,1118584,1046,0
645474,-1053690,410165,1949,989548,-1620900,630512,-840,0
102053,-137156,38351,3248,1151052,-1579425,427952,-421,0
-729978,1045239,-313962,1299,-1111253,1592620,-479902,1465,0
30000,30000,30000,90000,60000,60000,60000,180000,1
-967237,913284,52651,-1302,-1450599,1375397,76667,1465,0
-4301,-1030,5332,1,-12420,-2976,15397,1,1
30000,30000,30000,90000,60000,60000,60000,180000,1
-57206,64597,-7391,0,-91529,103355,-11826,0,1
-910685,791729,119604,648,-1501291,1307528,194809,1046,0
126,-118,-7,1,14553,-13698,-854,1,1
912634,-791080,-120905,649,1502966,-1305225,-198162,-421,0
656524,418615,-1075791,-652,990596,629884,-1619643,837,0
-361414,-345813,708526,1299,-833283,-799767,1633049,-1,0
0,0,0,0,0,0,0,0,1
0,208206,-208206,0,0,269443,-269443,0,1
-824231,1025088,-199558,1299,-1237984,1542137,-302689,1464,0
66302,74752,-139106,1948,747398,884393,-1630955,836,0
-1019889,190457,833331,3899,-1534388,284463,1251180,1255,0
703326,-295762,-406916,648,1626136,-683300,-943256,-420,0
986086,-434867,-553171,-1952,1629069,-719120,-910788,-839,0
314611,390014,-703977,648,725613,904922,-1629698,837,0
-533020,-135206,671475,3249,-1230234,-314210,1545280,836,0
-1075,-257,1333,1,-12420,-2976,15397,1,1
84503,-142356,59802,1949,955195,-1625299,669893,-211,0
-457618,-598023,1059539,3898,-705923,-922518,1628650,209,0
30000,30000,30000,90000,60000,60000,60000,180000,1
-48752,-463468,512219,-1,-142232,-1338321,1480343,-210,0
30000,30000,30000,90000,60000,60000,60000,180000,1
849581,-998438,152755,3898,1285743,-1515954,229791,-420,0
1042639,-356864,-685126,649,1606655,-550914,-1055952,-211,0
-1053040,649374,404965,1299,-1617968,999394,619620,1046,0
-132,542,-410,0,-3813,15661,-11848,0,1
-211908,-140406,352963,649,-980752,-640777,1621318,-211,0
1060189,-579172,-478418,2599,1630535,-893611,-737344,-420,0
942535,-212558,-731278,-1301,1556591,-350658,-1205935,-2,0
30000,30000,30000,90000,60000,60000,60000,180000,1
842431,-874283,32501,649,1386499,-1440963,54253,-211,0
-57206,64597,-7391,0,-91529,103355,-11826,0,1
-204988,-6293,211281,0,-265279,-8144,273423,0,1
508969,-1061490,555120,2599,779866,-1633469,853601,-2,0
-86454,-810581,897683,648,-142442,-1338112,1480343,-211,0
-43,-94,138,1,-5047,-10929,15977,1,1
1084240,-469318,-614274,648,1628440,-706761,-922099,-420,0
-550,389,160,-1,-15882,11243,4639,0,1
-18862,-198133,216996,1,-24410,-256407,280818,1,1
-1041340,249609,793029,1298,-1563714,375165,1189385,836,0
-1069291,703326,366613,648,-1606447,1057418,550075,1046,0
-5226,4487,738,-1,-15090,12958,2132,0,1
1056289,-706577,-347764,1948,1602884,-1073129,-529966,-211,0
-189158,996487,-807331,-2,-290958,1538157,-1245944,1255,0
-286661,1048489,-759879,1949,-432562,1580890,-1147282,1046,0
914584,-967887,55252,1949,1371627,-1454369,82113,-629,0
205,-650,444,-1,388,-1231,842,-1,1
-349714,132604,220358,3248,-1617130,613754,1004212,836,0
-155,637,-482,0,-293,1206,-912,1,1
-70492,30441,40050,-1,-112788,48706,64081,-1,1
30000,30000,30000,90000,60000,60000,60000,180000,1
30000,30000,30000,90000,60000,60000,60000,180000,1
-52,-547,599,0,-98,-1037,1136,1,1
178756,373764,-554471,-1951,515931,1084230,-1599743,418,0
214212,-201630,-12582,0,277216,-260933,-16283,0,1
757278,171606,-930185,-1301,1251808,282997,-1533969,836,0
-766379,1049789,-282111,1299,-1151472,1579214,-426906,836,0
0,-4898,4898,0,0,-14145,14145,0,1
-213859,1017288,-802131,1298,-326568,1549678,-1222274,836,0
457,59,-516,0,13214,1707,-14922,-1,1
458917,-1071891,617523,4549,690840,-1627813,936761,-212,0
0,8573,-8573,0,0,24494,-24494,0,1
-9145,1292,7853,0,-26131,3691,22439,-1,1
214212,-12582,-201630,0,277216,-16283,-260933,0,1
-504419,1058889,-553171,1299,-778610,1633468,-853602,1256,0
-1320,-4103,5423,0,-3813,-11848,15661,0,1
-109205,-880133,991937,2599,-164646,-1325334,1489769,-211,0
-962037,687725,273660,-652,-1584452,1135132,450366,1046,0
22,-132,109,-1,2555,-15249,12694,0,1
126,-7,-118,1,14553,-854,-13698,1,1
30000,30000,30000,90000,60000,60000,60000,180000,1
-1024439,824880,202157,2598,-1539834,1241125,300174,1465,0
437,946,-1383,0,5047,10929,-15977,-1,1
-102054,-553821,659124,3249,-239218,-1279669,1518676,-211,0
91,47,-139,-1,10608,5452,-16060,0,1
13000,115054,-126105,1949,131758,1344814,-1475317,1255,0
-221,-1099,1320,0,-2555,-12694,15249,0,1
637673,-1082941,448516,3248,952472,-1625718,673035,-211,0
1144,147,-1291,0,13214,1707,-14922,-1,1
-82554,-57853,141705,1298,-964832,-658583,1623413,-2,0
44851,92953,-136506,1298,511113,1088210,-1598696,627,0
-64,141,-77,0,-7415,16311,-8896,0,1
492718,189157,-683826,-1951,1141416,440940,-1582148,208,0
91,47,-139,-1,10608,5452,-16060,0,1
-84504,979586,-895734,-652,-125684,1473640,-1347119,837,0
505718,-33802,-472568,-652,1459605,-95730,-1364087,-212,0
-89704,137155,-46802,649,-1055324,1607912,-551542,1046,0
-978287,81903,900283,3899,-1470918,121284,1350051,417,0
884,-5281,4396,-1,2555,-15249,12694,0,1
-91004,-437467,529119,648,-264355,-1264168,1527893,-630,0
-483619,-11051,497268,2598,-1396764,-33935,1431326,627,0
-2568,5649,-3080,1,-7415,16311,-8896,0,1
-178757,352313,-172257,1299,-831817,1633677,-801234,626,0
-1005588,180056,831381,5849,-1530198,272314,1258930,1046,0
657824,-556421,-99454,1949,1515744,-1284696,-231468,-420,0
120,3,-124,-1,13927,427,-14354,0,1
-943186,935385,10400,2599,-1420435,1408494,13406,1465,0
0,-61237,61237,0,0,-97979,97979,0,1
1087490,-544071,-542771,648,1633258,-818620,-814640,-2,0
30000,30000,30000,90000,60000,60000,60000,180000,1
228808,-694877,467367,1298,525566,-1602467,1076270,-631,0
325662,-286011,-38352,1299,1496263,-1315489,-181194,-420,0
1306,-184,-1121,1,15090,-2132,-12958,0,1
275610,-1024439,752078,3249,421249,-1577749,1155870,-630,0
3325,-5625,2300,0,9600,-16244,6643,-1,1
-938636,921084,20150,2598,-1427138,1401581,27021,1464,0
-9625,2811,6814,0,-27502,8033,19469,0,1
-536921,421865,115704,648,-1550098,1220387,330966,1255,0
537,-420,-117,0,15534,-12138,-3396,0,1
141313,97786,-239099,0,182875,126546,-309422,-1,1
-287311,1048489,-759879,1299,-433399,1581099,-1146445,1255,0
-957486,874282,84503,1299,-1473012,1347537,126940,1465,0
903533,68252,-969187,2598,1362200,99708,-1461282,626,0
343212,-248960,-92954,1298,1580890,-1145607,-436123,-840,0
-91654,-436817,529119,648,-265821,-1262911,1528731,-1,0
-731928,1057589,-324363,1298,-1103084,1594925,-490795,1046,0
-68903,887933,-820331,-1301,-113535,1468403,-1354032,836,0
44851,93603,-136506,1948,508390,1090514,-1598277,627,0
-83854,980236,-895734,648,-125684,1473640,-1346910,1046,0
-254,-404,658,0,-481,-766,1247,0,1
-409516,-293812,705926,2598,-945560,-680368,1626136,208,0
986736,-435517,-552521,-1302,1629069,-719120,-910578,-629,0
-113105,-14951,131304,3248,-1320935,-170511,1491864,418,0
-464768,692275,-226209,1298,-1073757,1603303,-528291,1255,0
386114,596072,-980887,1299,638891,982426,-1620900,417,0
-194500,-25130,219631,1,-251707,-32521,284228,0,1
-980237,364013,616873,649,-1615035,599510,1016570,1045,0
-470,-172,642,0,-890,-325,1215,0,1
770278,280810,-1049140,1948,1157965,418526,-1576073,418,0
-295112,1040038,-744928,-2,-449738,1585289,-1134505,1046,0
-1260,1186,74,0,-14553,13698,854,-1,1
336062,226208,-562272,-2,968392,655021,-1622995,418,0
-85804,-894434,983486,3248,-130502,-1345234,1475525,-211,0
-113105,127404,-12351,1948,-1320726,1492702,-170721,1255,0
30000,30000,30000,90000,60000,60000,60000,180000,1
-222959,-785880,1010787,1948,-342907,-1211800,1554496,-211,0
-128705,111154,18850,1299,-1505481,1300825,205911,1255,0
83,57,-140,0,9600,6643,-16244,-1,1
1054339,-429667,-623374,1298,1624041,-664238,-960223,-420,0
-605173,-473218,1084240,5849,-912882,-716188,1629488,418,0
563,-243,-320,0,16283,-7032,-9251,0,1
206707,-1024439,821630,3898,307505,-1543395,1235888,-2,0
601272,-1082941,485568,3899,900523,-1630745,730221,-1,0
-295,-269,565,1,-8534,-7793,16328,1,1
-217109,-809931,1030288,3248,-329082,-1221226,1550307,-1,0
-1052390,648724,406265,2599,-1618386,996671,622971,1256,0
-16507,67798,-51291,0,-26411,108478,-82066,1,1
-41562,-28760,70323,1,-66500,-46016,112517,1,1
786529,240509,-1025739,1299,1196926,364482,-1560572,836,0
330212,-53302,-275611,1299,1518676,-239637,-1278831,208,0
-60290,-1850,62141,1,-96465,-2961,99426,0,1
178756,375064,-554471,-651,512998,1086744,-1599115,627,0
-126,118,7,-1,-14553,13698,854,-1,1
295,269,-565,-1,8534,7793,-16328,-1,1
-128705,348413,-218409,1299,-601187,1616291,-1014477,627,0
0,-4898,4898,0,0,-14145,14145,0,1
1043289,-781330,-260660,1299,1569369,-1176818,-392762,-211,0
373764,-982187,609072,649,613336,-1617968,1004421,-211,0
-206708,1023138,-816431,-1,-311486,1544861,-1232119,1256,0
314611,655874,-969187,1298,519073,1081716,-1600581,208,0
-5656,2828,2828,0,-16334,8167,8167,0,1
1043289,-781330,-260010,1949,1568950,-1177446,-392343,-839,0
-536921,421215,115704,-2,-1550727,1219340,332433,1046,0
544070,-665625,122204,649,1253484,-1534178,280064,-630,0
-9868,5607,4261,0,-28197,16020,12176,-1,1
-863883,1001037,-135856,1298,-1298941,1507365,-207169,1255,0
0,0,0,0,0,0,0,0,1
988037,-503769,-487519,-3251,1632839,-830979,-802281,-421,0
380264,-707877,330862,3249,872034,-1632421,760176,-211,0
-120,-3,124,1,-13927,-427,14354,0,1
-224259,347113,-120905,1949,-1040661,1611263,-569557,1045,0
-1072541,495968,581121,4548,-1631164,752006,880204,1046,0
-39652,507018,-468668,-1302,-116467,1469660,-1352566,627,0
531069,553170,-1083591,648,802699,831187,-1633050,836,0
0,0,0,0,0,0,0,0,1
1375,-401,-973,1,15882,-4639,-11243,0,1
-109146,-130940,240086,0,-141248,-169451,310700,1,1
-954886,924984,33801,3899,-1436564,1391317,46712,1465,0
917834,-921735,4550,649,1411217,-1418131,6493,-421,0
591522,482318,-1071891,1949,898847,732107,-1629907,1047,0
-1051740,766378,286010,648,-1578168,1152728,426695,1255,0
-228649,178664,49985,0,-295899,231212,64686,-1,1
22100,928234,-950336,-2,34353,1397601,-1431118,836,0
635073,-589573,-45502,-2,1464633,-1358640,-106832,-839,0
-497919,-587623,1087490,1948,-746980,-884604,1631582,-2,0
-63703,-77353,142355,1299,-743210,-887955,1630954,-211,0
-304212,-3251,309411,1948,-1406191,-15501,1422110,418,0
287960,752078,-1038089,1949,436750,1145396,-1581100,1046,0
-738,-674,1413,1,-8534,-7793,16328,1,1
481018,-499869,18200,-651,1386290,-1440963,54253,-420,0
1063439,-718927,-343213,1299,1600161,-1083393,-517398,-630,0
707226,-347764,-358164,1298,1632839,-801862,-831607,-630,0
-130005,18200,114404,2599,-1511346,220993,1291189,836,0
1077090,-412766,-662375,1949,1618804,-623182,-996043,-421,0
-256110,-786530,1043939,1299,-383126,-1183731,1566646,-211,0
127404,-120255,-5851,1298,1452693,-1373303,-79810,-420,0
109204,-966587,860632,3249,165902,-1490608,1324705,-1,0
886633,-61753,-824881,-1,1463166,-103689,-1359269,208,0
35751,286660,-319812,2599,158361,1329104,-1486628,837,0
831,-1406,575,0,9600,-16244,6643,-1,1
-432267,-98804,532369,1298,-1248877,-286350,1536063,836,0
597372,26000,-624674,-1302,1382100,62422,-1444524,-2,0
978936,-875583,-102704,649,1486837,-1329524,-157524,-211,0
23400,-132605,111154,1949,248015,-1522448,1273803,-630,0
120,-124,3,-1,13927,-14354,427,0,1
505718,-35102,-472568,-1952,1460862,-98243,-1362620,-1,0
195657,-1001038,807330,1949,298289,-1540253,1241544,-420,0
-74292,235162,-160869,1,-96143,304328,-208184,1,1
-72153,139755,-65653,1949,-851926,1633468,-780077,1465,0
-978937,628573,350363,-1,-1611264,1036889,575211,836,0
-44,-466,510,0,-1281,-13461,14742,0,1
-1051090,766378,286010,1298,-1577958,1152728,426486,1256,0
-98804,135855,-36402,649,-1149377,1580052,-429629,1046,0
3673,1888,-5562,-1,10608,5452,-16060,0,1
-84504,525219,-442017,-1302,-246131,1521819,-1275061,627,0
-505,-121,626,0,-957,-229,1186,0,1
-110,-1165,1276,1,-1281,-13461,14742,0,1
254809,-564872,312011,1948,729383,-1630745,900942,-420,0
608422,-618824,12350,1948,1401581,-1427138,25136,-421,0
2164,3443,-5608,-1,6250,9943,-16194,-1,1
664,-332,-332,0,1258,-629,-629,0,1
-1320,-4103,5423,0,-3813,-11848,15661,0,1
-297712,-267811,565521,-2,-859257,-773164,1632630,209,0
-541,1402,-860,1,-6250,16194,-9943,1,1
-656,238,418,0,-1243,451,792,0,1
-228649,178664,49985,0,-295899,231212,64686,-1,1
110,1165,-1276,-1,1281,13461,-14742,0,1
2164,-5608,3443,-1,6250,-16194,9943,-1,1
-10401,-117005,129354,1948,-133854,-1343139,1476572,-421,0
800830,233358,-1032239,1949,1206981,349400,-1556173,208,0
125617,114716,-240333,0,162563,148456,-311020,-1,1
-1057590,752078,305511,-1,-1585709,1130943,455812,1046,0
-458268,-598023,1060189,3898,-706342,-922309,1628650,-1,0
-770929,-277561,1051739,3249,-1157337,-418527,1576491,627,0
-211908,-138456,352963,2599,-982637,-638683,1621109,-211,0
380264,666924,-1046540,648,587989,1025787,-1613359,417,0
444616,-989338,546020,1298,729802,-1630745,900732,-211,0
109146,-240086,130940,0,141248,-310700,169451,-1,1
-233773,68281,165491,-1,-302530,88364,214165,-1,1
-504,29,474,-1,-14553,854,13698,-1,1
-707877,-358164,1071890,5849,-1063912,-541487,1605398,-1,0
30000,30000,30000,90000,60000,60000,60000,180000,1
-250910,1040688,-789130,648,-376423,1565179,-1187711,1045,0
-330,1355,-1025,0,-3813,15661,-11848,0,1
-831,-575,1406,0,-9600,-6643,16244,1,1
432916,98153,-531720,-651,1248666,287187,-1535854,-1,0
609722,-617524,10400,2598,1403885,-1425043,20528,-630,0
-63003,3700,59302,-1,-100805,5921,94884,0,1
776,-8935,8158,-1,2219,-25528,23309,0,1
0,0,0,0,0,0,0,0,1
-128055,348413,-218409,1949,-599511,1616081,-1015524,1046,0
-391965,1071240,-678626,649,-591551,1615034,-1022227,1256,0
-122205,-861283,988037,4549,-188526,-1311300,1500033,207,0
11,-127,116,0,1281,-14742,13461,0,1
219708,787179,-1007538,-651,339974,1213894,-1553240,628,0
-1044590,273660,776129,5199,-1573350,409519,1165087,1256,0
662374,403015,-1063440,1949,1006306,611450,-1616920,836,0
-233773,165491,68281,-1,-302530,214165,88364,-1,1
784579,260659,-1041340,3898,1179331,389409,-1567904,836,0
-136506,40301,98803,2598,-1588851,468799,1120888,836,0
-884,-4396,5281,1,-2555,-12694,15249,0,1
-122205,993887,-869733,1949,-184127,1497939,-1312975,837,0
3900,486218,-492069,-1951,10892,1409751,-1419597,1046,0
545370,-664325,120254,1299,1256626,-1532293,275247,-420,0
-738428,-315262,1058889,5199,-1113767,-477598,1591573,208,0
-11,-116,127,0,-1281,-13461,14742,0,1
5587,-2027,-3559,1,16133,-5853,-10279,1,1
709176,358813,-1067340,649,1067053,537506,-1604352,207,0
-194500,-25130,219631,1,-251707,-32521,284228,0,1
399,-546,146,-1,11549,-15777,4227,-1,1
120254,861932,-983487,-1301,183498,1314441,-1496473,1466,0
-139756,79302,62402,1948,-1627603,925659,703409,1465,0
-1260,74,1186,0,-14553,854,13698,-1,1
-1059540,312011,748178,649,-1588222,466495,1122354,627,0
-93604,-436167,530419,648,-269173,-1260817,1529988,-2,0
-67249,14701,52548,0,-107599,23522,84077,0,1
1396,-889,-506,1,16133,-10279,-5853,1,1
-163807,-762479,927584,1298,-270011,-1260398,1529988,-421,0
108554,-967237,860632,1949,166530,-1490818,1324286,-2,0
-564222,324362,239858,-2,-1626975,936133,691678,836,0
594122,478417,-1071891,648,903665,726870,-1629907,628,0
776,-8935,8158,-1,2219,-25528,23309,0,1
-1080341,637023,445266,1948,-1624042,958547,667170,1675,0
130004,-350364,222958,2598,594902,-1615244,1019922,-420,0
-1060840,578521,484268,1949,-1630326,890258,741533,1465,0
109204,-967237,860632,2599,166111,-1490818,1324286,-421,0
230108,-1033539,806680,3249,342697,-1554707,1211799,-211,0
-214509,1016638,-802131,-2,-326568,1549888,-1221855,1465,0
1056289,-311362,-745578,-651,1589269,-468800,-1120889,-420,0
181356,-354264,175506,2598,827417,-1633887,805631,-839,0
5379,-4203,-1176,0,15534,-12138,-3396,0,1
-165107,1012087,-846332,648,-248016,1522656,-1273804,836,0
4000,1464,-5464,0,11550,4227,-15777,0,1
-706577,-360114,1071890,5199,-1062236,-543163,1605817,418,0
30000,30000,30000,90000,60000,60000,60000,180000,1
1056939,-312012,-745578,-651,1589269,-469429,-1120260,-420,0
665624,380914,-1047190,-652,1027882,585476,-1612731,627,0
945785,-936686,-5851,3248,1419596,-1410171,-9846,-421,0
179406,373764,-554471,-1301,515721,1084649,-1599743,627,0
156655,-352964,198907,2598,714930,-1629698,914557,-211,0
-170957,677975,-506369,649,-396951,1571045,-1173048,1046,0
30000,30000,30000,90000,60000,60000,60000,180000,1
88,439,-528,-1,2555,12694,-15249,0,1
-800180,-230759,1036138,5199,-1205725,-350867,1557010,418,0
-263260,334112,-69553,1299,-1221645,1550097,-326778,1674,0
-1034839,231408,807980,4549,-1554707,345420,1210123,836,0
30000,30000,30000,90000,60000,60000,60000,180000,1
116354,13650,-127405,2599,1324914,164436,-1489351,-1,0
226208,-350364,126104,1948,1037518,-1611893,573745,-630,0
-853482,-148856,1008187,5849,-1286791,-226859,1514487,837,0
330862,-707227,380264,3899,758291,-1632631,873710,-630,0
209307,-1025739,819030,2598,311695,-1544862,1232956,-211,0
-3999,5464,-1464,1,-11549,15777,-4227,1,1
384164,597372,-981537,-1,635749,985359,-1620481,627,0
-588273,-494669,1086190,3248,-884813,-746352,1631373,208,0
-118955,991937,-871683,1299,-179938,1496263,-1315489,836,0
566821,-285361,-280811,649,1633049,-823019,-810450,-420,0
-2568,5649,-3080,1,-7415,16311,-8896,0,1
551220,-166407,-386765,-1952,1590945,-477179,-1114395,-629,0
1037438,-765729,-269111,2598,1574606,-1163621,-410986,-1,0
-118305,661074,-542771,-2,-275457,1532711,-1255789,1465,0
440066,640273,-1078391,1948,661724,962526,-1623833,417,0
242459,711126,-951636,1949,398835,1172628,-1571046,417,0
143005,209307,-349064,3248,652297,970905,-1622576,626,0
-126755,539520,-412766,-1,-370348,1563504,-1192319,837,0
1084240,-488819,-594773,648,1630744,-736716,-894030,-2,0
943185,-214509,-729978,-1302,1557638,-354219,-1203631,-212,0
-460218,-53953,515469,1298,-1327638,-159619,1487675,418,0
-527820,1071890,-544071,-1,-804166,1633886,-828046,1674,0
139105,839831,-978937,-1,216175,1294541,-1509461,1255,0
55902,888583,-943836,649,85464,1370579,-1454998,1045,0
233773,-68281,-165491,1,302530,-88364,-214165,1,1
1055639,-431617,-622074,1948,1624460,-667171,-957291,-2,0
-131955,104653,31201,3899,-1552403,1214941,338298,836,0
248309,-345163,98153,1299,1137227,-1584661,447014,-420,0
-245060,341262,-96204,-2,-1133248,1585708,-451205,1255,0
-504,29,474,-1,-14553,854,13698,-1,1
0,0,0,0,0,0,0,0,1
255459,85153,-338013,2599,1174094,396322,-1570208,208,0
289260,750778,-1038739,1299,439264,1143511,-1581729,1046,0
5587,-2027,-3559,1,16133,-5853,-10279,1,1
30000,30000,30000,90000,60000,60000,60000,180000,1
-614,86,527,-1,-1162,164,998,0,1
512219,-990638,479067,648,841242,-1633678,792016,-420,0
147555,-1004288,860632,3899,218061,-1511136,1293074,-1,0
-46802,-588273,635723,648,-108088,-1357593,1465470,-211,0
-65653,887283,-822281,-651,-109555,1466727,-1356546,626,0
21850,47314,-69165,-1,34961,75703,-110664,0,1
330212,-53953,-275611,648,1519724,-242570,-1277155,-1,0
-68253,887933,-820331,-651,-112487,1467984,-1354660,837,0
53768,12885,-66654,-1,86030,20617,-106647,0,1
354913,-159906,-193058,1949,1630116,-731060,-899686,-630,0
-328263,705276,-374415,2598,-761434,1632839,-870150,1255,0
-40302,507018,-468018,-1302,-118772,1470707,-1351309,626,0
-341263,247009,96203,1949,-1580262,1147072,434236,1046,0
0,208206,-208206,0,0,269443,-269443,0,1
131954,-113755,-16901,1298,1508622,-1296427,-212406,-211,0
263259,435516,-698127,648,607051,1009867,-1616501,417,0
-3325,5625,-2300,0,-9600,16244,-6643,1,1
-541471,662374,-118955,1948,-1252647,1534177,-280065,1465,0
0,0,0,0,0,0,0,0,1
492068,-1086191,597372,3249,736087,-1631374,894657,-630,0
-4551,-302912,310711,3248,-26813,-1401163,1427765,-211,0
368563,184606,-556421,-3252,1067891,536040,-1603723,208,0
-5656,2828,2828,0,-16334,8167,8167,0,1
4494,-9885,5391,0,12840,-28245,15404,-1,1
-635724,973086,-338013,-651,-1049459,1609378,-558874,1045,0
-1060840,579171,482318,649,-1630326,891934,739648,1256,0
-709827,-356214,1071240,5199,-1066426,-537926,1604770,418,0
-634424,973086,-339963,-1301,-1046736,1609797,-562644,417,0
5547,-63822,58274,-1,8876,-102115,93239,0,1
-1396,506,889,-1,-16133,5853,10279,-1,1
0,0,0,0,0,0,0,0,1
-793030,1036138,-241160,1948,-1194623,1562247,-366159,1465,0
339312,-79953,-258060,1299,1560990,-364692,-1196299,-1,0
549920,-393915,-156656,-651,1585079,-1133876,-451624,-421,0
523269,-76703,-447867,-1301,1511973,-221204,-1290562,207,0
-566,584,-17,1,-1073,1106,-32,1,1
-537,607,-69,1,-1018,1149,-131,0,1
1083590,-580472,-501819,1299,1631792,-876644,-755150,-2,0
-211258,559020,-347114,648,-612708,1617967,-1004632,627,0
0,0,0,0,0,0,0,0,1
-1083591,511569,575271,3249,-1631793,769183,863655,1045,0
-295762,963336,-670176,-2602,-487862,1594506,-1105597,1047,0
-8008,-1034,9043,1,-22882,-2956,25838,0,1
30000,30000,30000,90000,60000,60000,60000,180000,1
146255,-921085,776129,1299,239217,-1519306,1279668,-421,0
-211908,559020,-346463,649,-616060,1618595,-1001699,836,0
-1062140,722177,343212,3249,-1598906,1086115,514255,1464,0
30000,30000,30000,90000,60000,60000,60000,180000,1
-566172,286660,280810,1298,-1632840,826579,807307,1046,0
-72153,139755,-65653,1949,-852554,1633468,-779448,1466,0
-114,-14,129,1,-13214,-1707,14922,1,1
233773,-165491,-68281,1,302530,-214165,-88364,1,1
-9868,4261,5607,0,-28197,12176,16020,-1,1
-1051740,764428,289260,1948,-1579425,1149167,431513,1255,0
-977637,873632,107254,3249,-1486838,1328685,159618,1465,0
787179,242459,-1026389,3249,1195460,366158,-1560991,627,0
-634424,586321,48751,648,-1464843,1357801,108087,1045,0
117004,230108,-345163,1949,533526,1070405,-1603514,417,0
1414,-707,-707,0,16334,-8167,-8167,0,1
1144,-1291,147,0,13214,-14922,1707,-1,1
-8440,-259,8699,0,-24116,-740,24856,0,1
563,-320,-243,0,16283,-9251,-7032,0,1
30000,30000,30000,90000,60000,60000,60000,180000,1
131304,-351014,222308,2598,599301,-1615873,1016361,-211,0
-732578,1045239,-309412,3249,-1116071,1591364,-473618,1675,0
-938636,-651,943835,4548,-1412265,-3352,1416035,418,0
-1075141,395214,683825,3898,-1613569,591131,1023483,1045,0
291210,29251,-319162,1299,1339368,139927,-1479087,208,0
4494,5391,-9885,0,12840,15404,-28245,-1,1
1041989,-353614,-687726,649,1605817,-546096,-1059932,-211,0
-137,40,97,0,-15882,4639,11243,0,1
-5226,4487,738,-1,-15090,12958,2132,0,1
30000,30000,30000,90000,60000,60000,60000,180000,1
-502469,475817,27301,649,-1451437,1374350,78342,1255,0
-453717,517419,-63053,649,-1312766,1498148,-184336,1046,0
-706577,-246360,955535,2598,-1165088,-408472,1573977,417,0
-134556,29251,106603,1298,-1553659,342278,1212008,627,0
-542121,662374,-118305,1948,-1253904,1533340,-278390,1046,0
13000,115704,-126105,2599,132805,1343976,-1475736,1045,0
-878833,833981,44201,-651,-1448085,1378330,70801,1046,0
0,0,0,0,0,0,0,0,1
100,36,-136,0,11550,4227,-15777,0,1
-33,135,-102,0,-3813,15661,-11848,0,1
65002,-142356,78002,648,735458,-1631374,895286,-630,0
214212,-201630,-12582,0,277216,-260933,-16283,0,1
600622,-1082941,486868,4549,899266,-1630955,731478,-211,0
92953,436166,-528470,649,265611,1263748,-1528104,1255,0
-637024,972436,-337363,-1951,-1050925,1608959,-556988,1046,0
139105,-41602,-96204,1299,1589269,-469010,-1120679,-420,0
737777,-1049140,314611,3248,1115232,-1591574,476131,-211,0
8450,-616224,610372,2598,16548,-1423158,1406190,-420,0
1076440,-410816,-663675,1949,1618385,-619830,-998557,-2,0
549270,-1087491,540820,2599,821761,-1633887,811706,-420,0
-759879,-169007,930834,1948,-1252647,-281113,1533968,208,0
122204,-126105,6500,2599,1388594,-1439287,50273,-420,0
254809,85153,-338663,1299,1173465,396950,-1570417,-2,0
128054,-9101,-116355,2598,1457929,-91540,-1366181,208,0
848931,-1011438,164456,1949,1275269,-1521820,246549,-2,0
219708,341262,-561622,-652,631979,988292,-1620272,-1,0
30000,30000,30000,90000,60000,60000,60000,180000,1
1024438,-276911,-747529,-2,1578376,-427115,-1151472,-211,0
-4576,5167,-591,0,-13214,14922,-1707,1,1
-785230,-254810,1044589,4549,-1181636,-385221,1567484,627,0
-367264,-687076,1061489,7149,-562225,-1047154,1609588,209,0
-442017,986086,-545371,-1302,-729803,1630954,-900524,627,0
0,0,0,0,0,0,0,0,1
136505,-30552,-104004,1949,1553658,-341232,-1212638,-212,0
5172,4723,-9896,-1,14778,13496,-28274,0,1
-9625,6814,2811,0,-27502,19469,8033,0,1
-565,282,282,-1,-16334,8167,8167,0,1
260009,304861,-565522,-652,749702,882089,-1631374,417,0
-120,-3,124,1,-13927,-427,14354,0,1
750778,-936686,186556,648,1234003,-1544024,309600,-421,0
-1069941,703976,366613,648,-1606237,1058465,548818,1046,0
926934,25350,-952936,-652,1395716,37286,-1432375,627,0
-402366,-144306,547320,648,-1159641,-416013,1575863,209,0
-1409,801,608,0,-16283,9251,7032,0,1
233773,-165491,-68281,1,302530,-214165,-88364,1,1
-938636,-3251,945785,3898,-1410171,-7542,1418339,626,0
709176,359463,-1067340,1299,1066844,537716,-1604352,208,0
159905,764428,-926285,-1952,266868,1262701,-1528523,1046,0
-738428,-314612,1059539,6499,-1113976,-476970,1591573,627,0
22750,-317212,297061,2599,97614,-1461282,1363248,-420,0
-63703,-77353,142355,1299,-743000,-888165,1631163,-2,0
-1001688,198257,806030,2599,-1540882,303106,1238611,835,0
-1062140,508319,555120,1299,-1632212,782380,851087,1255,0
-221009,-787830,1010787,1948,-339556,-1213685,1553449,208,0
-705277,1036788,-330863,648,-1087373,1599742,-511114,1255,0
1056939,-311362,-745578,-1,1589269,-468800,-1120889,-420,0
419265,658474,-1077091,648,631350,988711,-1620062,-1,0
457617,-519370,63052,1299,1314022,-1497311,182660,-629,0
-390,661,-270,1,-739,1251,-511,1,1
109204,24050,-131305,1949,1245734,292004,-1537321,417,0
-124805,117654,9100,1949,-1452275,1373302,80018,1045,0
-706577,1036788,-328263,1948,-1089468,1599323,-508600,1255,0
39651,907433,-948386,-1302,60537,1383986,-1443477,1046,0
354913,-1043290,691625,3248,541905,-1605818,1063073,-840,0
524569,-78003,-447217,-651,1512602,-222670,-1289724,208,0
-893784,960735,-64353,2598,-1360316,1462957,-101176,1465,0
-650675,85153,568121,2599,-1501291,194809,1306900,418,0
826830,-1027689,204107,3248,1237145,-1542767,305201,-421,0
23400,-131955,111154,2599,253461,-1524543,1270870,-212,0
-635724,973086,-339313,-1951,-1048621,1609588,-559921,1046,0
-839832,-158606,1002987,4549,-1276527,-243827,1520771,417,0
-542771,662374,-117005,2598,-1255789,1532502,-275667,1046,0
-70710,35355,35355,0,-113137,56568,56568,-1,1
986736,-435517,-552521,-1302,1629278,-719749,-910159,-630,0
0,0,0,0,0,0,0,0,1
-4301,5332,-1030,1,-12420,15397,-2976,1,1
5547,58274,-63822,-1,8876,93239,-102115,0,1
-564872,1084240,-520670,-1302,-848993,1633468,-783428,1047,0
4301,-5332,1030,-1,12420,-15397,2976,-1,1
390,-661,270,-1,739,-1251,511,-1,1
-53953,-86454,141705,1298,-628000,-991854,1619642,-212,0
156137,80252,-236390,-1,202060,103856,-305917,-1,1
614,-527,-86,1,1162,-998,-164,0,1
3059,6624,-9683,0,8740,18925,-27666,-1,1
-228809,1031588,-802781,-2,-344374,1555334,-1210124,836,0
131954,-20151,-110505,1298,1510926,-218899,-1292028,-1,0
30000,30000,30000,90000,60000,60000,60000,180000,1
-110,1276,-1165,1,-1281,14742,-13461,0,1
756628,172256,-930185,-1301,1251180,283835,-1534388,627,0
-726078,-319162,1051089,5849,-1105807,-488072,1594296,417,0
-101404,-555121,658474,1949,-235867,-1281764,1517629,-2,0
34451,102053,-134556,1948,383125,1184149,-1566228,1046,0
91,47,-139,-1,10608,5452,-16060,0,1
-63053,-77353,143655,3249,-742791,-888374,1630954,-211,0
-724778,-321113,1051739,5848,-1103922,-490376,1594715,417,0
-400,-146,546,0,-11550,-4227,15777,0,1
-889234,-72803,969186,7149,-1353822,-113744,1468194,628,0
-128055,348413,-218409,1949,-599092,1615872,-1016153,627,0
0,0,0,0,0,0,0,0,1
9899,-4949,-4949,1,28284,-14142,-14142,0,1
566821,-287311,-278861,649,1632839,-828046,-805842,-1049,0
30000,30000,30000,90000,60000,60000,60000,180000,1
9899,-4949,-4949,1,28284,-14142,-14142,0,1
3673,1888,-5562,-1,10608,5452,-16060,0,1
7527,-9331,1804,0,21507,-26661,5154,0,1
3325,-5625,2300,0,9600,-16244,6643,-1,1
-129355,986736,-856733,648,-197743,1503594,-1304806,1045,0
300311,751428,-1052390,-651,454346,1131990,-1585709,627,0
-766379,1049789,-281461,1949,-1152519,1578795,-425440,836,0
-943186,935385,11050,3249,-1420644,1408284,13615,1255,0
1027038,-822931,-202158,1949,1541928,-1237356,-304993,-421,0
-522,73,448,-1,-15090,2132,12958,0,1
-871683,958135,-85154,1298,-1342511,1477410,-133435,1464,0
-399,-146,546,1,-11549,-4227,15777,1,1
30000,30000,30000,90000,60000,60000,60000,180000,1
-119605,-3901,126104,2598,-1393622,-40010,1434050,418,0
-36946,70686,-33740,0,-59113,113098,-53984,1,1
312011,657824,-969187,648,515721,1084649,-1599743,627,0
-884,5281,-4396,1,-2555,15249,-12694,0,1
93603,-140406,48751,1948,1060141,-1606447,545676,-630,0
482318,-499219,16900,-1,1389013,-1438868,49016,-839,0
0,0,0,0,0,0,0,0,1
-1069941,700726,370513,1298,-1607075,1054276,554055,1256,0
137155,-107255,-27952,1948,1550726,-1219132,-332643,-1049,0
457,59,-516,0,13214,1707,-14922,-1,1
494018,-1086841,594772,1949,739019,-1631793,892353,-421,0
-1032889,262609,774829,4549,-1569789,396950,1174094,1255,0
-9868,4261,5607,0,-28197,12176,16020,-1,1
-956836,923034,35751,1949,-1438449,1389222,50273,1046,0
-978937,83203,898983,3249,-1471756,123588,1348794,626,0
0,0,0,0,0,0,0,0,1
-278861,-767679,1049139,2599,-419574,-1157756,1576910,-420,0
494668,187857,-683826,-1301,1143301,438635,-1581310,626,0
-6429,-3304,9733,0,-18369,-9441,27810,0,1
135855,406915,-543421,-651,388571,1179959,-1567904,626,0
-1043290,357513,689025,3248,-1606237,548818,1057837,418,0
-330,-1025,1355,0,-3813,-11848,15661,0,1
577221,-986737,409515,-1,949539,-1625927,676177,-211,0
558,-355,-202,1,16133,-10279,-5853,1,1
608422,-618824,11700,1298,1401791,-1427138,24927,-420,0
3059,-9683,6624,0,8740,-27666,18925,-1,1
293811,-1050440,759878,3249,438635,-1582148,1143301,-212,0
-1084891,618823,468017,1949,-1627394,928592,700267,1465,0
-598673,1069290,-468668,1949,-912673,1629906,-715769,1464,0
-90354,137805,-46152,1299,-1057628,1607074,-548400,1046,0
9625,-2811,-6814,0,27502,-8033,-19469,0,1
0,0,0,0,0,0,0,0,1
1396,-506,-889,1,16133,-5853,-10279,1,1
785229,244409,-1027689,1949,1192528,370557,-1562457,628,0
0,0,0,0,0,0,0,0,1
1054989,-706577,-347764,648,1602884,-1073339,-529757,-212,0
-353614,182006,172256,648,-1632421,844803,788664,1046,0
690325,-1073191,386764,3898,1031652,-1612940,580239,-1049,0
-592823,-475818,1075140,6499,-904713,-725195,1630325,417,0
-69840,44499,25340,-1,-111744,71199,40544,-1,1
-657175,-402366,1067339,7798,-1002746,-615222,1618176,208,0
-686426,193707,494668,1949,-1583195,446805,1137227,837,0
-224909,691625,-464768,1948,-523054,1602256,-1078366,836,0
-297062,312661,-13001,2598,-1376864,1449341,-71221,1256,0
828781,-1027039,200857,2599,1240706,-1540882,299964,-212,0
-129355,111154,19500,1299,-1507994,1297054,211776,836,0
5226,-4487,-738,1,15090,-12958,-2132,0,1
1058239,-313312,-744928,-1,1589897,-471733,-1118585,-421,0
707226,-347764,-358164,1298,1632839,-802071,-831188,-420,0
655224,421215,-1075791,648,987873,632607,-1620272,208,0
-354264,180706,172906,-652,-1632421,839776,793901,1256,0
-504,29,474,-1,-14553,854,13698,-1,1
-361414,-705927,1069940,2599,-542535,-1063284,1605608,-211,0
482,14,-497,-1,13927,427,-14354,0,1
143005,-63053,-78003,1949,1628440,-707809,-920842,-211,0
-5547,63822,-58274,1,-8876,102115,-93239,0,1
-254,658,-404,0,-481,1247,-766,0,1
-443,-4661,5105,1,-1281,-13461,14742,0,1
248309,-345163,98803,1949,1135760,-1585080,448899,-421,0
9899,-4949,-4949,1,28284,-14142,-14142,0,1
-1054340,707226,349713,2599,-1602257,1074594,528918,1255,0
101403,-137806,38351,1948,1152728,-1578796,425439,-629,0
784579,243759,-1026389,1949,1193784,368671,-1561829,626,0
262609,435516,-698777,-652,607261,1009448,-1616501,208,0
549920,-392615,-157956,-651,1585917,-1130106,-456651,-840,0
92953,436166,-528470,649,265192,1263958,-1528313,837,0
102053,35101,-133906,3248,1159850,415803,-1575445,208,0
767678,-1053690,287960,1948,1148957,-1580262,431094,-211,0
-106604,131954,-25351,-1,-1237984,1542137,-303107,1046,0
968536,-915885,-51352,1299,1451436,-1374770,-77296,-630,0
210607,478417,-687726,1298,484300,1109367,-1592831,836,0
54,86,-140,0,6250,9943,-16194,-1,1
-1084241,583071,504418,3248,-1631164,876852,755567,1255,0
313961,390664,-704627,-2,726870,903455,-1629907,418,0
453716,242459,-694877,1298,1048201,560967,-1608541,627,0
0,0,0,0,0,0,0,0,1
1073840,-393265,-679926,649,1614196,-592808,-1021808,-420,0
-443,-4661,5105,1,-1281,-13461,14742,0,1
-1050440,766378,286660,2598,-1578377,1151680,427743,1046,0
-488169,1083590,-595423,-2,-735040,1631373,-895077,1256,0
45922,-69526,23603,-1,73476,-111242,37765,-1,1
-538221,120254,419265,1298,-1555126,346886,1209076,836,0
224258,-947086,724777,1949,366786,-1562248,1194832,-630,0
-311362,298361,14300,1299,-1441801,1385242,57814,1255,0
-894434,960735,-63703,2598,-1361154,1462538,-100338,1046,0
874932,-960086,87753,2599,1342929,-1476783,133434,-420,0
559020,-206708,-354264,-1952,1613987,-592180,-1022227,-420,0
222115,-31380,-190735,0,287443,-40610,-246833,0,1
-300312,-749479,1054339,4548,-453299,-1132410,1585917,208,0
-18862,-198133,216996,1,-24410,-256407,280818,1,1
-676026,-393265,1075140,5849,-1018038,-596579,1615243,626,0
-6999,9562,-2562,1,-19999,27320,-7320,1,1
-5639,2435,3204,0,-16283,7032,9251,0,1
584371,499868,-1082941,1298,881251,750750,-1631374,627,0
1060839,-508320,-551221,1298,1632630,-784685,-848155,-210,0
12350,115054,-126105,1299,130920,1345024,-1474688,1256,0
0,0,0,0,0,0,0,0,1
30000,30000,30000,90000,60000,60000,60000,180000,1
663674,401065,-1063440,1299,1008610,608518,-1616501,627,0
-136506,40301,99453,3248,-1588851,467543,1121516,208,0
0,0,0,0,0,0,0,0,1
-738,1413,-674,1,-8534,16328,-7793,1,1
-114,129,-14,1,-13214,14922,-1707,1,1
45501,-138456,96853,3898,502315,-1597649,1094494,-840,0
182006,-354914,174856,1948,830978,-1634097,802280,-839,0
1320,4103,-5423,0,3813,11848,-15661,0,1
1066689,-419916,-646775,-2,1620899,-637007,-983894,-2,0
365313,-557721,192407,-1,1051343,-1608541,556568,-630,0
7150,851531,-860633,-1952,13615,1408494,-1421063,1046,0
533019,-1076441,546670,3248,804794,-1633887,829302,209,0
989337,-503119,-487519,-1301,1633049,-830769,-802490,-210,0
-945136,214508,731927,1299,-1556802,352333,1205305,836,0
-541,1402,-860,1,-6250,16194,-9943,1,1
0,-123505,124154,649,-3352,-1413103,1416035,-420,0
256759,-565522,310061,1298,735249,-1631374,895495,-630,0
52,-599,547,0,98,-1136,1037,-1,1
-459568,-617524,1082290,5198,-694612,-932992,1627812,208,0
4301,-5332,1030,-1,12420,-15397,2976,-1,1
-55253,-889234,947085,2598,-85256,-1370371,1455206,-421,0
668875,-140406,-529120,-651,1547374,-321960,-1225625,-211,0
2955,2699,-5654,0,8534,7793,-16328,-1,1
-140406,-840482,982186,1298,-215129,-1294751,1510088,208,0
-544721,1083590,-538871,-2,-820924,1633886,-811707,1255,0
-372464,978286,-607773,-1951,-614384,1618385,-1003375,626,0
-113105,128054,-13001,1948,-1317793,1494587,-175539,1255,0
-113755,-14301,130654,2598,-1325334,-163180,1488931,417,0
1060839,-329563,-729978,1298,1595343,-496870,-1099313,-840,0
605822,-1074491,470617,1948,914976,-1629907,714720,-211,0
-156006,-518070,677325,3249,-361969,-1198394,1560571,208,0
30000,30000,30000,90000,60000,60000,60000,180000,1
586321,497918,-1082941,1298,883765,748026,-1631164,627,0
-944486,213858,731927,1299,-1556592,351495,1205934,837,0
1085540,-563572,-521320,648,1632630,-849622,-783638,-630,0
531719,-1075791,547970,3898,803118,-1633887,830768,-1,0
1057589,-751429,-303562,2598,1586546,-1129477,-457279,-210,0
972436,-91004,-880133,1299,1479086,-139719,-1339369,-2,0
-1084241,510269,576571,2599,-1631793,767507,865331,1045,0
30000,30000,30000,90000,60000,60000,60000,180000,1
46801,914584,-960736,649,70173,1378330,-1447876,627,0
-141,70,70,-1,-16334,8167,8167,0,1
301,362,-663,0,571,685,-1256,0,1
30000,30000,30000,90000,60000,60000,60000,180000,1
122854,860632,-984137,-651,187687,1311927,-1498359,1255,0
-510920,-571372,1086840,4548,-770441,-861981,1632420,-2,0
-976987,630523,345812,-652,-1610008,1042126,568927,1045,0
-574622,1057589,-482969,-2,-885860,1632001,-744466,1675,0
313311,391314,-704627,-2,724356,905759,-1629698,417,0
656,-418,-238,0,1243,-792,-451,0,1
-120905,-861933,988037,5199,-187060,-1312137,1499196,-1,0
4576,-5167,591,0,13214,-14922,1707,-1,1
-505069,32501,473867,1299,-1458140,92377,1366180,417,0
457617,622723,-1079691,649,689793,937599,-1626556,836,0
-43,-94,138,1,-5047,-10929,15977,1,1
-1034189,230108,809280,5199,-1553659,342697,1212218,1256,0
41562,28760,-70323,-1,66500,46016,-112517,-1,1
785229,242459,-1027039,649,1194622,367624,-1561619,627,0
985436,-568772,-417316,-652,1626555,-938857,-687909,-211,0
-219709,-786530,1010787,4548,-340813,-1213266,1553868,-211,0
-222115,31380,190735,0,-287443,40610,246833,0,1
-109146,240086,-130940,0,-141248,310700,-169451,1,1
-4576,5167,-591,0,-13214,14922,-1707,1,1
-666275,1060839,-392615,1949,-1015105,1616081,-599721,1255,0
134,-105,-29,0,15534,-12138,-3396,0,1
-397165,546020,-148856,-1,-1148330,1580471,-431095,1046,0
250259,-1041340,793679,2598,373489,-1564343,1190223,-631,0
936035,-9101,-923685,3249,1422947,-16549,-1405562,836,0
16507,51291,-67798,0,26411,82066,-108478,-1,1
-452417,-244410,699426,2599,-1044012,-565577,1609588,-1,0
558370,-360114,-199558,-1302,1611054,-1037519,-573746,-211,0
-626624,29901,599972,3249,-1445990,66402,1380006,418,0
-60453,-271711,334112,1948,-282998,-1252019,1534806,-211,0
-494669,-189808,687075,2598,-1141208,-440731,1582147,208,0
-224259,-785230,1011437,1948,-344164,-1210753,1554915,-2,0
-68756,48674,20082,0,-110011,77878,32132,-1,1
496618,589572,-1084891,1299,747398,884393,-1631164,627,0
3325,-5625,2300,0,9600,-16244,6643,-1,1
-501169,475817,26000,648,-1449342,1376863,73524,1045,0
-591523,-477118,1075140,6499,-902618,-727080,1630325,627,0
-11,-116,127,0,-1281,-13461,14742,0,1
776,-8935,8158,-1,2219,-25528,23309,0,1
93603,-141056,49401,1948,1056789,-1607075,550075,-211,0
64,77,-141,0,7415,8896,-16311,0,1
-1040039,250909,793029,3899,-1564133,376631,1188338,836,0
-369864,978286,-609723,-1301,-610613,1617757,-1006517,627,0
609072,-618174,11050,1948,1403257,-1425253,21366,-630,0
842431,-874933,33801,1299,1385452,-1442010,55719,-839,0
-969837,61752,911984,3899,-1457093,90701,1367018,626,0
826180,198907,-1023789,1298,1243848,295147,-1538577,418,0
646124,-1053690,410165,2599,989967,-1620691,630093,-631,0
30000,30000,30000,90000,60000,60000,60000,180000,1
30000,30000,30000,90000,60000,60000,60000,180000,1
33,-135,102,0,3813,-15661,11848,0,1
-700077,438766,262609,1298,-1615454,1013847,602443,836,0
1084240,-490769,-592823,648,1630535,-738811,-891935,-211,0
-369214,1066039,-696177,648,-557198,1608959,-1050297,1464,0
-457,-59,516,0,-13214,-1707,14922,1,1
0,0,0,0,0,0,0,0,1
0,0,0,0,0,0,0,0,1
656,-238,-418,0,1243,-451,-792,0,1
24700,-930835,906783,648,38124,-1433632,1395088,-420,0
3059,6624,-9683,0,8740,18925,-27666,-1,1
-202808,351013,-147556,649,-938648,1627183,-687490,1045,0
278210,768978,-1047190,-2,420202,1157546,-1576492,1256,0
-21850,69165,-47314,1,-34961,110664,-75703,0,1
638973,441366,-1079691,648,962526,661933,-1623623,836,0
9777,-3547,-6229,1,27936,-10136,-17799,1,1
558,-202,-355,1,16133,-5853,-10279,1,1
239675,-136173,-103501,1,310167,-176224,-133943,0,1
-603223,-452417,1059539,3899,-928174,-699639,1628021,208,0
139,-50,-88,1,16133,-5853,-10279,1,1
-214212,201630,12582,0,-277216,260933,16283,0,1
-437,-946,1383,0,-5047,-10929,15977,1,1
460217,-1072541,616223,3899,693564,-1628022,934248,-210,0
92953,435516,-528470,-1,268125,1261863,-1528942,1046,0
588272,497918,-1083591,2599,885231,746560,-1630955,836,0
36946,-70686,33740,0,59113,-113098,53984,-1,1
390,270,-661,-1,739,511,-1251,-1,1
-989338,436166,553820,648,-1629070,719119,911415,1464,0
-507670,987386,-481669,-1953,-837891,1633886,-794740,1255,0
-194500,219631,-25130,1,-251707,284228,-32521,0,1
1036788,-711777,-325663,-652,1596391,-1095752,-501478,-839,0
-451767,-242460,698126,3899,-1046317,-562854,1609169,-2,0
1004287,-867133,-135206,1948,1505480,-1301664,-204446,-630,0
35101,-135856,104003,3248,381030,-1566228,1184777,-421,0
-846332,1009487,-160557,2598,-1275270,1521400,-244455,1675,0
30000,30000,30000,90000,60000,60000,60000,180000,1
-1075791,392614,685775,2598,-1612940,586942,1026625,627,0
0,489,-489,0,0,14145,-14145,0,1
-614,527,86,-1,-1162,998,164,0,1
252859,-1041990,792379,3248,376003,-1564971,1188338,-630,0
11061,54952,-66014,-1,17698,87924,-105622,0,1
-890534,-90354,984786,3898,-1339788,-138043,1478458,627,0
-2568,5649,-3080,1,-7415,16311,-8896,0,1
54,86,-140,0,6250,9943,-16194,-1,1
-205,650,-444,1,-388,1231,-842,1,1
0,0,0,0,0,0,0,0,1
-92003,238359,-146356,0,-119063,308465,-189402,0,1
204988,-211281,6293,0,265279,-273423,8144,0,1
66302,-888584,822280,-2,109763,-1466519,1356545,-211,0
56124,-230515,174391,0,72631,-298314,225683,0,1
-5639,2435,3204,0,-16283,7032,9251,0,1
119604,-663675,546020,1949,273780,-1531665,1257464,-421,0
592,-34,-557,1,1121,-65,-1055,1,1
313961,656524,-969837,648,518235,1082554,-1600372,417,0
-91004,-47452,140405,1949,-1065169,-539602,1604770,-1,0
30000,30000,30000,90000,60000,60000,60000,180000,1
-522,448,73,-1,-15090,12958,2132,0,1
0,-208206,208206,0,0,-269443,269443,0,1
300311,-967237,668875,1949,491841,-1595135,1102664,-630,0
-20801,-111155,133254,1298,-258071,-1267939,1526008,-2,0
30000,30000,30000,90000,60000,60000,60000,180000,1
-1001688,195007,807980,1299,-1539625,299126,1241125,626,0
192407,160556,-351014,1949,880832,751378,-1631164,1046,0
354913,-159256,-193708,1949,1630116,-730641,-900314,-839,0
1320,4103,-5423,0,3813,11848,-15661,0,1
-1007538,181356,830731,4549,-1530617,273571,1258302,1256,0
-367,-188,556,1,-10608,-5452,16060,0,1
0,208206,-208206,0,0,269443,-269443,0,1
646,-457,-188,1,1223,-866,-357,0,1
-60453,-271711,334112,1948,-283836,-1251390,1535015,-211,0
-225559,692275,-464768,1948,-524311,1602466,-1077319,836,0
457,-516,59,0,13214,-14922,1707,-1,1
-1053690,705926,352313,4549,-1602885,1071452,532479,1046,0
-512220,-572022,1086840,2598,-770441,-862190,1632630,-1,0
141705,-52002,-87104,2599,1613358,-588828,-1024950,-420,0
30000,30000,30000,90000,60000,60000,60000,180000,1
-20801,-928885,952935,3249,-33516,-1398021,1430907,-630,0
-6999,9562,-2562,1,-19999,27320,-7320,1,1
-347,-317,664,0,-657,-600,1258,1,1
70492,-40050,-30441,1,112788,-64081,-48706,1,1
537,-607,69,-1,1018,-1149,131,0,1
-750779,1053039,-300962,1298,-1130315,1586755,-454766,1674,0
579171,-643525,66302,1948,1332036,-1484743,152286,-421,0
-328913,561621,-232059,649,-952263,1625926,-672827,836,0
-659125,-416666,1079690,3899,-990597,-629256,1619852,-1,0
-214509,-811231,1029638,3898,-324474,-1224159,1548841,208,0
900933,-976987,77352,1298,1352984,-1469451,116047,-420,0
-194500,-25130,219631,1,-251707,-32521,284228,0,1
-233773,165491,68281,-1,-302530,214165,88364,-1,1
204988,6293,-211281,0,265279,8144,-273423,0,1
-239675,103501,136173,-1,-310167,133943,176224,0,1
705276,-1071891,370513,3898,1054066,-1608122,553217,-839,0
334112,-1064090,732577,2599,498963,-1596811,1097427,-421,0
-1075141,687725,390014,2598,-1611893,1031652,581496,1255,0
926284,-958786,35751,3249,1387966,-1439916,51949,-1,0
-708527,-357514,1071240,5199,-1065169,-539602,1604979,208,0
-1013388,169006,847631,3249,-1523076,252205,1271918,1047,0
430,103,-533,0,12420,2976,-15397,-1,1
0,-208206,208206,0,0,-269443,269443,0,1
-941236,936685,8450,3899,-1418759,1410379,9426,1046,0
-918,1390,-472,0,-10608,16060,-5452,0,1
-375065,1056939,-681876,-2,-572280,1611473,-1038566,627,0
-667576,1060189,-390665,1948,-1018038,1615453,-595950,1465,0
346462,-108555,-236609,1298,1595134,-494775,-1100779,-420,0
-822281,990637,-164457,3899,-1267310,1526427,-257652,1465,0
426415,-703977,280160,2598,978237,-1622366,643500,-629,0
1067339,-639624,-427717,-2,1622994,-971535,-651461,-2,0
102053,35751,-134556,3248,1156917,419992,-1576701,208,0
222115,-31380,-190735,0,287443,-40610,-246833,0,1
5200,485568,-492719,-1951,14034,1407865,-1421273,626,0
-484919,-9751,495968,1298,-1398650,-30374,1429651,627,0
221008,787179,-1007538,649,341440,1213056,-1553659,837,0
9899,-4949,-4949,1,28284,-14142,-14142,0,1
228649,-49985,-178664,0,295899,-64686,-231212,1,1
-65328,56098,9229,-1,-104525,89757,14767,-1,1
48751,912634,-961387,-2,73315,1377073,-1449133,1255,0
-107,133,-25,1,-12420,15397,-2976,1,1
-742328,-312012,1058889,4549,-1117537,-472571,1590735,627,0
-945136,215808,731277,1949,-1557430,354846,1203839,1255,0
-887934,63052,826830,1948,-1462329,102013,1360944,628,0
-211258,559020,-346463,1299,-612289,1617967,-1005050,628,0
-904834,-61753,971786,5199,-1363249,-96358,1460234,627,0
93603,46151,-137806,1948,1064330,540858,-1604771,417,0
576571,-986737,410815,649,948492,-1626346,677434,-420,0
538870,-123505,-417966,-2601,1556591,-351286,-1205725,-420,0
-541,-860,1402,1,-6250,-9943,16194,1,1
-312662,-391965,706576,1949,-720796,-908902,1629697,-1,0
-1054340,705926,351663,3249,-1602676,1072081,531851,1256,0
-676026,-391965,1074490,6499,-1020551,-594065,1614824,208,0
1077740,-652625,-424466,649,1620899,-983475,-637845,-421,0
-1061490,331512,733877,3899,-1595135,496240,1099522,627,0
11,116,-127,0,1281,13461,-14742,0,1
68902,-889234,820980,648,111858,-1467566,1355497,-211,0
100,36,-136,0,11550,4227,-15777,0,1
-1034839,808630,225558,-651,-1551565,1216826,335784,1045,0
889883,77352,-964637,2598,1352984,116257,-1468404,837,0
-220359,943835,-724778,-1302,-365111,1562037,-1195671,1255,0
-1053040,646774,408865,2599,-1618805,993947,626113,1255,0
-21850,-47314,69165,1,-34961,-75703,110664,0,1
-1748,5533,-3785,0,-5047,15977,-10929,1,1
-5226,738,4487,-1,-15090,2132,12958,0,1
143005,208657,-349064,2598,653135,970277,-1622576,836,0
-120,124,-3,1,-13927,14354,-427,0,1
171606,843081,-1015339,-652,259746,1267309,-1526009,1046,0
313961,656524,-969837,648,518025,1082554,-1600372,207,0
1748,3785,-5533,0,5047,10929,-15977,-1,1
-120,-3,124,1,-13927,-427,14354,0,1
156005,518069,-674076,-2,359664,1200487,-1559315,836,0
219058,-1019889,804730,3899,328453,-1550098,1221854,209,0
787179,220358,-1006888,649,1215151,337879,-1552403,627,0
-3788,9814,-6026,0,-10823,28042,-17218,1,1
706576,-394565,-310062,1949,1629488,-910788,-718911,-211,0
-793030,1036138,-241160,1948,-1194414,1562247,-366368,1465,0
1032888,-260010,-772229,649,1569997,-395275,-1174304,418,0
-165107,1011437,-846332,-2,-248854,1522866,-1273175,837,0
301611,-1044590,746877,3898,452461,-1586128,1133247,-420,0
8440,-8699,259,0,24116,-24856,740,0,1
-5172,9896,-4723,1,-14778,28274,-13496,0,1
-701377,1068640,-364014,3249,-1056371,1607283,-550285,627,0
-216,560,-344,0,-6250,16194,-9943,1,1
30000,30000,30000,90000,60000,60000,60000,180000,1
898333,-963987,68252,2598,1360944,-1462748,101594,-210,0
132,-542,410,0,3813,-15661,11848,0,1
1344,-294,-1050,0,15534,-3396,-12138,0,1
-988688,826830,165756,3898,-1522867,1272546,251576,1255,0
986086,-433567,-555121,-2602,1629069,-715769,-913511,-211,0
585021,498568,-1083591,-2,882298,749702,-1631164,836,0
-697477,244409,454367,1299,-1608960,564947,1044849,836,0
-19501,314611,-293161,1949,-95730,1460653,-1363668,1255,0
25350,926284,-951636,-2,39799,1394878,-1433632,1045,0
-19501,314611,-293161,1949,-96777,1461071,-1363458,836,0
-62403,968536,-906784,-651,-93006,1459186,-1365343,837,0
-531720,-136506,671475,3249,-1228139,-317980,1546327,208,0
-1320,5423,-4103,0,-3813,15661,-11848,0,1
300311,-967237,668225,1299,493098,-1595344,1101616,-630,0
30000,30000,30000,90000,60000,60000,60000,180000,1
-573972,983486,-411466,-1952,-946398,1626764,-679530,836,0
378964,-1060840,686425,4549,569975,-1611055,1041079,-1,0
-118305,661724,-542121,1298,-276923,1532921,-1255161,837,0
65328,-56098,-9229,1,104525,-89757,-14767,1,1
-1062790,332162,732577,1949,-1595554,498335,1098265,1046,0
-8820,8302,518,0,-25201,23721,1480,0,1
1005587,-175507,-828782,1298,1529150,-267497,-1261445,208,0
1066039,-419266,-647425,-652,1620899,-637007,-983894,-2,0
0,0,0,0,0,0,0,0,1
104653,-345163,243109,2599,474246,-1591365,1116279,-840,0
-846332,1008837,-160557,1948,-1275270,1521400,-244455,1675,0
-1012088,165756,849581,3249,-1521401,247806,1274431,836,0
1050439,-765079,-284061,1299,1579214,-1150843,-428791,-420,0
-156656,-517420,677325,3249,-363226,-1197765,1560780,-211,0
-878183,834631,42901,-651,-1447457,1379168,69335,1046,0
-565,282,282,-1,-16334,8167,8167,0,1
122204,2600,-122855,1949,1394250,39590,-1433632,208,0
-297712,-750779,1054989,6498,-450786,-1134505,1585289,-2,0
110,-1276,1165,-1,1281,-14742,13461,0,1
57202,887283,-944486,-1,88397,1368904,-1456255,1046,0
-938636,920434,20150,1948,-1427557,1400953,28069,1465,0
-724128,-321763,1051739,5848,-1103503,-491004,1594715,208,0
-934736,13650,926934,5848,-1423158,18433,1405771,1046,0
-401066,-144956,547320,1298,-1159851,-415804,1575863,208,0
55252,888583,-943186,649,85045,1370789,-1454579,1255,0
221658,786529,-1008188,-1,342487,1212427,-1553869,1045,0
606472,477117,-1080991,2598,913929,715768,-1629070,627,0
-1409,801,608,0,-16283,9251,7032,0,1
-239859,-711127,952285,1299,-396113,-1174514,1570626,-1,0
711126,-1040039,330862,1949,1089886,-1598906,508390,-630,0
-228649,178664,49985,0,-295899,231212,64686,-1,1
-656525,555120,103353,1948,-1516164,1283858,233562,1256,0
988037,-105304,-881434,1299,1488512,-162342,-1326382,-212,0
-330,1355,-1025,0,-3813,15661,-11848,0,1
-1088791,546670,543420,1299,-1632840,820713,813172,1045,0
105303,-345813,242459,1949,475502,-1591365,1115232,-631,0
30000,30000,30000,90000,60000,60000,60000,180000,1
-919135,917184,1950,-1,-1413941,1414778,418,1255,0
-312012,-392615,707226,2599,-719958,-909740,1629488,-210,0
-980887,889883,94903,3899,-1478249,1340415,139299,1465,0
-505719,34451,472567,1299,-1460654,98452,1362829,627,0
284060,-328263,45501,1298,1302501,-1505271,202141,-629,0
-371814,978286,-608423,-1951,-614384,1618385,-1003375,626,0
-529120,1071890,-542771,-1,-806261,1633886,-826370,1255,0
22750,108554,-131305,-1,255975,1269613,-1524543,1045,0
-577222,1057589,-479068,1299,-889631,1631792,-740486,1675,0
632,-493,-138,1,1197,-935,-261,1,1
977636,-361414,-618174,-1952,1615034,-598045,-1017200,-211,0
0,4898,-4898,0,0,14145,-14145,0,1
-534971,-546671,1086190,4548,-807308,-825951,1633677,418,0
-923685,957485,-33152,648,-1387338,1440124,-51321,1465,0
5818,-9845,4026,-1,16625,-28129,11504,0,1
0,0,0,0,0,0,0,0,1
735177,-1060190,326962,1949,1103292,-1595135,491632,-211,0
-760529,-169657,931484,1298,-1251390,-282789,1534596,417,0
-124155,994537,-868433,1949,-187269,1499196,-1311090,837,0
-82554,979586,-897034,-2,-123799,1472802,-1348167,836,0
566,-584,17,-1,1073,-1106,32,-1,1
-408866,-295112,705926,1948,-943047,-683510,1626345,-212,0
9750,-617524,609072,1298,20528,-1425043,1403885,-630,0
1056289,-704627,-350364,1298,1603513,-1070615,-533108,-210,0
131954,865182,-997138,-2,200674,1304176,-1503595,1255,0
906133,65652,-968537,3248,1363667,96985,-1460025,627,0
-363364,-342563,708526,2599,-838101,-794949,1633049,-1,0
0,0,0,0,0,0,0,0,1
-970487,115704,858032,3249,-1493541,175957,1318421,837,0
-367,-188,556,1,-10608,-5452,16060,0,1
-73,141,-67,1,-8534,16328,-7793,1,1
54,86,-140,0,6250,9943,-16194,-1,1
789779,217108,-1006238,649,1218083,333480,-1551146,417,0
-822281,990637,-166407,1949,-1265844,1527265,-259747,1674,0
-55253,-889234,947085,2598,-85884,-1369952,1455416,-420,0
-92003,-146356,238359,0,-119063,-189402,308465,0,1
594122,479067,-1071891,1298,903036,727708,-1629907,837,0
354263,-1043290,691625,2598,541905,-1605818,1063492,-421,0
1018588,-185907,-832032,649,1534387,-282579,-1251600,208,0
-939286,919784,21450,1948,-1428395,1400115,29954,1674,0
-431,653,-221,1,-817,1237,-420,0,1
121554,2600,-122855,1299,1393202,41685,-1434469,418,0
-352314,156655,196307,648,-1629698,728127,902408,837,0
57206,7391,-64597,0,91529,11826,-103355,0,1
-524570,1082290,-557721,-1,-790969,1633468,-841662,837,0
0,0,0,0,0,0,0,0,1
-137,97,40,0,-15882,11243,4639,0,1
-1205,1242,-37,0,-13927,14354,-427,0,1
-7000,-2562,9562,0,-20000,-7320,27320,0,1
549270,-393915,-156006,-651,1584660,-1134714,-450786,-840,0
-56124,230515,-174391,0,-72631,298314,-225683,0,1
-944486,215158,731277,1949,-1556802,352961,1204886,1045,0
999,366,-1366,-1,11549,4227,-15777,-1,1
1205,37,-1242,0,13927,427,-14354,0,1
-380915,-666925,1048489,649,-585267,-1028302,1613149,-420,0
30000,30000,30000,90000,60000,60000,60000,180000,1
-911985,789779,122854,648,-1503386,1304595,200255,1464,0
706576,-1071241,367263,2598,1057208,-1607284,549865,-211,0
-53768,-12885,66654,1,-86030,-20617,106647,0,1
-995188,874282,122204,1298,-1495426,1316326,180355,1255,0
978286,-80604,-895734,1948,1472174,-123380,-1348376,418,0
-1049790,766378,285360,1948,-1578168,1152728,426276,836,0
-165757,-187208,355563,2598,-768137,-864285,1632211,-211,0
408865,295111,-702677,1299,942627,684347,-1626137,837,0
-482,-14,497,1,-13927,-427,14354,0,1
-451767,1067990,-614924,1299,-688537,1627602,-937600,1465,0
-1025089,824880,202807,2598,-1540044,1240706,300802,1464,0
541,860,-1402,-1,6250,9943,-16194,-1,1
-954886,924334,33151,2599,-1436355,1391317,46293,1255,0
826830,-1027689,203457,2598,1237145,-1542767,304992,-630,0
-18862,216996,-198133,1,-24410,280818,-256407,1,1
722177,341912,-1062140,1949,1087372,512160,-1598696,836,0
0,0,0,0,0,0,0,0,1
8820,-8302,-518,0,25201,-23721,-1480,0,1
174,-553,378,-1,5047,-15977,10929,-1,1
-340613,246359,96203,1949,-1580262,1146653,434655,1046,0
-349714,132604,219708,2598,-1617339,614802,1003164,627,0
-60290,-1850,62141,1,-96465,-2961,99426,0,1
-68756,20082,48674,0,-110011,32132,77878,-1,1
3673,-5562,1888,-1,10608,-16060,5452,0,1
726727,323712,-1048490,1949,1103711,491003,-1594088,626,0
694876,-959436,265209,649,1143301,-1582148,438426,-421,0
1082940,-616874,-465418,648,1628021,-927755,-700477,-211,0
-514170,-568772,1086840,3898,-774840,-857372,1632630,418,0
-98804,135855,-35752,1299,-1151262,1579424,-426906,1256,0
-66953,887283,-821631,-1301,-111230,1467146,-1355498,418,0
-1066040,642224,429016,5200,-1621738,974676,648736,1674,0
-21850,-47314,69165,1,-34961,-75703,110664,0,1
901583,-975687,77352,3248,1352984,-1469032,115628,-420,0
284710,-326963,44851,2598,1304176,-1504224,199627,-421,0
890533,77352,-965937,1948,1352565,117095,-1468823,837,0
970486,-913935,-54603,1948,1454159,-1371628,-82952,-421,0
45922,23603,-69526,-1,73476,37765,-111242,-1,1
329562,-53953,-274961,648,1519095,-240475,-1278412,208,0
536270,549920,-1084241,1949,808145,825741,-1632840,1046,0
-118305,661724,-542771,648,-277342,1533130,-1254742,1046,0
53768,12885,-66654,-1,86030,20617,-106647,0,1
30000,30000,30000,90000,60000,60000,60000,180000,1
-938636,-1951,945135,4548,-1410799,-6494,1417711,418,0
-74292,-160869,235162,1,-96143,-208184,304328,1,1
550570,-1086841,539520,3249,822808,-1633887,810659,-420,0
531719,528469,-1060190,-2,820085,813591,-1633050,626,0
-63703,-77353,142355,1299,-744257,-887117,1631163,-211,0
494668,-1086841,594122,1949,739648,-1631583,891725,-210,0
-254,658,-404,0,-481,1247,-766,0,1
-24051,928884,-905484,-651,-36658,1433212,-1395298,1256,0
110,1165,-1276,-1,1281,13461,-14742,0,1
230108,-1034189,806680,2599,343325,-1554916,1211380,-211,0
-396515,546020,-148856,649,-1146445,1581099,-433399,1255,0
648724,-83854,-566172,-1302,1500033,-190830,-1309205,-2,0
-3673,5562,-1888,1,-10608,16060,-5452,0,1
884,-5281,4396,-1,2555,-15249,12694,0,1
-987387,567471,419915,-1,-1626975,936133,691888,1046,0
-676676,-391965,1074490,5849,-1020342,-594275,1615034,417,0
0,0,0,0,0,0,0,0,1
221008,786529,-1008188,-651,341859,1212846,-1553659,1046,0
-521970,450466,70852,-652,-1504852,1302082,203816,1046,0
11,116,-127,0,1281,13461,-14742,0,1
-408216,-295112,706576,3248,-941371,-684976,1626555,208,0
65652,76052,-139106,2598,743837,887745,-1630955,627,0
73,67,-141,-1,8534,7793,-16328,-1,1
999,-1366,366,-1,11549,-15777,4227,-1,1
-1062790,719576,347113,3899,-1600372,1081507,519701,836,0
-311362,-392615,707226,3249,-720587,-909112,1629697,-2,0
257409,786529,-1041990,1948,386896,1181425,-1567275,1046,0
-309412,1054989,-744928,649,-466077,1589269,-1122565,627,0
409515,295111,-702677,1949,942836,683718,-1625927,627,0
-60290,62141,-1850,1,-96465,99426,-2961,0,1
0,489,-489,0,0,14145,-14145,0,1
641574,-1083591,444616,2599,958756,-1625299,666123,-420,0
565,-282,-282,1,16334,-8167,-8167,0,1
363363,343212,-705927,648,839147,794320,-1632840,627,0
-106604,131954,-24701,649,-1239031,1541509,-301432,1046,0
521969,-451767,-68903,1299,1503594,-1304387,-199837,-630,0
30000,30000,30000,90000,60000,60000,60000,180000,1
-674076,-394565,1075140,6499,-1016990,-598254,1615662,418,0
1074490,-496619,-576572,1299,1631792,-754521,-877272,-1,0
-3901,-488169,492718,648,-13197,-1408285,1421062,-420,0
-73,141,-67,1,-8534,16328,-7793,1,1
1016638,-835932,-180057,649,1530616,-1259350,-271687,-421,0
648074,323712,-971787,-1,1070614,532689,-1603095,208,0
-738,-674,1413,1,-8534,-7793,16328,1,1
-876883,994537,-117005,649,-1315698,1496263,-179100,1465,0
-1001688,196957,807330,2599,-1539834,300174,1240497,837,0
598022,25350,-623374,-2,1383986,59071,-1442848,209,0
-992588,503768,487518,-1302,-1632840,830978,802908,1046,0
-844382,995837,-148856,2599,-1285325,1515744,-229164,1255,0
127404,-120255,-5851,1298,1453530,-1372256,-82114,-840,0
-62403,968536,-906784,-651,-92797,1458977,-1365343,837,0
1059539,-505719,-553821,-1,1632420,-779867,-852973,-420,0
-166407,-187208,354913,1298,-769603,-863028,1632420,-211,0
-122855,993237,-870383,-1,-183918,1497939,-1312975,1046,0
30000,30000,30000,90000,60000,60000,60000,180000,1
397814,-548621,150805,-2,1146862,-1580891,433608,-421,0
0,0,0,0,0,0,0,0,1
272360,-1023139,754028,3249,416850,-1576701,1159012,-839,0
-1084891,490118,597372,2599,-1630117,736087,894867,837,0
-128055,-865833,998437,4549,-196067,-1306482,1502757,208,0
-3059,9683,-6624,0,-8740,27666,-18925,1,1
550,-389,-160,1,15882,-11243,-4639,0,1
0,1224,-1224,0,0,14145,-14145,0,1
-83,140,-57,0,-9600,16244,-6643,1,1
-57853,-888584,947735,1298,-88817,-1368276,1456882,-211,0
120254,-663675,545370,1949,275247,-1532293,1256626,-420,0
50701,-328913,281460,3248,227696,-1514907,1286790,-421,0
117004,230108,-345163,1949,534364,1069567,-1603514,417,0
-263260,334112,-68903,1949,-1221017,1550307,-327825,1465,0
-585672,-495969,1086190,4549,-883766,-747399,1631373,208,0
-470,-172,642,0,-890,-325,1215,0,1
1548,-9241,7693,0,4424,-26405,21981,0,1
437,-1383,946,0,5047,-15977,10929,-1,1
606472,-1074491,470617,2598,915814,-1629698,713882,-2,0
-125617,-114716,240333,0,-162563,-148456,311020,1,1
421215,658474,-1077091,2598,632398,988292,-1620062,628,0
591522,481668,-1071891,1299,898637,732107,-1629907,837,0
958135,-876883,-79303,1949,1471755,-1349424,-122961,-630,0
65652,76052,-139106,2598,741533,889630,-1630745,418,0
1004287,-142356,-861283,648,1509460,-214501,-1294751,208,0
-525220,-462818,989337,1299,-866380,-766042,1632420,-2,0
-128705,540170,-412116,-651,-373490,1564551,-1189805,1256,0
-1086191,563571,525219,2599,-1632421,846269,787198,1046,0
0,0,0,0,0,0,0,0,1
662374,402365,-1063440,1299,1007354,609984,-1616920,418,0
509619,-991288,481018,-651,838309,-1633678,794739,-630,0
505,-626,121,0,957,-1186,229,0,1
3999,-5464,1464,-1,11549,-15777,4227,-1,1
171606,843081,-1014689,-2,258279,1268147,-1525590,836,0
-632,493,138,-1,-1197,935,261,-1,1
-194500,219631,-25130,1,-251707,284228,-32521,0,1
-466068,691625,-224259,1298,-1077528,1602256,-523473,1255,0
1063439,-719577,-341913,1949,1599952,-1084441,-515513,-2,0
-919785,141055,780029,1299,-1515326,230629,1285114,417,0
9868,-4261,-5607,0,28197,-12176,-16020,1,1
0,0,0,0,0,0,0,0,1
-864533,1000387,-133906,1948,-1300616,1506318,-204446,1256,0
-469968,1080990,-611023,-1,-707180,1629278,-920842,1256,0
0,0,0,0,0,0,0,0,1
-990638,824230,169006,2598,-1524543,1269404,256394,1255,0
93603,-140406,49401,2598,1056789,-1607075,550075,-211,0
-932785,31201,905483,3899,-1436145,45665,1391108,628,0
-595423,1080990,-485569,-2,-896963,1631373,-732736,1674,0
126,-118,-7,1,14553,-13698,-854,1,1
975036,-94904,-878183,1949,1481181,-145165,-1335598,418,0
56124,-230515,174391,0,72631,-298314,225683,0,1
-6501,614923,-606473,1949,-19481,1424623,-1404305,837,0
642,770,-1412,0,7415,8896,-16311,0,1
-497269,-588923,1087490,1298,-745723,-885651,1631373,-1,0
180706,-354264,175506,1948,826788,-1633887,806679,-420,0
-8440,-259,8699,0,-24116,-740,24856,0,1
92003,146356,-238359,0,119063,189402,-308465,0,1
-70710,35355,35355,0,-113137,56568,56568,-1,1
1057589,-312012,-744928,649,1589478,-470267,-1119632,-421,0
260659,304861,-565522,-2,749912,881880,-1631374,418,0
170000,62224,-232224,0,220000,80525,-300525,0,1
-962037,688375,273010,-652,-1584242,1135970,449318,1046,0
-1075791,411465,668225,3899,-1617549,617525,1001069,1045,0
-924985,956185,-31202,-2,-1388804,1438867,-48808,1255,0
260009,303561,-566172,-2602,752844,879156,-1631164,836,0
75402,65652,-138456,2598,856114,777143,-1632421,836,0
-19501,130654,-108555,2598,-250949,1523494,-1271919,626,0
-566172,286010,281460,1298,-1632631,824275,809402,1046,0
-863883,1001037,-135856,1298,-1298731,1507365,-207378,1256,0
-697477,247009,452416,1948,-1610217,570394,1040241,418,0
-562922,1084890,-521320,648,-846689,1633677,-785733,1255,0
-56124,230515,-174391,0,-72631,298314,-225683,0,1
-449167,1077740,-627924,649,-678273,1626555,-947027,1255,0
366613,691625,-1056290,1948,555940,1052390,-1607703,627,0
23400,-132605,111154,1949,255137,-1525381,1269613,-631,0
5200,486218,-492069,-651,12149,1409122,-1420225,1046,0
-976987,874932,105303,3248,-1485581,1330570,156476,1465,0
-364014,555120,-190458,648,-1054277,1608121,-552799,1045,0
-550,389,160,-1,-15882,11243,4639,0,1
600622,458267,-1056940,1949,925240,702990,-1627813,417,0
-119605,-4551,126104,1948,-1393832,-39591,1433840,417,0
104653,553170,-655875,1948,239427,1280297,-1518468,1256,0
-330,1355,-1025,0,-3813,15661,-11848,0,1
-938636,-1951,944485,3898,-1411427,-4818,1417292,1047,0
0,0,0,0,0,0,0,0,1
-573322,983486,-411466,-1302,-945979,1626555,-679739,837,0
70492,-30441,-40050,1,112788,-48706,-64081,1,1
-42252,137155,-93604,1299,-503363,1597857,-1093657,837,0
1005587,-865833,-137806,1948,1507155,-1299150,-208635,-630,0
-1033539,768978,270410,5849,-1572721,1167810,406167,1256,0
171606,-553171,382864,1299,491003,-1594926,1103083,-840,0
-64,-77,141,0,-7415,-8896,16311,0,1
0,0,0,0,0,0,0,0,1
703976,250259,-954236,-1,1162992,411823,-1574397,418,0
0,0,0,0,0,0,0,0,1
373113,-1067991,700076,5198,556149,-1608541,1052181,-211,0
1051089,-765729,-283411,1949,1578586,-1152100,-427115,-629,0
0,0,0,0,0,0,0,0,1
-685776,193057,495318,2599,-1582567,445129,1138484,1046,0
-39002,506368,-468668,-1302,-115001,1469241,-1353194,1046,0
-1076441,653274,428366,5199,-1620691,981798,640358,1465,0
109204,-966587,861282,3899,165483,-1490399,1324705,-211,0
-11061,-54952,66014,1,-17698,-87924,105622,0,1
30000,30000,30000,90000,60000,60000,60000,180000,1
-131955,988037,-854783,1299,-201932,1505270,-1302292,1046,0
-986737,109204,883383,5850,-1487466,161293,1327428,1255,0
399,146,-546,-1,11549,4227,-15777,-1,1
-59153,967236,-907434,649,-88189,1457301,-1367857,1255,0
-170957,678625,-505719,1949,-398418,1571673,-1172000,1255,0
-1084241,622073,465417,3249,-1627184,932362,695868,1046,0
3059,-9683,6624,0,8740,-27666,18925,-1,1
-1086841,563571,524569,1299,-1632212,846898,786360,1046,0
481668,-499869,19500,1299,1385661,-1442010,55510,-839,0
-927585,-25351,957485,4549,-1392784,-41686,1434887,417,0
-1320,-4103,5423,0,-3813,-11848,15661,0,1
-88404,-893134,984786,3248,-134063,-1342720,1477201,418,0
5818,4026,-9845,-1,16625,11504,-28129,0,1
69840,-44499,-25340,1,111744,-71199,-40544,1,1
-74292,-160869,235162,1,-96143,-208184,304328,1,1
447216,622073,-1068641,648,680367,946397,-1625509,1255,0
563,-243,-320,0,16283,-7032,-9251,0,1
-537,420,117,0,-15534,12138,3396,0,1
5172,4723,-9896,-1,14778,13496,-28274,0,1
-912635,965936,-52002,1299,-1371837,1453949,-80647,1465,0
0,0,0,0,0,0,0,0,1
-1057590,434216,624673,1299,-1624042,666751,958128,837,0
-572672,-512220,1088140,3248,-860724,-771698,1632420,-2,0
330212,-54603,-274961,648,1519933,-242989,-1276946,-2,0
-33802,-911985,950335,4548,-54882,-1386710,1441800,208,0
-228649,49985,178664,0,-295899,64686,231212,-1,1
838531,178106,-1015339,1298,1263120,265401,-1528104,417,0
-74753,334762,-258710,1299,-351915,1557848,-1204887,1046,0
0,0,0,0,0,0,0,0,1
359463,708526,-1066040,1949,540649,1064749,-1604771,627,0
290560,29901,-319812,649,1336435,144955,-1481182,208,0
219708,341262,-561622,-652,631769,988711,-1620062,418,0
397814,-548621,150805,-2,1145606,-1581310,435493,-211,0
139,-50,-88,1,16133,-5853,-10279,1,1
-64,141,-77,0,-7415,16311,-8896,0,1
-102704,343212,-239209,1299,-480531,1592620,-1111253,836,0
-139,88,50,-1,-16133,10279,5853,-1,1
-21850,69165,-47314,1,-34961,110664,-75703,0,1
-1019239,191757,832031,4549,-1535016,286139,1249923,1046,0
238558,712426,-950986,-2,394227,1175979,-1569579,627,0
736477,-1049140,317211,4548,1113137,-1592202,479064,-1,0
42251,-509620,468667,1298,117095,-1469661,1352355,-211,0
232058,-1034839,806030,3249,344582,-1555335,1210542,-211,0
-1375,401,973,-1,-15882,4639,11243,0,1
-919135,139755,780679,1299,-1514907,230210,1285743,1046,0
347113,-108555,-236609,1949,1594715,-493309,-1102036,-630,0
65652,-642875,578521,1298,149563,-1483486,1333922,-1,0
57206,7391,-64597,0,91529,11826,-103355,0,1
1950,120254,-120905,1299,6284,1411845,-1417083,1046,0
972436,-91654,-879483,1299,1479505,-140347,-1338950,208,0
131954,-351014,221658,2598,600558,-1616082,1015314,-210,0
-3673,5562,-1888,1,-10608,16060,-5452,0,1
30000,30000,30000,90000,60000,60000,60000,180000,1
-993888,876882,117654,648,-1492493,1320515,173443,1465,0
603222,-1074491,473867,2598,911625,-1630117,718072,-420,0
-675376,518069,159255,1948,-1559734,1198812,361759,837,0
0,0,0,0,0,0,0,0,1
368563,184606,-556421,-3252,1066425,537716,-1604352,-211,0
-43,138,-94,1,-5047,15977,-10929,1,1
-376365,1056939,-679926,648,-574165,1611892,-1036471,1256,0
-32502,-288611,324362,3249,-154382,-1331199,1485370,-211,0
650,-123505,124154,1299,-1467,-1413941,1415197,-211,0
-5172,9896,-4723,1,-14778,28274,-13496,0,1
254159,787829,-1041340,648,383335,1183939,-1566228,1046,0
507669,-681876,176156,1949,1168438,-1573140,404072,-630,0
330862,-563572,232708,-2,952262,-1625927,673035,-630,0
0,0,0,0,0,0,0,0,1
-216,560,-344,0,-6250,16194,-9943,1,1
284060,-327613,45501,1948,1303967,-1504224,200046,-211,0
897683,-963987,68252,1948,1360734,-1463167,102432,-1,0
1077740,-651975,-424466,1299,1621109,-983265,-638264,-420,0
570721,-1088791,521319,3249,851715,-1633469,781333,-421,0
813180,-1032889,222958,3249,1217664,-1551984,333899,-421,0
92003,146356,-238359,0,119063,189402,-308465,0,1
-1205,-37,1242,0,-13927,-427,14354,0,1
578521,-644175,67602,1948,1331827,-1485371,153124,-420,0
592,-557,-34,1,1121,-1055,-65,1,1
158605,517419,-674076,1948,364063,1197555,-1560781,837,0
0,0,0,0,0,0,0,0,1
1067990,-704627,-364014,-651,1606236,-1058885,-547981,-630,0
-976337,876232,103353,3248,-1483905,1332455,152705,1255,0
1054989,-430967,-622074,1948,1624251,-665914,-958757,-420,0
358163,707876,-1066040,-1,540230,1065168,-1604980,418,0
139,-88,-50,1,16133,-10279,-5853,1,1
-807331,-92304,901583,1948,-1331199,-153544,1484951,208,0
-65328,9229,56098,-1,-104525,14767,89757,-1,1
-103,620,-516,1,-196,1175,-978,1,1
-220359,944485,-724778,-652,-364692,1561828,-1196090,1046,0
-52002,139105,-85154,1949,-622134,1619642,-996672,836,0
74292,160869,-235162,-1,96143,208184,-304328,-1,1
1077090,-652625,-423166,1299,1620690,-984522,-636588,-420,0
-91004,-437467,529119,648,-263517,-1264587,1527684,-420,0
30000,30000,30000,90000,60000,60000,60000,180000,1
846981,17550,-865833,-1302,1399905,28069,-1427976,-2,0
-165107,-761829,927584,648,-270849,-1259560,1530616,207,0
685125,-191758,-493369,-2,1582356,-441778,-1140789,-211,0
-1061490,506368,556420,1298,-1632002,779447,854020,1465,0
-566,-17,584,1,-1073,-32,1106,1,1
-532370,-135856,672125,3899,-1228767,-316933,1545908,208,0
642874,438766,-1079041,2599,965878,657744,-1623414,208,0
-750779,1053689,-302262,648,-1129477,1586965,-456232,1256,0
-368564,-687726,1061489,5199,-561387,-1047992,1609378,-1,0
-286661,-750129,1043289,6499,-438846,-1143093,1582356,417,0
-351664,205407,147555,1298,-1625090,952053,673454,417,0
875582,-959436,87103,3249,1343976,-1476155,131548,-631,0
30000,30000,30000,90000,60000,60000,60000,180000,1
-531720,-549921,1086190,4549,-803119,-830141,1633468,208,0
157305,-353614,198907,2598,717862,-1629907,911625,-420,0
-375065,1056939,-681876,-2,-571442,1611263,-1038776,1045,0
650024,-84504,-565522,-2,1501290,-193972,-1306901,417,0
537,-117,-420,0,15534,-3396,-12138,0,1
-367264,-688376,1061489,5849,-559712,-1049249,1608959,-2,0
8820,-8302,-518,0,25201,-23721,-1480,0,1
5818,4026,-9845,-1,16625,11504,-28129,0,1
-457,516,-59,0,-13214,14922,-1707,1,1
-846982,1009487,-160557,1948,-1274851,1521819,-245502,1466,0
299011,-967237,669525,1299,490585,-1594926,1103711,-630,0
256109,83853,-338013,1949,1175979,394018,-1569160,837,0
128054,-120255,-6501,1298,1454578,-1370790,-84627,-839,0
1044589,-270411,-774180,-2,1573558,-408053,-1165507,-2,0
-962037,689025,272360,-652,-1583614,1137436,447224,1046,0
639623,-1082291,446566,3898,955195,-1625509,669893,-421,0
-140,60,80,0,-16283,7032,9251,0,1
192407,828131,-1020539,-1,291585,1246781,-1537111,1255,0
476467,-1084241,611022,3248,711369,-1629489,917699,-421,0
-988688,434866,554470,648,-1629070,716815,912881,626,0
566171,-287311,-278861,-1,1632839,-827627,-806051,-839,0
4494,5391,-9885,0,12840,15404,-28245,-1,1
-988688,436166,554470,1948,-1629070,718491,911625,1046,0
-520670,450466,70852,648,-1504014,1303548,201722,1256,0
125617,114716,-240333,0,162563,148456,-311020,-1,1
68756,-48674,-20082,0,110011,-77878,-32132,1,1
-59803,-272361,334112,1948,-280903,-1253276,1533968,-211,0
986736,-104654,-882084,-2,1487884,-160666,-1327219,-1,0
0,0,0,0,0,0,0,0,1
-42252,-95554,140405,2599,-505249,-1092820,1597648,-421,0
823580,-992588,171606,2598,1265424,-1527685,261840,-421,0
-53302,-86454,141705,1949,-630304,-989968,1619852,-420,0
1004937,-865183,-139756,-2,1508203,-1297474,-211149,-420,0
-598673,-26651,627273,1949,-1381054,-63471,1445152,627,0
-962687,687075,273660,-1952,-1584661,1135341,450156,836,0
-801481,-230109,1036138,4548,-1206773,-349191,1556801,837,0
9414,-7356,-2058,0,26899,-21019,-5880,0,1
-234009,-113105,349063,1949,-1081927,-518655,1600580,-2,0
-656,238,418,0,-1243,451,792,0,1
-847632,1008187,-159256,1299,-1276946,1520562,-242570,1046,0
-5639,3204,2435,0,-16283,9251,7032,0,1
564871,-247660,-317862,-651,1628859,-713255,-915815,-211,0
-664975,1072540,-406266,1299,-1002956,1618176,-614384,836,0
331512,-707877,378964,2599,761433,-1632631,870568,-630,0
30000,30000,30000,90000,60000,60000,60000,180000,1
209957,479717,-687726,1948,482415,1110624,-1592202,837,0
563,-320,-243,0,16283,-9251,-7032,0,1
-614,527,86,-1,-1162,998,164,0,1
-919785,137155,781329,-1301,-1513650,226649,1287838,837,0
987386,-104654,-881434,1298,1487884,-160457,-1327219,208,0
177456,375064,-554471,-1951,513208,1086534,-1599324,418,0
9750,851531,-861283,-2,16129,1407028,-1422320,837,0
-482,497,-14,1,-13927,14354,-427,0,1
-165757,-187858,355563,1948,-765204,-867427,1632001,-630,0
93603,46151,-137806,1948,1061607,544210,-1605399,418,0
379614,667575,-1046540,649,586942,1027044,-1613150,836,0
0,0,0,0,0,0,0,0,1
-353614,158605,195657,648,-1629907,732316,898637,1046,0
-72803,-68253,143655,2599,-853392,-779448,1632630,-210,0
-254,-404,658,0,-481,-766,1247,0,1
30000,30000,30000,90000,60000,60000,60000,180000,1
306161,1950,-306162,1949,1407028,14244,-1421482,-210,0
-152756,351663,-197608,1299,-712208,1629488,-916653,627,0
-110505,-879483,991937,1949,-166531,-1324287,1490607,-211,0
-20801,-110505,133254,1948,-260166,-1266682,1526636,-212,0
28601,-930835,905483,3249,41894,-1435098,1392993,-211,0
-144956,918484,-774830,-1302,-239428,1519514,-1279250,836,0
390,270,-661,-1,739,511,-1251,-1,1
887933,56552,-944486,-1,1369951,85255,-1454998,208,0
-73,141,-67,1,-8534,16328,-7793,1,1
-574622,983486,-408866,-2,-948702,1626345,-676807,836,0
-157956,-517420,677975,2599,-364483,-1196718,1561199,-2,0
-9101,-852182,861932,649,-16130,-1406610,1422529,-211,0
-640925,-437467,1082940,4548,-964203,-659630,1623832,-1,0
192407,-999738,809280,1949,293890,-1538577,1244477,-210,0
-369214,-186557,556420,649,-1065588,-539183,1604979,208,0
-9145,7853,1292,0,-26131,22439,3691,-1,1
-72153,-68253,143655,3249,-853392,-779239,1632630,-1,0
30000,30000,30000,90000,60000,60000,60000,180000,1
0,0,0,0,0,0,0,0,1
-807331,-91654,901583,2598,-1331409,-153125,1484742,208,0
789129,221008,-1006888,3249,1214732,337879,-1552403,208,0
-1053040,648724,406265,1949,-1618177,997299,622552,1674,0
-48102,951635,-903534,-1,-73316,1450388,-1376027,1045,0
-126,118,7,-1,-14553,13698,854,-1,1
259359,784579,-1042640,1298,389619,1179540,-1567904,1255,0
132604,-989988,860632,3248,197323,-1503177,1306062,208,0
-271711,-59153,334112,3248,-1258303,-272106,1530826,417,0
156005,518069,-674076,-2,360502,1200069,-1559315,1256,0
-44,-466,510,0,-1281,-13461,14742,0,1
1007537,-176807,-827482,3248,1529988,-270011,-1259769,208,0
-558,202,355,-1,-16133,5853,10279,-1,1
-662,286,376,0,-1254,541,712,-1,1
-22751,-927585,953585,3249,-35820,-1396764,1432164,-420,0
0,0,0,0,0,0,0,0,1
725427,323712,-1047190,1949,1103292,491213,-1594297,208,0
-1034189,808630,226208,649,-1551984,1216198,337041,1255,0
-41562,-28760,70323,1,-66500,-46016,112517,1,1
932134,-29902,-902234,-2,1437192,-46922,-1390061,209,0
-966587,292510,674725,648,-1591783,480949,1111671,837,0
-169999,232224,-62224,1,-219999,300525,-80525,1,1
338012,725427,-1062790,649,509856,1089257,-1598487,626,0
975036,-94254,-878183,2599,1481390,-144746,-1336227,417,0
-19501,130654,-108555,2598,-249273,1523285,-1272757,1255,0
30000,30000,30000,90000,60000,60000,60000,180000,1
-537,117,420,0,-15534,3396,12138,0,1
549920,-393265,-155356,1299,1584660,-1134714,-450576,-630,0
-33152,-287961,324362,3249,-157524,-1329524,1486837,-211,0
-5547,-58274,63822,1,-8876,-93239,102115,0,1
-550,389,160,-1,-15882,11243,4639,0,1
313961,-301612,-11051,1298,1442219,-1385453,-57605,-839,0
-82554,-58503,142355,1298,-959595,-664657,1624251,-1,0
0,-208206,208206,0,0,-269443,269443,0,1
738,-1413,674,-1,8534,-16328,7793,-1,1
92003,-238359,146356,0,119063,-308465,189402,0,1
-768979,1015988,-245060,1949,-1184150,1566646,-381241,1255,0
417965,662374,-1076441,3898,626742,992900,-1619224,418,0
-643525,1049789,-405616,648,-991644,1620271,-627371,1256,0
1027038,-822281,-203458,1299,1542556,-1236308,-306459,-211,0
0,0,0,0,0,0,0,0,1
-214509,1017288,-802131,648,-327406,1549888,-1221645,837,0
3325,2300,-5625,0,9600,6643,-16244,-1,1
30000,30000,30000,90000,60000,60000,60000,180000,1
1320,4103,-5423,0,3813,11848,-15661,0,1
0,0,0,0,0,0,0,0,1
625973,-31202,-596723,-1952,1447246,-68079,-1378959,208,0
11050,-128055,118954,1949,120865,-1471546,1350260,-421,0
36401,286010,-320463,1948,160037,1328266,-1487466,837,0
30000,30000,30000,90000,60000,60000,60000,180000,1
390,270,-661,-1,739,511,-1251,-1,1
1004937,-865183,-139106,648,1507574,-1298522,-209264,-212,0
-532370,-136506,672125,3249,-1228558,-317352,1546117,207,0
-709177,1036138,-325663,1298,-1092401,1598276,-504620,1255,0
22750,108554,-130655,649,258070,1268357,-1525381,1046,0
-410816,1075790,-664325,649,-618154,1618804,-999814,836,0
1087490,-547971,-538871,648,1633258,-824066,-809403,-211,0
395864,-1074491,681225,2598,591969,-1614825,1022436,-420,0
319161,-25351,-291861,1949,1467984,-114582,-1353613,-211,0
-21850,-47314,69165,1,-34961,-75703,110664,0,1
771578,276910,-1048490,-2,1161526,413918,-1575026,418,0
0,0,0,0,0,0,0,0,1
-332813,267160,67602,1949,-1542348,1235888,307505,1045,0
-118955,-3901,126104,3248,-1395089,-36868,1432583,626,0
284060,-328263,44201,-2,1305433,-1503386,197323,-630,0
978286,-364014,-616224,-1952,1615243,-600978,-1015105,-840,0
30000,30000,30000,90000,60000,60000,60000,180000,1
566821,-287311,-279511,-1,1632839,-826999,-806261,-421,0
0,0,0,0,0,0,0,0,1
-702027,1067990,-364664,1299,-1055743,1607702,-550914,1045,0
-215159,1017288,-801481,648,-328244,1550516,-1220807,1465,0
537,-607,69,-1,1018,-1149,131,0,1
-99454,-36402,137805,1949,-1159641,-415804,1575653,208,0
-1001688,198907,806680,3899,-1540882,303106,1238611,835,0
30000,30000,30000,90000,60000,60000,60000,180000,1
-21451,-928235,953585,3899,-34354,-1397393,1431536,-211,0
0,0,0,0,0,0,0,0,1
-586972,-494019,1086190,5199,-884813,-746352,1631163,-2,0
90353,250259,-339963,649,410147,1164668,-1573978,837,0
-293161,1040038,-745578,1299,-447853,1584870,-1135761,1256,0
783279,261959,-1041990,3248,1178493,390457,-1568323,627,0
-109146,-130940,240086,0,-141248,-169451,310700,1,1
330212,-54603,-275611,-2,1520981,-245502,-1275689,-210,0
795629,-1038739,245059,1949,1194203,-1562876,368671,-2,0
30000,30000,30000,90000,60000,60000,60000,180000,1
-126,7,118,-1,-14553,854,13698,-1,1
983486,-889234,-92954,1298,1479086,-1339788,-139719,-421,0
-2310,9491,-7180,1,-6602,27119,-20516,1,1
676675,398464,-1071891,3248,1018037,597206,-1614825,418,0
-522,73,448,-1,-15090,2132,12958,0,1
-469,-172,642,1,-889,-325,1215,1,1
68252,-888584,820980,648,111439,-1467147,1355707,-1,0
139105,-41602,-95554,1949,1588850,-467753,-1121517,-420,0
-646,457,188,-1,-1223,866,357,0,1
347,-664,317,0,657,-1258,600,-1,1
248309,-345163,99453,2599,1134294,-1585709,450575,-840,0
-16507,67798,-51291,0,-26411,108478,-82066,1,1
-437467,-639624,1081640,4549,-660258,-963575,1623622,-211,0
0,-61237,61237,0,0,-97979,97979,0,1
-189808,-163807,354913,1298,-876853,-754940,1631792,-1,0
-128055,348413,-219059,1299,-598045,1615662,-1017200,417,0
484918,10400,-496619,-1301,1397392,33306,-1430908,-210,0
65328,-56098,-9229,1,104525,-89757,-14767,1,1
-1045890,274960,775479,4549,-1573769,410566,1164039,836,0
-272361,-57853,332812,2598,-1261864,-266240,1528522,418,0
657824,420565,-1075791,2598,989758,630722,-1619853,627,0
566171,-286661,-281461,-1951,1633049,-823438,-809822,-211,0
354263,-159256,-193708,1299,1630116,-729384,-900943,-211,0
141705,-90354,-49402,1949,1612939,-1029140,-584429,-630,0
1017938,-770929,-243760,3249,1564342,-1188130,-376842,-630,0
1396,-506,-889,1,16133,-5853,-10279,1,1
-58503,-886634,949035,3898,-91540,-1366810,1458139,-211,0
-194358,-826831,1024438,3249,-293262,-1245106,1538367,-1,0
30000,30000,30000,90000,60000,60000,60000,180000,1
986736,-102704,-882734,1298,1486208,-156267,-1329524,417,0
-46152,951635,-904184,1299,-71640,1449550,-1376864,1046,0
417315,660424,-1076441,1298,628418,991643,-1619434,627,0
-329563,560971,-231409,-1,-952682,1625926,-672198,1046,0
-274961,-770929,1047839,1949,-412871,-1162155,1575234,208,0
-214509,-811231,1029638,3898,-326149,-1223112,1549469,208,0
460867,620773,-1079691,1949,693983,934038,-1626975,1046,0
281460,-703327,423815,1948,645385,-1622576,976561,-630,0
1054989,-706577,-348414,-2,1603094,-1072920,-530385,-211,0
668225,-1075791,409515,1949,1002326,-1618386,615849,-211,0
-633774,586321,46151,-1302,-1462120,1361362,102222,1464,0
916534,-966587,52651,2598,1374350,-1451856,77295,-211,0
415365,-1079041,666274,2598,619829,-1619015,998765,-421,0
-262610,-436817,702026,2599,-607052,-1009868,1616500,-420,0
911984,-791730,-120255,-1,1502547,-1305853,-197114,-420,0
109204,23400,-131305,1299,1246153,291585,-1537111,627,0
5818,4026,-9845,-1,16625,11504,-28129,0,1
-536921,422515,114404,-2,-1548632,1223529,326148,1045,0
-1034189,768978,270410,5199,-1572721,1167810,405958,1047,0
300961,750778,-1052390,-651,454974,1131571,-1585709,836,0
-256,564,-308,0,-7415,16311,-8896,0,1
109204,-133906,27301,2599,1240497,-1540882,299755,-630,0
-656,238,418,0,-1243,451,792,0,1
706576,-347764,-358814,-2,1632839,-800396,-833073,-630,0
874282,-960086,87753,1949,1342929,-1476783,133853,-1,0
707226,364013,-1067991,3248,1062235,543581,-1605399,417,0
-864533,1000387,-135206,648,-1299569,1506946,-206122,1255,0
-176807,-376365,554470,1298,-512580,-1087373,1599533,-420,0
1061489,-508320,-551221,1948,1632630,-784685,-848365,-420,0
237258,713076,-950986,-652,392761,1177236,-1568951,1046,0
-484269,-10401,495968,1298,-1398231,-31631,1430070,208,0
-482,-14,497,1,-13927,-427,14354,0,1
-943186,935385,11050,3249,-1420644,1408075,13825,1256,0
1396,-506,-889,1,16133,-5853,-10279,1,1
-234009,-112455,348413,1949,-1082974,-517608,1600161,-421,0
-99454,-37052,138455,1949,-1155033,-422297,1577119,-211,0
0,0,0,0,0,0,0,0,1
-1084891,472567,614273,1949,-1628232,709902,919585,1255,0
416015,-1079041,665624,2598,621295,-1619434,997508,-631,0
848281,16900,-865183,-2,1400115,27440,-1427766,-211,0
-297712,312661,-13001,1948,-1376655,1449341,-71850,836,0
0,0,0,0,0,0,0,0,1
36946,33740,-70686,0,59113,53984,-113098,-1,1
-178107,352313,-172257,1949,-830979,1633886,-801652,1255,0
650,939935,-941236,-651,1885,1413940,-1414988,837,0
-50000,-18301,68301,0,-80000,-29282,109282,0,1
273660,56552,-330213,-1,1260606,269381,-1529361,626,0
393914,-1073841,683175,3248,587780,-1613988,1025997,-211,0
-700077,438116,263259,1298,-1615663,1013009,603490,836,0
927584,26000,-952936,648,1395716,37076,-1432584,208,0
-759229,-170307,930834,1298,-1251390,-282998,1534806,418,0
-362714,-344513,709176,1949,-835168,-797672,1633049,209,0
785229,258709,-1040689,3249,1181216,386267,-1567066,417,0
0,0,0,0,0,0,0,0,1
-1034189,768328,270410,4549,-1572721,1167600,406377,1256,0
-1084891,619473,468017,2599,-1627184,929011,699848,1675,0
-52652,138455,-84504,1299,-623391,1619642,-995415,836,0
-570072,-514170,1088790,4548,-857372,-775049,1632630,209,0
9899,-4949,-4949,1,28284,-14142,-14142,0,1
733877,-1060190,329562,3249,1101197,-1595973,494565,-211,0
-5226,738,4487,-1,-15090,2132,12958,0,1
0,0,0,0,0,0,0,0,1
45501,-139756,96853,2598,500430,-1597230,1095961,-839,0
-642225,1050439,-406916,1298,-990387,1620690,-628838,1465,0
-357514,-707877,1069290,3899,-538555,-1066426,1604560,-421,0
100,36,-136,0,11550,4227,-15777,0,1
-245710,341262,-94904,648,-1137018,1584451,-446806,627,0
1010787,-824231,-184607,1949,1534806,-1252228,-282789,-211,0
-1057590,750128,308111,649,-1586756,1127591,460211,1046,0
-514820,-568122,1086840,3898,-774840,-857582,1632630,208,0
-259360,-783930,1045239,1949,-388572,-1179541,1568531,418,0
133254,864532,-997788,-2,200884,1303967,-1503595,1256,0
-353614,157955,196307,648,-1630117,731478,899475,836,0
30000,30000,30000,90000,60000,60000,60000,180000,1
1083590,-620124,-462168,1298,1627602,-932782,-695031,-211,0
566821,82553,-648075,1299,1308575,192086,-1500453,208,0
-254160,-85804,341912,1948,-1176190,-393181,1569369,-2,0
369863,183306,-555771,-2602,1070614,532898,-1603095,417,0
-1074491,687725,388064,1298,-1611893,1032490,580448,1045,0
918,472,-1390,0,10608,5452,-16060,0,1
-989338,433566,555770,-2,-1628860,714092,915395,627,0
-70492,40050,30441,-1,-112788,64081,48706,-1,1
-9101,126104,-115705,1298,-120447,1471336,-1350052,837,0
470,-642,172,0,890,-1215,325,0,1
9777,-3547,-6229,1,27936,-10136,-17799,1,1
134,-29,-105,0,15534,-3396,-12138,0,1
3059,-9683,6624,0,8740,-27666,18925,-1,1
-6429,9733,-3304,0,-18369,27810,-9441,0,1
192407,160556,-351014,1949,878737,753054,-1631374,417,0
-333463,267160,68902,2599,-1543186,1234003,310647,1464,0
-82554,-58503,142355,1298,-960223,-664029,1624041,-211,0
-191758,-828782,1023138,2598,-288025,-1248248,1536482,209,0
522619,553170,-1073191,2598,793063,840613,-1632631,1045,0
50051,-328913,280810,1948,225811,-1514279,1287838,-630,0
-63703,639623,-577222,-1302,-148936,1483695,-1333713,1046,0
-141056,-210608,353613,1949,-652717,-970487,1622784,-420,0
205,444,-650,-1,388,842,-1231,-1,1
224258,-947086,724777,1949,367415,-1562248,1194622,-211,0
0,489,-489,0,0,14145,-14145,0,1
-980887,889883,94903,3899,-1478459,1339996,139927,1464,0
-248310,1039388,-791080,-2,-373281,1564342,-1190015,1046,0
930184,-26651,-903534,-1,1435306,-42942,-1392365,-1,0
30000,30000,30000,90000,60000,60000,60000,180000,1
30000,30000,30000,90000,60000,60000,60000,180000,1
-19501,314611,-293812,1298,-96986,1461071,-1363249,836,0
7000,2562,-9562,0,20000,7320,-27320,0,1
-5172,-4723,9896,1,-14778,-13496,28274,0,1
-32502,-103354,137155,1299,-388153,-1179960,1568112,-1,0
482318,-499869,18200,649,1386499,-1440754,54043,-212,0
139105,-41602,-96204,1299,1588431,-465868,-1122774,-211,0
1004937,-865833,-137156,1948,1506737,-1299988,-207378,-629,0
841781,137805,-976987,2599,1297473,210520,-1507575,418,0
-469,642,-172,1,-889,1215,-325,1,1
738,-1413,674,-1,8534,-16328,7793,-1,1
0,0,0,0,0,0,0,0,1
614,-527,-86,1,1162,-998,-164,0,1
-537,-69,607,1,-1018,-131,1149,0,1
372463,-1068641,700076,3898,555521,-1608541,1052809,-211,0
30000,30000,30000,90000,60000,60000,60000,180000,1
-214212,201630,12582,0,-277216,260933,16283,0,1
770278,279510,-1049140,648,1159221,416850,-1575864,207,0
-458918,-597373,1059539,3248,-707599,-921261,1628859,-1,0
-62403,967886,-907434,-1951,-92168,1458977,-1365762,1047,0
-52002,138455,-85154,1299,-617735,1618595,-1000023,837,0
986086,-567472,-419266,-652,1626764,-936762,-690632,-630,0
-1951,-939286,945135,3898,-5447,-1412265,1417501,-211,0
-140406,60452,80603,649,-1628232,708436,920632,836,0
204757,-352964,152105,3898,934667,-1627813,692935,-211,0
841781,139105,-978287,2599,1296216,212824,-1508413,627,0
648724,-82554,-566172,-2,1500243,-191249,-1308786,208,0
-524570,78002,447866,1298,-1512603,223297,1289932,626,0
-408866,-295762,705926,1298,-941580,-684767,1626345,-2,0
-253510,563571,-309412,649,-732945,1631373,-897172,1256,0
64,-141,77,0,7415,-16311,8896,0,1
102053,35751,-133906,3898,1156289,420830,-1576911,208,0
-463468,692275,-227509,1298,-1072710,1603513,-529757,1046,0
-228159,1031588,-804081,-652,-342698,1554915,-1211172,1045,0
-349714,130654,221008,1948,-1616501,608518,1008192,209,0
-106604,-26001,135855,3250,-1241545,-297452,1539414,417,0
256,-564,308,0,7415,-16311,8896,0,1
68902,-889234,820980,648,113324,-1468195,1354450,-421,0
-204988,-6293,211281,0,-265279,-8144,273423,0,1
-202808,1022488,-818381,1299,-307087,1543394,-1235470,837,0
-5656,2828,2828,0,-16334,8167,8167,0,1
-103,620,-516,1,-196,1175,-978,1,1
492068,-1086191,597372,3249,735458,-1631374,895286,-630,0
-968537,912634,56552,649,-1453113,1372255,82113,1255,0
-134556,30551,106603,2598,-1554916,346467,1209285,836,0
-56124,-174391,230515,0,-72631,-225683,298314,0,1
-5818,9845,-4026,1,-16625,28129,-11504,0,1
-938636,-1951,944485,3898,-1411427,-5028,1417292,837,0
299661,265859,-565522,-2,863236,769393,-1632212,417,0
-3059,9683,-6624,0,-8740,27666,-18925,1,1
2955,-5654,2699,0,8534,-16328,7793,-1,1
-662,376,286,0,-1254,712,541,-1,1
1082290,-580472,-502469,-651,1631792,-876225,-755778,-211,0
-27059,70105,-43045,1,-43295,112169,-68873,1,1
505068,-33802,-473218,-1952,1458767,-93844,-1364925,-2,0
458917,55252,-514820,-651,1325962,162760,-1488723,-1,0
-193058,-828132,1023788,2598,-290539,-1246991,1537320,-210,0
-663675,1073190,-407566,1949,-1001280,1618595,-616060,1255,0
1375,-973,-401,1,15882,-11243,-4639,0,1
0,0,0,0,0,0,0,0,1
-37609,-186838,224447,0,-48670,-241791,290462,1,1
4301,1030,-5332,-1,12420,2976,-15397,-1,1
-845682,994537,-146256,2599,-1287629,1514278,-224974,1675,0
-5379,4203,1176,0,-15534,12138,3396,0,1
-1320,-4103,5423,0,-3813,-11848,15661,0,1
927584,-957486,33151,3249,1389851,-1438240,48178,-211,0
-114,129,-14,1,-13214,14922,-1707,1,1
841781,136505,-976987,1299,1298102,209472,-1506947,627,0
-138456,89053,51351,1948,-1611893,1033328,579401,836,0
-792380,1036788,-243760,648,-1192110,1563294,-369720,1464,0
-63053,640273,-576572,648,-148307,1483485,-1333923,1255,0
-381565,-663675,1049139,3899,-589247,-1024741,1613987,-1,0
0,0,0,0,0,0,0,0,1
231408,-1034839,806030,2599,345420,-1555754,1209914,-420,0
-141313,239099,-97786,0,-182875,309422,-126546,1,1
-789780,1023138,-232059,1299,-1201955,1558895,-355685,1255,0
0,0,0,0,0,0,0,0,1
-947736,20800,931484,4548,-1427557,28069,1400534,1046,0
-341263,246359,96853,1949,-1581729,1142464,439892,627,0
-6429,9733,-3304,0,-18369,27810,-9441,0,1
1068640,-703327,-364664,649,1606864,-1057209,-550076,-421,0
-362064,-344513,708526,1949,-834330,-798510,1633049,209,0
549270,-393265,-155356,649,1584660,-1135133,-449948,-421,0
378964,-1061490,686425,3899,570184,-1611055,1040660,-211,0
-505719,31851,473867,-1,-1458140,92586,1366180,626,0
-46152,-464118,512219,1949,-136577,-1341673,1478039,-211,0
567471,-286661,-280161,649,1632839,-823228,-810031,-420,0
241159,711126,-951636,649,399045,1172837,-1571046,836,0
-798880,-232059,1036788,5849,-1204678,-352543,1557638,417,0
-510270,987386,-479068,-1952,-842081,1633677,-790550,1046,0
5226,-738,-4487,1,15090,-2132,-12958,0,1
0,0,0,0,0,0,0,0,1
936685,7800,-943186,1299,1409751,9845,-1418968,628,0
141705,-52652,-87104,1949,1613568,-589666,-1024112,-210,0
-315912,-653925,970486,649,-520750,-1080670,1600790,-630,0
648724,-82554,-566822,-652,1499824,-190202,-1309414,208,0
12350,-128055,118304,2599,127778,-1474269,1346071,-420,0
0,0,0,0,0,0,0,0,1
-313962,-655225,970486,1299,-517608,-1082974,1600371,-211,0
-135206,29251,107254,1299,-1553659,342278,1212008,627,0
-598673,1080990,-481669,648,-902828,1630535,-726452,1255,0
56552,83853,-138456,1949,631560,988711,-1619853,418,0
-689026,481668,209957,2599,-1591365,1113137,479064,836,0
915234,-137806,-780030,-2602,1514278,-228116,-1286163,-1,0
-1076441,412115,666924,2598,-1617968,618782,999603,417,0
938635,4550,-941236,1949,1412474,3770,-1416245,-1,0
-662,376,286,0,-1254,712,541,-1,1
4576,-5167,591,0,13214,-14922,1707,-1,1
368563,689675,-1056940,1298,559920,1049039,-1608332,627,0
-1015989,837231,182006,3248,-1529780,1259978,271267,1465,0
421215,657824,-1077091,1948,632816,988082,-1620272,626,0
-178107,351663,-172257,1299,-828884,1633886,-803957,1045,0
563,-243,-320,0,16283,-7032,-9251,0,1
-128705,540170,-411466,-1,-374538,1564551,-1189386,627,0
-571372,-515470,1088790,1948,-856953,-775678,1632630,-1,0
-703977,297061,409515,2599,-1625927,684556,942627,1256,0
696826,-245710,-451117,-1,1609588,-567043,-1042965,-420,0
-42902,-94904,140405,2599,-511952,-1087583,1599114,-421,0
368563,185256,-555771,-1952,1065797,538554,-1604352,-1,0
852181,-1009488,159255,1948,1280087,-1519306,239217,-2,0
22,109,-132,-1,2555,12694,-15249,0,1
-85804,-810581,897033,648,-142232,-1338321,1480343,-210,0
101403,-137806,38351,1948,1151471,-1579425,427533,-421,0
-687076,193707,494668,1299,-1583405,447433,1136808,836,0
30000,30000,30000,90000,60000,60000,60000,180000,1
-848932,1008187,-157306,1949,-1279041,1519305,-239218,1046,0
0,-1224,1224,0,0,-14145,14145,0,1
-140,60,80,0,-16283,7032,9251,0,1
598672,26650,-624674,648,1382310,62213,-1444315,208,0
-9868,5607,4261,0,-28197,16020,12176,-1,1
-9777,3547,6229,-1,-27936,10136,17799,-1,1
5172,-9896,4723,-1,14778,-28274,13496,0,1
-741028,-312662,1058239,4549,-1116909,-473409,1590735,417,0
30000,30000,30000,90000,60000,60000,60000,180000,1
648724,-1053040,406915,2599,993947,-1619853,625485,-421,0
1043289,-780680,-260010,2599,1568950,-1177656,-391714,-420,0
-369214,978286,-610373,-1301,-609775,1617757,-1007145,837,0
-261310,-303562,565521,649,-752636,-879157,1631792,-1,0
-360764,-706577,1069290,1949,-541487,-1064122,1605189,-420,0
-655875,556420,101403,1948,-1514488,1286371,229163,1046,0
239675,-136173,-103501,1,310167,-176224,-133943,0,1
0,0,0,0,0,0,0,0,1
505,-626,121,0,957,-1186,229,0,1
-1075791,689025,386764,-2,-1611683,1033747,578773,837,0
986086,-432267,-555121,-1302,1628859,-714721,-914558,-420,0
1008187,-178757,-826831,2599,1530826,-272524,-1258093,209,0
511569,572671,-1084241,-1,771068,861980,-1632212,836,0
-607773,-471268,1083590,4549,-915606,-713255,1629278,417,0
-366614,1066039,-698127,1298,-553427,1608121,-1053439,1255,0
-192408,-828132,1023788,3248,-290330,-1246991,1537320,-1,0
-64353,640924,-575272,1299,-151449,1484742,-1332247,1046,0
927584,-956836,31851,2599,1391108,-1437193,45455,-630,0
770278,-1052390,284060,1948,1153356,-1578796,425229,-211,0
-75403,335412,-258710,1299,-353800,1558267,-1203840,627,0
659774,403665,-1063440,-1,1004631,613126,-1617130,627,0
-599323,-25351,627273,2599,-1382101,-61376,1444314,837,0
675375,-1065390,393914,3899,1019294,-1615454,596159,-1,0
-1260,74,1186,0,-14553,854,13698,-1,1
-375715,705276,-327613,1948,-871197,1632630,-760177,1256,0
0,0,0,0,0,0,0,0,1
1010787,-825531,-182657,2599,1533549,-1254323,-279228,-2,0
640273,442016,-1079691,2598,962317,662143,-1623623,837,0
1087490,-543421,-542771,1298,1633258,-818201,-815268,-211,0
208007,807980,-1014689,1298,314837,1231280,-1544652,1465,0
21850,-69165,47314,-1,34961,-110664,75703,0,1
-1053690,706576,351663,4549,-1602467,1072709,531013,1255,0
-539521,122204,417315,-2,-1557011,353170,1204677,836,0
93603,435516,-529120,-1,267496,1262282,-1528732,1046,0
0,0,0,0,0,0,0,0,1
226858,-349714,125454,2598,1040450,-1611264,569975,-839,0
254,-658,404,0,481,-1247,766,0,1
8820,-8302,-518,0,25201,-23721,-1480,0,1
506368,-35752,-471918,-1302,1461490,-99709,-1361992,-211,0
-33802,-287961,324362,2599,-160666,-1327848,1488093,-421,0
-44852,950335,-904834,649,-68708,1448294,-1378331,1255,0
521319,554470,-1073191,2598,791597,842289,-1632631,1255,0
0,0,0,0,0,0,0,0,1
1074490,-571372,-501169,1949,1632211,-869103,-763109,-1,0
330,-1355,1025,0,3813,-15661,11848,0,1
1144,-1291,147,0,13214,-14922,1707,-1,1
-5818,9845,-4026,1,-16625,28129,-11504,0,1
-494669,-189158,686425,2598,-1142674,-439055,1581937,208,0
-892484,-50702,947085,3899,-1371418,-81485,1453530,627,0
85803,810580,-896384,-1,141184,1339158,-1479716,626,0
-845032,995187,-148206,1949,-1286372,1515115,-227278,1465,0
-419916,700726,-278861,1949,-973001,1622994,-649156,837,0
-706577,345812,364013,3248,-1632631,797881,835586,836,0
-20151,315261,-292511,2599,-102433,1463585,-1360107,1045,0
30000,30000,30000,90000,60000,60000,60000,180000,1
-351014,1041339,-689026,1299,-541487,1605817,-1063703,627,0
-685126,1070590,-384165,1299,-1031863,1612939,-579821,1255,0
-312662,-390665,707226,3899,-723729,-905760,1629906,417,0
-106604,-25351,135205,3250,-1244897,-292424,1537948,627,0
947735,-14951,-929535,3249,1427346,-25975,-1400954,417,0
-534321,-525870,1062139,1948,-821343,-811917,1633468,208,0
-64,141,-77,0,-7415,16311,-8896,0,1
-117005,661074,-543421,648,-272734,1531664,-1257884,1046,0
256109,83203,-338013,1299,1176817,392342,-1568951,208,0
-301,663,-362,0,-571,1256,-685,0,1
142355,-81254,-59153,1948,1627602,-929431,-698592,-421,0
144955,-1003638,861932,3249,216385,-1510508,1294122,-1,0
1083590,-508970,-573972,648,1632420,-769184,-863656,-420,0
707226,-346463,-360114,649,1632839,-797672,-835587,-420,0
0,0,0,0,0,0,0,0,1
116354,-130655,17550,3249,1318211,-1494588,175957,-420,0
475167,-1084241,612322,3248,710112,-1629279,918956,-211,0
209307,479067,-687726,648,482834,1110205,-1592202,837,0
256,-564,308,0,7415,-16311,8896,0,1
530419,-1075791,549920,4548,800604,-1634097,833072,-421,0
1005587,-863883,-141056,648,1508412,-1297265,-210939,208,0
-174,-378,553,1,-5047,-10929,15977,1,1
-337363,78002,260659,1298,-1560781,365110,1196089,418,0
-91,-47,139,1,-10608,-5452,16060,0,1
-165107,-187858,355563,2598,-765833,-866589,1632211,-211,0
334762,226858,-562272,-652,965669,658163,-1623414,418,0
-850232,-15601,867132,1299,-1399697,-28279,1428603,627,0
30000,30000,30000,90000,60000,60000,60000,180000,1
-370514,1066039,-695527,-2,-560130,1609378,-1048202,1046,0
1084240,-616224,-466068,1948,1628231,-926917,-701525,-211,0
122204,2600,-122205,2599,1395088,37914,-1432794,208,0
313961,391314,-704627,648,724356,905759,-1629489,626,0
796279,-1026389,232708,2598,1205096,-1558268,352752,-420,0
508969,-681226,174856,2599,1170742,-1572302,400930,-630,0
116354,-130655,16900,2599,1320306,-1493122,172814,-2,0
45922,-69526,23603,-1,73476,-111242,37765,-1,1
898983,-963987,68902,3898,1360734,-1463377,102851,208,0
-831,1406,-575,0,-9600,16244,-6643,1,1
1000387,-196958,-802781,648,1541509,-304364,-1237356,-211,0
-81254,978936,-897684,-2,-122542,1472383,-1348795,1046,0
-769629,-277561,1052389,5199,-1156918,-419365,1576700,417,0
457,-516,59,0,13214,-14922,1707,-1,1
-1058240,311361,750128,3249,-1588013,465238,1123402,627,0
105953,-345813,241809,1949,479064,-1592412,1112509,-839,0
-362064,-344513,708526,1949,-834959,-798091,1633049,-1,0
-558,355,202,-1,-16133,10279,5853,-1,1
-92003,-146356,238359,0,-119063,-189402,308465,0,1
-237456,86157,151298,-1,-307296,111497,195798,-1,1
-1073191,568771,508969,4549,-1631793,863655,769602,1464,0
60290,-62141,1850,-1,96465,-99426,2961,0,1
-22,-109,132,1,-2555,-12694,15249,0,1
911334,-792380,-119605,-651,1501919,-1306691,-195648,-420,0
238558,712426,-950986,-2,395274,1175351,-1569998,627,0
5500,-1606,-3893,1,15882,-4639,-11243,0,1
-563,243,320,0,-16283,7032,9251,0,1
-495969,-588273,1087490,3248,-746142,-885232,1631582,208,0
0,0,0,0,0,0,0,0,1
274310,55902,-328913,1299,1261653,267496,-1528732,417,0
-980237,362063,619473,1299,-1614616,596368,1019084,836,0
-632,493,138,-1,-1197,935,261,-1,1
30000,30000,30000,90000,60000,60000,60000,180000,1
-304212,-3251,309411,1948,-1405772,-16758,1422738,208,0
-960736,689025,271060,-651,-1583195,1138274,446386,1465,0
776,-8935,8158,-1,2219,-25528,23309,0,1
-1035489,231408,807330,3249,-1554916,346467,1209495,1046,0
-253510,563571,-310062,-1,-734412,1631373,-895706,1255,0
-1951,-488819,492068,1298,-7542,-1411218,1418130,-630,0
-784580,-255460,1044589,4549,-1181217,-386059,1567484,208,0
-21850,-47314,69165,1,-34961,-75703,110664,0,1
299011,265859,-564872,-2,863027,770021,-1632212,836,0
44,466,-510,0,1281,13461,-14742,0,1
-157956,-517420,677325,1949,-365530,-1196299,1561409,-420,0
-1375,401,973,-1,-15882,4639,11243,0,1
0,0,0,0,0,0,0,0,1
254,-658,404,0,481,-1247,766,0,1
1409,-801,-608,0,16283,-9251,-7032,0,1
-971137,113754,859332,1949,-1492493,173443,1319887,837,0
-1051090,766378,286660,1948,-1578377,1152099,427324,1046,0
-1054990,704626,353613,3249,-1603304,1069777,534783,1256,0
656,-238,-418,0,1243,-451,-792,0,1
30000,30000,30000,90000,60000,60000,60000,180000,1
5656,-2828,-2828,0,16334,-8167,-8167,0,1
-3325,5625,-2300,0,-9600,16244,-6643,1,1
92003,146356,-238359,0,119063,189402,-308465,0,1
-1062790,720226,345812,3248,-1599743,1083183,517816,1256,0
9145,-7853,-1292,0,26131,-22439,-3691,1,1
375064,-1068641,697476,3899,560548,-1609379,1048829,-2,0
26000,-930835,906783,1948,38333,-1433632,1395088,-211,0
-233773,165491,68281,-1,-302530,214165,88364,-1,1
-247660,1039388,-791080,648,-372652,1564132,-1190643,837,0
352963,-1042640,692925,3248,539811,-1605190,1064959,-420,0
130654,866482,-996488,648,197532,1306062,-1502339,1255,0
-37052,955535,-919135,-652,-54673,1441800,-1386081,1046,0
508969,-1061490,554470,1949,779657,-1633469,852972,-840,0
841781,-875583,34451,649,1385242,-1442429,56557,-630,0
-67603,887933,-820331,-1,-112068,1468194,-1354870,1256,0
-664975,1060839,-393915,1949,-1013429,1616291,-601816,1046,0
-5547,-58274,63822,1,-8876,-93239,102115,0,1
-105954,-881434,990637,3249,-160666,-1327848,1488093,-421,0
399,-546,146,-1,11549,-15777,4227,-1,1
-4301,5332,-1030,1,-12420,15397,-2976,1,1
-929535,-22751,955535,3249,-1395508,-36658,1432374,208,0
-289261,-31202,321762,1299,-1338950,-139719,1479086,417,0
5226,-4487,-738,1,15090,-12958,-2132,0,1
30000,30000,30000,90000,60000,60000,60000,180000,1
0,0,0,0,0,0,0,0,1
-99454,-36402,138455,2599,-1156918,-419574,1576491,-1,0
984136,-889234,-93604,1298,1479505,-1339159,-140766,-420,0
178756,374414,-554471,-1301,515093,1085068,-1599534,627,0
-256,-308,564,0,-7415,-8896,16311,0,1
-704627,-247660,954885,2598,-1162574,-411824,1574815,417,0
-839182,-159256,1003637,5199,-1275899,-244246,1520771,626,0
707226,361413,-1067991,648,1063492,541905,-1605190,207,0
-490769,1083590,-591523,1298,-739439,1631582,-891097,1046,0
169006,184606,-351014,2598,769812,862608,-1632212,208,0
-1032889,261309,776779,5199,-1569160,393599,1176608,1047,0
669525,-1075141,406915,1299,1005049,-1617968,612707,-212,0
-45922,69526,-23603,1,-73476,111242,-37765,1,1
736477,-1059540,326312,3249,1104758,-1594716,489537,-421,0
-53768,-12885,66654,1,-86030,-20617,106647,0,1
30000,30000,30000,90000,60000,60000,60000,180000,1
-1060840,577871,484268,1299,-1630536,889630,742161,1255,0
131954,-113755,-16901,1298,1506527,-1299779,-207378,-630,0
-360114,-706577,1069290,2599,-541697,-1063912,1605189,-420,0
998437,-191108,-806031,1298,1539414,-297452,-1241964,-2,0
221008,786529,-1008188,-651,342068,1212637,-1553659,1046,0
-1006238,146905,863232,3899,-1510508,218480,1293074,1046,0
656,-418,-238,0,1243,-792,-451,0,1
305511,2600,-306812,1299,1406609,15500,-1422111,-2,0
2310,7180,-9491,-1,6602,20516,-27119,-1,1
-110,-1165,1276,1,-1281,-13461,14742,0,1
-128705,540170,-412116,-651,-373700,1564551,-1190015,836,0
-730628,1045889,-313312,1949,-1112300,1592201,-478646,1255,0
378964,689675,-1067991,648,572698,1038775,-1610636,837,0
787179,241159,-1027039,1299,1196089,365529,-1560991,627,0
-156137,236390,-80252,1,-202060,305917,-103856,1,1
9625,-2811,-6814,0,27502,-8033,-19469,0,1
-153406,351663,-195658,2599,-715140,1629697,-913720,837,0
-821631,991287,-167707,1949,-1264797,1527684,-261632,1255,0
1005587,-144956,-859983,648,1511345,-219109,-1291819,417,0
11,116,-127,0,1281,13461,-14742,0,1
290560,29251,-319162,649,1338320,141394,-1479506,208,0
22750,108554,-130655,649,259955,1267100,-1526009,1046,0
927584,26650,-953586,648,1394878,38961,-1433422,417,0
65328,-9229,-56098,1,104525,-14767,-89757,1,1
786529,241809,-1026389,1949,1195879,365739,-1560991,627,0
-170957,550570,-380265,-652,-497079,1596600,-1098894,627,0
9625,-2811,-6814,0,27502,-8033,-19469,0,1
-607123,-469968,1083590,6499,-916444,-711998,1629278,836,0
57206,-64597,7391,0,91529,-103355,11826,0,1
-223609,347763,-120905,3249,-1040451,1611263,-569557,1255,0
-422516,700726,-275611,2599,-978866,1622365,-642244,1255,0
1414,-707,-707,0,16334,-8167,-8167,0,1
0,0,0,0,0,0,0,0,1
1025738,-823581,-200858,1299,1541090,-1239241,-302270,-421,0
945135,-936686,-5201,3248,1419177,-1410380,-8798,-1,0
107,-133,25,-1,12420,-15397,2976,-1,1
0,0,0,0,0,0,0,0,1
-154706,351013,-195008,1299,-718073,1629906,-911207,626,0
63003,-3700,-59302,1,100805,-5921,-94884,0,1
-705927,393914,313961,1948,-1628860,910577,719748,1465,0
-924335,957485,-31852,1298,-1388176,1439286,-49855,1255,0
608422,-619474,13000,1948,1400743,-1427976,26603,-630,0
50000,-68301,18301,0,80000,-109282,29282,0,1
884033,-61753,-825531,-3251,1462747,-102642,-1359897,208,0
155,-637,482,0,293,-1206,912,-1,1
-933435,33151,904833,4549,-1437612,48388,1389851,627,0
642,-1412,770,0,7415,-16311,8896,0,1
-458268,-620774,1082290,3248,-689166,-937810,1627393,417,0
0,0,0,0,0,0,0,0,1
-1018589,769628,250259,1298,-1565599,1184986,381868,1255,0
-20151,131304,-108555,2598,-255138,1525380,-1269196,1046,0
522,-448,-73,1,15090,-12958,-2132,0,1
814480,-1031589,220358,3249,1220178,-1551146,330338,-630,0
139105,-42252,-95554,1299,1589688,-471105,-1119004,-421,0
506368,-1060840,557070,2598,775258,-1633259,857371,-630,0
-46802,-911985,963986,5199,-73316,-1376864,1450179,-1,0
-367,-188,556,1,-10608,-5452,16060,0,1
109204,-133906,26650,1948,1240287,-1541091,300593,-211,0
-632,138,493,-1,-1197,261,935,-1,1
-729978,1058239,-326963,1298,-1099942,1595972,-494984,1046,0
155,482,-637,0,293,912,-1206,-1,1
568771,517419,-1085541,649,856533,776724,-1632212,1045,0
537570,-424466,-113105,-1,1549050,-1222902,-326568,-420,0
-5818,9845,-4026,1,-16625,28129,-11504,0,1
958785,-875583,-81904,1298,1473430,-1347538,-126313,-421,0
261959,437466,-697477,1948,603071,1013009,-1615454,626,0
-64,141,-77,0,-7415,16311,-8896,0,1
1060189,-577872,-479718,2599,1630535,-891726,-739020,-211,0
537,-420,-117,0,15534,-12138,-3396,0,1
0,0,0,0,0,0,0,0,1
48751,-952286,908734,5199,70382,-1448714,1378539,207,0
686425,-194358,-491419,648,1583822,-447853,-1136599,-630,0
-664,332,332,0,-1258,629,629,0,1
-451767,-244410,698776,2599,-1042756,-567043,1609797,-2,0
841781,-874933,35751,2599,1384404,-1442848,58023,-421,0
336062,-268461,-66303,1298,1545070,-1231490,-314210,-630,0
8450,850881,-860633,-1302,14453,1407865,-1421692,626,0
-523920,1082290,-557721,649,-790131,1633886,-842290,1465,0
-156137,-80252,236390,1,-202060,-103856,305917,1,1
-233359,-113105,348413,1949,-1080880,-519912,1600790,-2,0
178756,373764,-554471,-1951,515093,1084859,-1599534,418,0
-106604,132604,-24701,1299,-1238403,1541718,-302060,1255,0
-648075,-322413,973736,3248,-1069778,-533737,1603932,417,0
30000,30000,30000,90000,60000,60000,60000,180000,1
-330,1355,-1025,0,-3813,15661,-11848,0,1
30000,30000,30000,90000,60000,60000,60000,180000,1
226858,-694227,469317,1948,520120,-1601419,1080460,-839,0
30000,30000,30000,90000,60000,60000,60000,180000,1
-216,-344,560,0,-6250,-9943,16194,1,1
1320,-5423,4103,0,3813,-15661,11848,0,1
1023138,-274311,-750129,-1302,1577329,-422926,-1154614,-211,0
351663,-134556,-216459,648,1617338,-613546,-1004213,-421,0
-811231,1028988,-217759,-2,-1219341,1550935,-329920,1674,0
30000,30000,30000,90000,60000,60000,60000,180000,1
-341263,246359,97503,2599,-1581310,1143511,439054,1255,0
57206,-64597,7391,0,91529,-103355,11826,0,1
-1053690,345162,713076,4548,-1601000,522843,1078993,836,0
-1062790,721527,343862,2599,-1599324,1085277,515093,1046,0
-936686,921084,18200,2598,-1426091,1402629,24927,1465,0
566821,83203,-648075,1949,1308366,192505,-1500453,418,0
-451767,-243760,698776,3249,-1044431,-565158,1609378,-211,0
30000,30000,30000,90000,60000,60000,60000,180000,1
-510270,987386,-479068,-1952,-841871,1633886,-790760,1255,0
-664,332,332,0,-1258,629,629,0,1
30000,30000,30000,90000,60000,60000,60000,180000,1
1073190,-572022,-501169,-1,1632001,-869731,-762481,-211,0
36946,-70686,33740,0,59113,-113098,53984,-1,1
-1260,1186,74,0,-14553,13698,854,-1,1
-49402,326312,-276261,649,-230211,1515953,-1284906,836,0
401065,142355,-545371,-1951,1160269,414965,-1575445,-211,0
-141313,-97786,239099,0,-182875,-126546,309422,1,1
-260660,-304212,565521,649,-750960,-880833,1631792,-1,0
-53302,-87104,141705,1299,-625276,-994367,1619433,-210,0
254,-658,404,0,481,-1247,766,0,1
-333463,266509,69552,2598,-1544233,1232118,313371,1256,0
505068,-33802,-472568,-1302,1459396,-94473,-1364715,208,0
-241160,-709827,952935,1948,-398418,-1173048,1571045,-421,0
1017938,-187208,-830082,648,1535644,-285512,-1249715,417,0
-986737,107904,884033,5200,-1486628,159199,1328475,1046,0
481018,-500519,19500,-1,1385242,-1442429,56348,-839,0
524569,-76703,-447217,649,1511973,-221832,-1290143,-2,0
-1003638,865182,138455,-1,-1505062,1301453,205073,1464,0
852831,-1009488,159255,2598,1280087,-1519306,239217,-2,0
284710,752728,-1038089,-651,435493,1146444,-1580472,1465,0
-549271,392614,157305,648,-1584661,1134923,450575,837,0
5587,-2027,-3559,1,16133,-5853,-10279,1,1
484918,9100,-495969,-1951,1399487,28907,-1428395,-1,0
109204,-134556,27301,1949,1241125,-1540672,299126,-421,0
1409,-801,-608,0,16283,-9251,-7032,0,1
-759879,-169007,930834,1948,-1252438,-281322,1534177,417,0
-381565,-665625,1049139,1949,-586524,-1027045,1613358,-211,0
-221,1320,-1099,0,-2555,15249,-12694,0,1
1073840,-684476,-388065,1299,1612939,-1029140,-584429,-630,0
3999,-5464,1464,-1,11549,-15777,4227,-1,1
-334763,-226859,562921,1299,-967764,-655441,1623413,208,0
-9145,7853,1292,0,-26131,22439,3691,-1,1
605822,476467,-1080341,1948,913929,715558,-1629070,417,0
49401,913284,-961387,1298,74153,1376654,-1449551,1256,0
-877533,993887,-115055,1299,-1317793,1494797,-175748,1256,0
30000,30000,30000,90000,60000,60000,60000,180000,1
-3059,-6624,9683,0,-8740,-18925,27666,1,1
-221009,-787180,1010787,2598,-341441,-1212847,1553868,-420,0
33,102,-135,0,3813,11848,-15661,0,1
-35752,955535,-919785,-2,-52159,1440334,-1387338,837,0
-430,533,-103,0,-12420,15397,-2976,1,1
-124155,117654,9100,2599,-1453950,1371208,83789,1047,0
-106604,-25351,135205,3250,-1243011,-295357,1538786,418,0
-991938,503118,488818,-2,-1632631,829092,805003,1464,0
646,-457,-188,1,1223,-866,-357,0,1
-124155,6500,120254,2599,-1455207,86931,1368904,628,0
-709827,1036138,-325013,1298,-1093238,1598276,-503782,1256,0
-52002,139105,-85154,1949,-618573,1619014,-999185,1256,0
769628,-1053040,286010,2598,1151261,-1579425,427952,-212,0
1548,-9241,7693,0,4424,-26405,21981,0,1
91653,436816,-528470,-1,263307,1265215,-1527475,1047,0
1260,-74,-1186,0,14553,-854,-13698,1,1
-1053040,646774,408865,2599,-1618805,994576,625485,1256,0
-16507,67798,-51291,0,-26411,108478,-82066,1,1
41562,28760,-70323,-1,66500,46016,-112517,-1,1
-263260,334112,-68903,1949,-1220807,1550307,-328244,1256,0
558370,-358814,-200858,-1302,1611892,-1033748,-578564,-420,0
932134,-27952,-902884,1298,1435935,-44618,-1391318,-1,0
516119,570071,-1084241,1949,775258,857581,-1632421,418,0
116354,13650,-127405,2599,1321563,170510,-1491656,417,0
-633124,587622,46151,649,-1462120,1361572,101594,1046,0
-37609,-186838,224447,0,-48670,-241791,290462,1,1
-937336,922384,18850,3898,-1426091,1402419,25136,1464,0
526519,-1085541,562271,3249,787826,-1633469,845641,-2,0
-1344,294,1050,0,-15534,3396,12138,0,1
-5547,63822,-58274,1,-8876,102115,-93239,0,1
-46802,-464768,512869,1299,-136786,-1341464,1478039,-211,0
-31852,134555,-101404,1299,-376213,1565179,-1188130,836,0
-505,-121,626,0,-957,-229,1186,0,1
641574,-1082291,444616,3899,958547,-1625090,666332,-211,0
219058,341262,-561622,-1302,633445,987244,-1620272,417,0
-397165,546020,-148856,-1,-1147282,1580890,-432352,1256,0
-65328,9229,56098,-1,-104525,14767,89757,-1,1
-831,-575,1406,0,-9600,-6643,16244,1,1
83,57,-140,0,9600,6643,-16244,-1,1
45501,92953,-136506,1948,510903,1088420,-1598696,627,0
878832,-836582,-42252,-2,1447456,-1379169,-69126,-839,0
-134,29,105,0,-15534,3396,12138,0,1
735827,-1059540,326962,3249,1103921,-1594926,491003,-2,0
508969,-1061490,554470,1949,779238,-1633259,853601,-420,0
4576,591,-5167,0,13214,1707,-14922,-1,1
-285361,-752079,1041989,4549,-434866,-1146445,1581309,-2,0
30000,30000,30000,90000,60000,60000,60000,180000,1
-256,564,-308,0,-7415,16311,-8896,0,1
110504,879482,-988688,1298,167159,1324076,-1490399,836,0
-898334,974386,-73453,2599,-1353404,1468613,-113744,1465,0
-91,139,-47,1,-10608,16060,-5452,0,1
397814,-1074491,679925,3248,594483,-1615244,1020341,-420,0
-200858,351013,-148206,1949,-933620,1627812,-693355,837,0
-109855,-879483,992587,3249,-166950,-1323868,1490817,-1,0
1057589,-312012,-744928,649,1589269,-469638,-1120051,-420,0
705926,247009,-954236,-1301,1166762,406167,-1572931,-2,0
-143006,1002337,-859333,-2,-215129,1510298,-1294332,837,0
91,-139,47,-1,10608,-16060,5452,0,1
-6429,9733,-3304,0,-18369,27810,-9441,0,1
4301,-5332,1030,-1,12420,-15397,2976,-1,1
-227509,1031588,-804081,-2,-342907,1554915,-1211381,627,0
-614,86,527,-1,-1162,164,998,0,1
-935386,13000,926934,4548,-1422320,16757,1406190,627,0
-99,136,-36,1,-11549,15777,-4227,1,1
-141,70,70,-1,-16334,8167,8167,0,1
-637674,1079690,-442017,-1,-958338,1624879,-665705,836,0
-1041990,782629,262609,3248,-1568532,1177027,392761,1256,0
889233,54602,-943186,649,1371417,82532,-1453741,208,0
-5587,3559,2027,-1,-16133,10279,5853,-1,1
7527,1804,-9331,0,21507,5154,-26661,0,1
414715,-1079041,665624,1298,620039,-1618805,998765,-1,0
-577222,1058239,-479718,1299,-889003,1631792,-741534,1255,0
541,-1402,860,-1,6250,-16194,9943,-1,1
-1008188,148855,861932,2599,-1511765,222041,1290770,1046,0
30000,30000,30000,90000,60000,60000,60000,180000,1
247659,-345163,100103,2599,1131571,-1586547,454136,-840,0
-127405,347763,-219059,1299,-597417,1615662,-1017619,626,0
5547,58274,-63822,-1,8876,93239,-102115,0,1
142355,209307,-349064,2598,649155,973419,-1622157,417,0
-7527,9331,-1804,0,-21507,26661,-5154,0,1
-504419,1058889,-553171,1299,-779029,1633677,-852973,1675,0
706576,-345813,-360114,649,1632839,-798091,-834959,-211,0
-448517,1078390,-627274,2599,-678692,1626345,-946817,836,0
69840,-25340,-44499,1,111744,-40544,-71199,1,1
156005,518069,-674076,-2,359245,1200906,-1559106,1045,0
63003,-3700,-59302,1,100805,-5921,-94884,0,1
768328,-1053690,287960,2598,1149376,-1580053,430675,-2,0
0,0,0,0,0,0,0,0,1
-685776,1070590,-383515,1299,-1032072,1612730,-579611,1047,0
-107,133,-25,1,-12420,15397,-2976,1,1
83,57,-140,0,9600,6643,-16244,-1,1
-577222,640924,-62403,1299,-1333504,1483695,-148936,1255,0
143005,209307,-349064,3248,649993,972791,-1622366,418,0
-614,527,86,-1,-1162,998,164,0,1
-871683,957485,-84504,1298,-1342930,1476572,-132178,1464,0
-141,70,70,-1,-16334,8167,8167,0,1
492718,-1086841,597372,3249,736087,-1631374,894867,-420,0
37609,186838,-224447,0,48670,241791,-290462,-1,1
1076440,-654575,-420566,1299,1620480,-987664,-633027,-211,0
49999,18301,-68301,-1,79999,29282,-109282,-1,1
-106604,965936,-858683,649,-165065,1490398,-1324496,837,0
768328,-1053690,287960,2598,1149167,-1580472,430885,-420,0
656,-238,-418,0,1243,-451,-792,0,1
295,269,-565,-1,8534,7793,-16328,-1,1
240416,-120208,-120208,0,311126,-155563,-155563,0,1
26650,926284,-952286,648,40428,1394669,-1433841,1256,0
93603,46151,-137156,2598,1065587,539182,-1604561,208,0
-37609,-186838,224447,0,-48670,-241791,290462,1,1
525869,462167,-988688,-652,869311,763108,-1631793,626,0
0,0,0,0,0,0,0,0,1
5379,-1176,-4203,0,15534,-3396,-12138,0,1
891833,76052,-964637,3248,1354450,114162,-1467566,1046,0
-73,-67,141,1,-8534,-7793,16328,1,1
976986,-364014,-615574,-2602,1615243,-600978,-1014686,-421,0
-27952,931484,-903534,-2,-42942,1436354,-1392156,1256,0
30000,30000,30000,90000,60000,60000,60000,180000,1
-7000,-2562,9562,0,-20000,-7320,27320,0,1
-129355,-865833,999087,3899,-197114,-1305853,1503176,209,0
-5500,1606,3893,-1,-15882,4639,11243,0,1
-126755,539520,-413416,-651,-367416,1562666,-1194414,836,0
800830,234658,-1032889,2599,1206353,350657,-1556592,418,0
250259,-1041340,793679,2598,373070,-1564133,1190642,-421,0
-256,-308,564,0,-7415,-8896,16311,0,1
0,0,0,0,0,0,0,0,1
706576,-346463,-360114,-1,1632839,-799139,-834121,-421,0
-840482,872982,-33802,-1302,-1384615,1442847,-57187,1045,0
-550571,164456,388064,1949,-1590108,473408,1117327,627,0
45922,23603,-69526,-1,73476,37765,-111242,-1,1
443,4661,-5105,-1,1281,13461,-14742,0,1
-939286,-2601,945785,3898,-1410590,-6494,1417920,836,0
-100754,-555771,658474,1949,-232934,-1283649,1516372,-211,0
-700077,438116,263909,1948,-1615873,1012381,604538,1046,0
0,-208206,208206,0,0,-269443,269443,0,1
-255460,-785880,1043939,2599,-382707,-1183940,1566436,-211,0
1144,-1291,147,0,13214,-14922,1707,-1,1
-216,-344,560,0,-6250,-9943,16194,1,1
-911985,965936,-52652,1299,-1370790,1454787,-82533,1464,0
344512,-248310,-93604,2598,1581728,-1142674,-439684,-630,0
352313,-133255,-217109,1949,1616710,-609147,-1007983,-420,0
-45922,-23603,69526,1,-73476,-37765,111242,1,1
103,-620,516,-1,196,-1175,978,-1,1
-56124,-174391,230515,0,-72631,-225683,298314,0,1
101403,554470,-655225,648,232514,1284277,-1516164,627,0
7527,1804,-9331,0,21507,5154,-26661,0,1
-400,-146,546,0,-11550,-4227,15777,0,1
-421216,700726,-278211,1299,-975305,1622784,-646224,1255,0
-894434,960735,-63703,2598,-1360945,1462538,-100338,1255,0
-330,1355,-1025,0,-3813,15661,-11848,0,1
-558,202,355,-1,-16133,5853,10279,-1,1
-141056,-210608,353613,1949,-653346,-970069,1622994,-421,0
-393265,1071240,-677326,649,-593646,1615243,-1020342,1255,0
-685126,1070590,-384165,1299,-1032072,1612730,-579611,1047,0
195657,827481,-1021839,1299,293261,1245734,-1537739,1256,0
178756,374414,-555121,-1951,514255,1085696,-1599534,417,0
61102,-967887,911334,4549,88606,-1457093,1368275,-212,0
-140406,59802,81253,649,-1628022,706341,922517,836,0
-1038089,712426,327612,1949,-1595973,1096798,500220,1045,0
-82554,-57853,141705,1298,-964203,-659421,1623413,-211,0
-70710,35355,35355,0,-113137,56568,56568,-1,1
4550,486218,-492069,-1301,10683,1409751,-1419597,837,0
-1396,506,889,-1,-16133,5853,10279,-1,1
986736,-104654,-881434,648,1488093,-161294,-1326800,-1,0
-212558,559020,-345813,649,-617526,1618804,-1000442,836,0
557720,-359464,-200208,-1952,1611263,-1036471,-575422,-630,0
-505069,678625,-171607,1949,-1169696,1572511,-401560,1255,0
-733228,-296412,1032238,2598,-1127801,-458746,1586965,418,0
-52652,139105,-85154,1299,-621715,1619642,-996881,1046,0
0,0,0,0,0,0,0,0,1
-664975,1060189,-392615,2599,-1014686,1616291,-600349,1256,0
-40952,507018,-468018,-1952,-117934,1470288,-1351518,836,0
731277,301611,-1030289,2599,1125706,461887,-1587175,418,0
-566172,287310,280810,1948,-1632840,826998,806888,1046,0
989337,-501819,-488819,-1301,1632839,-828674,-804585,-420,0
-107,133,-25,1,-12420,15397,-2976,1,1
-369864,1066689,-695527,1298,-558874,1609169,-1049459,836,0
215808,-561622,346462,648,617734,-1618596,1000441,-421,0
330862,-707877,380264,3249,757872,-1632631,874129,-630,0
205,444,-650,-1,388,842,-1231,-1,1
-254,-404,658,0,-481,-766,1247,0,1
-62403,139755,-75403,1949,-736297,1631373,-893820,1256,0
-1548,-7693,9241,0,-4424,-21981,26405,0,1
-543421,1083590,-540171,-2,-819248,1634096,-813173,1675,0
130,-112,-18,0,15090,-12958,-2132,0,1
130654,-351014,222958,2598,594692,-1615035,1020131,-212,0
-327613,561621,-232709,1299,-950588,1625926,-674503,835,0
0,0,0,0,0,0,0,0,1
18862,-216996,198133,-1,24410,-280818,256407,-1,1
-88,-439,528,1,-2555,-12694,15249,0,1
-107255,965936,-859333,-652,-163808,1489979,-1324915,1256,0
-709177,-243760,954235,1298,-1167811,-404911,1572720,-2,0
135855,863232,-998438,649,203816,1302291,-1505062,1045,0
1041989,-353614,-687726,649,1605817,-546515,-1059513,-211,0
-2955,-2699,5654,0,-8534,-7793,16328,1,1
0,8573,-8573,0,0,24494,-24494,0,1
-618174,1080340,-460868,1298,-931107,1628231,-696288,836,0
343862,-248960,-93604,1298,1580890,-1145397,-436542,-1049,0
1037438,-711777,-323713,1948,1595972,-1097218,-499383,-629,0
-116355,661074,-543421,1298,-271477,1531454,-1258512,1465,0
-925635,956185,-29902,648,-1389433,1438239,-47760,1046,0
-1306,1121,184,-1,-15090,12958,2132,0,1
592,-34,-557,1,1121,-65,-1055,1,1
-204108,-809931,1018588,4549,-312743,-1231909,1545280,628,0
141,-70,-70,1,16334,-8167,-8167,0,1
-296412,-752079,1053689,5198,-449319,-1135552,1584870,-1,0
1067339,-417316,-647425,2598,1620480,-635960,-984941,-421,0
-722828,-323063,1051739,5848,-1101617,-493518,1595134,-1,0
-729978,1045889,-314612,1299,-1110834,1592620,-480531,1255,0
-232709,-113105,349063,3249,-1079832,-521169,1600790,-211,0
-7527,-1804,9331,0,-21507,-5154,26661,0,1
-978937,85153,898983,5199,-1472175,124845,1348166,836,0
4000,1464,-5464,0,11550,4227,-15777,0,1
968536,-57203,-910035,1298,1456673,-88398,-1367857,418,0
662,-286,-376,0,1254,-541,-712,1,1
8820,-518,-8302,0,25201,-1480,-23721,0,1
30000,30000,30000,90000,60000,60000,60000,180000,1
734527,-1060190,328262,2599,1102454,-1595344,492889,-1,0
1548,-9241,7693,0,4424,-26405,21981,0,1
-11061,66014,-54952,1,-17698,105622,-87924,0,1
-281461,324362,-41602,1299,-1304806,1503594,-197533,1255,0
56124,174391,-230515,0,72631,225683,-298314,0,1
-501819,476467,24700,-652,-1448295,1378120,71430,1255,0
1035488,-230109,-804081,1298,1555753,-347935,-1207820,-2,0
1036138,-713077,-323063,-2,1595762,-1098056,-498755,-1049,0
0,0,0,0,0,0,0,0,1
806030,93603,-900284,-651,1331198,153962,-1484743,417,0
-525870,-462818,989337,649,-865751,-766461,1632420,208,0
232058,-1034839,806030,3249,345001,-1555545,1210123,-421,0
-32502,134555,-101404,649,-374328,1564551,-1189386,837,0
564221,-324363,-239859,-1,1626974,-934039,-693774,-839,0
794329,-1027039,234008,1298,1203211,-1558896,355684,-1,0
-130005,-865833,1000387,4549,-197952,-1305225,1503594,417,0
450466,-1079691,632473,3248,674292,-1625927,951843,208,0
-513520,-570722,1086840,2598,-771279,-861143,1632420,-2,0
-8440,-259,8699,0,-24116,-740,24856,0,1
319161,-26651,-291861,649,1469031,-116467,-1352566,-2,0
-382865,-664325,1049789,2599,-589666,-1024322,1613987,-1,0
66302,75402,-139106,2598,747189,884812,-1630955,1046,0
915234,-135856,-781330,-1952,1513859,-226440,-1287420,-1,0
68902,-889234,820980,648,113743,-1468404,1354240,-421,0
367,188,-556,-1,10608,5452,-16060,0,1
-281461,324362,-40952,1949,-1305853,1502966,-195857,1256,0
-32101,70613,-38511,1,-51363,112982,-61618,1,1
-421216,700726,-277561,1949,-975096,1622784,-646643,1045,0
85153,55902,-139106,1949,964202,659838,-1623414,626,0
-523920,1082940,-557721,1299,-790760,1633886,-841871,1255,0
876232,-958786,85803,3249,1344605,-1475526,130501,-420,0
30000,30000,30000,90000,60000,60000,60000,180000,1
865832,-1004288,140405,1949,1297683,-1508413,210310,-420,0
-363364,555770,-192408,-2,-1050087,1608959,-557826,1046,0
-130655,-863883,1000387,5849,-200256,-1303968,1504223,-1,0
343862,-248310,-93604,1948,1581518,-1143931,-438217,-630,0
0,0,0,0,0,0,0,0,1
141313,-239099,97786,0,182875,-309422,126546,-1,1
848281,16250,-865183,-652,1401162,25555,-1426928,-211,0
-257410,-783930,1045239,3899,-387525,-1180589,1568322,208,0
-575922,1058239,-481669,648,-886908,1632001,-743629,1464,0
-566822,285360,282110,648,-1632840,823437,810449,1046,0
430316,-535621,107254,1949,1235260,-1543395,307296,-839,0
-708527,-245710,954885,648,-1165716,-407634,1573558,208,0
155,-637,482,0,293,-1206,912,-1,1
332812,-1062790,733227,3249,496659,-1596392,1099312,-421,0
-451767,-243110,698126,3249,-1044641,-564739,1609378,-2,0
-919135,135855,782629,-651,-1513022,224345,1289094,417,0
-5639,3204,2435,0,-16283,9251,7032,0,1
74752,-143006,69552,1298,846898,-1633469,786150,-421,0
726077,326312,-1048490,3899,1101407,494355,-1594926,836,0
-522,448,73,-1,-15090,12958,2132,0,1
656,-238,-418,0,1243,-451,-792,0,1
-522,448,73,-1,-15090,12958,2132,0,1
-274961,-770929,1048489,2599,-413500,-1161736,1575234,-2,0
-1548,-7693,9241,0,-4424,-21981,26405,0,1
-529120,1072540,-541471,1949,-806680,1633886,-825742,1464,0
-353614,182006,172256,648,-1632421,844803,788455,837,0
-3059,9683,-6624,0,-8740,27666,-18925,1,1
22750,109204,-130655,1299,255766,1269613,-1524752,627,0
0,0,0,0,0,0,0,0,1
-369864,1066689,-696827,-2,-558245,1608959,-1049878,836,0
-63053,-77353,143655,3249,-743419,-887955,1631163,-211,0
522619,-452417,-68903,1299,1503385,-1304596,-199209,-420,0
-43,-94,138,1,-5047,-10929,15977,1,1
-5587,3559,2027,-1,-16133,10279,5853,-1,1
-135856,96853,40951,1948,-1585918,1130105,456859,1046,0
-684476,1070590,-384165,1949,-1031653,1612939,-580030,1256,0
85803,809280,-897034,-1951,142022,1338739,-1479925,836,0
690975,-482319,-208658,-2,1592411,-1110206,-483254,-1049,0
-205,650,-444,1,-388,1231,-842,1,1
9625,-2811,-6814,0,27502,-8033,-19469,0,1
-61103,640273,-577222,1948,-144746,1482019,-1336017,1256,0
-203458,-810581,1018588,4549,-310858,-1233376,1544651,417,0
523269,464117,-988688,-1302,865750,766879,-1632002,627,0
-41562,70323,-28760,1,-66500,112517,-46016,1,1
-731928,1057589,-324363,1298,-1103084,1595134,-490795,1255,0
-1548,9241,-7693,0,-4424,26405,-21981,0,1
1084240,-470618,-612973,649,1628440,-708647,-920214,-421,0
205,444,-650,-1,388,842,-1231,-1,1
-69840,44499,25340,-1,-111744,71199,40544,-1,1
-457618,-532370,988687,-1301,-753264,-878529,1631792,-1,0
507018,-681876,176806,1948,1168019,-1573350,404910,-421,0
91,-139,47,-1,10608,-16060,5452,0,1
685125,-192408,-493369,-652,1582356,-441569,-1141208,-421,0
102053,-137806,38351,2598,1153566,-1578587,424810,-211,0
-1040039,252859,791729,4549,-1564552,377679,1187710,837,0
182813,43812,-226626,-1,236582,56698,-293281,-1,1
126,-7,-118,1,14553,-854,-13698,1,1
174,378,-553,-1,5047,10929,-15977,-1,1
1052389,-648075,-402366,1948,1618385,-998347,-620668,-630,0
0,0,0,0,0,0,0,0,1
344512,-248960,-94254,1298,1581309,-1144140,-438008,-839,0
-256,-308,564,0,-7415,-8896,16311,0,1
566821,81903,-648075,649,1309832,190201,-1499615,418,0
91,47,-139,-1,10608,5452,-16060,0,1
930834,-29252,-902884,-1302,1436773,-46503,-1390271,-1,0
-25351,930184,-904184,649,-39381,1434468,-1393832,1255,0
578521,-1060840,484918,2599,886697,-1632002,744465,-840,0
432266,99453,-531720,-1,1246153,291167,-1537111,209,0
-63053,139105,-75403,649,-740068,1631582,-890259,1255,0
287310,752078,-1038089,1299,436960,1145187,-1581100,1047,0
1036788,-712427,-323063,1298,1595762,-1098266,-498127,-631,0
-18862,-198133,216996,1,-24410,-256407,280818,1,1
-130,112,18,0,-15090,12958,2132,0,1
-397165,546020,-148206,649,-1148958,1580261,-430467,836,0
685775,-193058,-492719,-2,1582775,-443873,-1139113,-211,0
115704,-130005,16900,2599,1317373,-1495217,177213,-631,0
474517,-1084241,612972,3248,708646,-1629070,920422,-2,0
451766,-1079691,631823,3898,675968,-1626346,950168,-210,0
504,-29,-474,1,14553,-854,-13698,1,1
541,-1402,860,-1,6250,-16194,9943,-1,1
4550,486218,-491419,-651,10473,1409960,-1419597,836,0
55902,83853,-138456,1299,631769,988711,-1620062,418,0
0,0,0,0,0,0,0,0,1
-5656,2828,2828,0,-16334,8167,8167,0,1
-1066690,638323,432266,3899,-1622576,970486,653554,1464,0
880132,-996488,118954,2598,1317373,-1495217,177842,-2,0
874932,-960086,88403,3249,1342719,-1477202,134271,-212,0
5639,-3204,-2435,0,16283,-9251,-7032,0,1
-347114,225558,123504,1948,-1608332,1048201,561177,1046,0
-44,-466,510,0,-1281,-13461,14742,0,1
523919,-78003,-447217,-1301,1512183,-222670,-1289724,-211,0
443966,-989338,546020,648,729174,-1630536,901360,-2,0
66302,75402,-139106,2598,745303,886278,-1630955,626,0
252209,-1041990,793029,3248,375794,-1564971,1188757,-420,0
57206,7391,-64597,0,91529,11826,-103355,0,1
116354,230108,-345163,1299,530175,1072919,-1602676,418,0
505068,-33802,-472568,-1302,1459396,-94892,-1364506,-2,0
-36946,-33740,70686,0,-59113,-53984,113098,1,1
884,-5281,4396,-1,2555,-15249,12694,0,1
-1075791,394564,683825,2598,-1613569,590712,1023693,836,0
-675376,518719,159255,2598,-1559734,1199231,361340,837,0
256109,83853,-338013,1949,1177236,391923,-1568741,418,0
-1082941,510919,576571,4549,-1631583,768136,864912,1465,0
-1025739,278860,750128,3249,-1578377,427114,1152099,836,0
-796930,906783,-110505,-652,-1312975,1497939,-183708,1256,0
136505,-990638,858682,4549,202350,-1505062,1303129,417,0
879482,-996488,119604,2598,1316954,-1495635,178680,-1,0
173556,-680576,508969,1949,398207,-1571255,1172418,-630,0
1396,-506,-889,1,16133,-5853,-10279,1,1
676675,-520020,-154706,1949,1559105,-1200907,-359037,-839,0
692275,-1073191,384814,3898,1035004,-1612312,577097,-211,0
124804,-994538,872982,3248,185383,-1498359,1313184,208,0
-263910,334112,-68253,1949,-1224578,1548422,-323007,837,0
214212,-201630,-12582,0,277216,-260933,-16283,0,1
550,-389,-160,1,15882,-11243,-4639,0,1
-131955,-863233,1000387,5199,-201932,-1302921,1504851,-2,0
295,269,-565,-1,8534,7793,-16328,-1,1
-214212,12582,201630,0,-277216,16283,260933,0,1
-347114,226208,122204,1298,-1607284,1053019,555312,1047,0
22750,-317212,297061,2599,98242,-1461491,1362829,-420,0
-662,286,376,0,-1254,541,712,-1,1
1073190,-687726,-384815,649,1612101,-1033329,-578983,-211,0
-211908,559020,-346463,649,-614593,1618176,-1003165,418,0
191107,161206,-351664,649,876014,756196,-1631583,627,0
233773,-68281,-165491,1,302530,-88364,-214165,1,1
-297062,313311,-13651,2598,-1375817,1450179,-73106,1256,0
-88404,-807981,898333,1948,-146212,-1336227,1482019,-420,0
-856083,-146256,1006887,4548,-1289095,-223089,1513230,1046,0
0,0,0,0,0,0,0,0,1
-5172,9896,-4723,1,-14778,28274,-13496,0,1
-201508,351013,-148206,1299,-935296,1627812,-691679,837,0
30000,30000,30000,90000,60000,60000,60000,180000,1
-939936,741027,198257,-652,-1548423,1224158,325101,836,0
1074490,-569422,-503769,1299,1632420,-865961,-766252,207,0
932134,-28602,-902234,1298,1436563,-45875,-1390690,-2,0
2955,-5654,2699,0,8534,-16328,7793,-1,1
396514,-1074491,680575,2598,592179,-1614825,1022226,-420,0
-1075141,392614,685775,3248,-1613150,587361,1026416,627,0
216458,812530,-1027039,1949,325939,1223739,-1548632,1046,0
-53302,-86454,141705,1949,-630513,-989549,1620061,-1,0
-1076441,413415,666274,3248,-1617968,620667,998137,836,0
-61753,968536,-906784,-1,-93006,1459396,-1365343,1047,0
-20801,-110505,133905,2599,-260375,-1266472,1526636,-211,0
-674726,520669,156005,1948,-1557639,1203211,355684,1256,0
-525870,-462168,989337,1299,-868055,-764157,1632211,-1,0
230108,-1034839,806680,1949,343116,-1554916,1211590,-210,0
-550,389,160,-1,-15882,11243,4639,0,1
-330213,1060839,-729328,1298,-497917,1596810,-1097847,1046,0
-784580,-240510,1030938,5848,-1193785,-368044,1562456,627,0
767678,282110,-1049790,-2,1156708,420202,-1576492,418,0
-132605,104653,30551,2599,-1551774,1216407,336832,1465,0
1085540,-562272,-521970,1298,1632839,-847318,-785733,-212,0
-375715,1056939,-681226,-2,-572070,1611682,-1038566,1046,0
47451,-952286,909384,4549,68497,-1447876,1379587,208,0
313961,-301612,-9751,2598,1440334,-1387338,-53626,-630,0
-46152,-464768,512219,1299,-135948,-1341883,1477829,-2,0
-535621,-545371,1086190,5198,-808565,-824694,1633468,209,0
824880,-993888,170956,1948,1265633,-1527685,261421,-631,0
205,-650,444,-1,388,-1231,842,-1,1
1074490,-687726,-384165,2599,1612101,-1034167,-578355,-421,0
-21451,-109855,133905,2599,-262889,-1265006,1527265,-630,0
-971137,65002,910684,4549,-1458978,94472,1365133,627,0
5818,4026,-9845,-1,16625,11504,-28129,0,1
-333463,265859,68902,1298,-1543814,1233165,311695,1046,0
0,-61237,61237,0,0,-97979,97979,0,1
68756,-20082,-48674,0,110011,-32132,-77878,1,1
-119605,-3901,126104,2598,-1392994,-41057,1434259,208,0
0,-208206,208206,0,0,-269443,269443,0,1
-141313,239099,-97786,0,-182875,309422,-126546,1,1
991287,-825531,-164457,1299,1523704,-1271500,-252834,-630,0
325012,-286011,-38352,649,1496891,-1314861,-182451,-421,0
141705,-91004,-49402,1299,1612101,-1033120,-579611,-630,0
-525220,1082290,-556421,649,-792226,1633886,-840405,1255,0
300311,752078,-1052390,-1,452670,1133247,-1585080,837,0
-903534,-63703,973086,5849,-1361782,-99081,1461700,837,0
-375715,705276,-327613,1948,-870150,1632839,-761434,1255,0
-1005588,178756,832681,5849,-1529361,269800,1260816,1255,0
256,308,-564,0,7415,8896,-16311,0,1
444616,625323,-1067991,1948,675758,950377,-1625299,836,0
191757,161206,-351014,1949,877900,754311,-1631374,837,0
932134,-27952,-902884,1298,1435935,-44199,-1391737,-1,0
-1037439,713076,326962,2599,-1595973,1097217,500011,1255,0
849581,-998438,150805,1948,1287419,-1514907,227487,-1,0
-44,510,-466,0,-1281,14742,-13461,0,1
3788,6026,-9814,0,10823,17218,-28042,-1,1
-87104,-253510,341912,1298,-405959,-1167601,1573349,-211,0
-847632,1009487,-159256,2599,-1276737,1520771,-242989,1045,0
430,-533,103,0,12420,-15397,2976,-1,1
3325,-5625,2300,0,9600,-16244,6643,-1,1
-1006888,146255,863882,3249,-1510089,217642,1293284,837,0
1205,-1242,37,0,13927,-14354,427,0,1
63003,-59302,-3700,1,100805,-94884,-5921,0,1
55252,83853,-138456,649,628627,991643,-1619643,627,0
-565522,246359,319811,648,-1628441,710112,919375,1046,0
-976987,874932,106603,4548,-1486000,1329942,157313,1255,0
672125,-1075141,405615,2599,1006725,-1617549,610612,-212,0
-585672,-495969,1086190,4549,-882928,-748446,1631582,208,0
92003,146356,-238359,0,119063,189402,-308465,0,1
388064,594122,-982187,-1,641824,980122,-1621529,417,0
-841132,872332,-32502,-1302,-1385662,1442009,-55301,1046,0
748828,-937986,188507,-651,1231908,-1545071,312742,-421,0
1396,-889,-506,1,16133,-10279,-5853,1,1
-74292,-160869,235162,1,-96143,-208184,304328,1,1
-501819,475817,26650,648,-1450389,1375816,75619,1046,0
433566,-1056290,625323,2599,663609,-1624671,960851,-211,0
566171,-1088791,525219,2599,846060,-1633678,787198,-420,0
332162,-707877,377664,1949,762690,-1632840,869311,-839,0
3325,2300,-5625,0,9600,6643,-16244,-1,1
430966,-1055640,627273,2599,659210,-1624461,964621,-630,0
1083590,-510270,-572672,648,1632420,-770232,-862190,-2,0
-107,-25,133,1,-12420,-2976,15397,1,1
5040,-296,-4744,0,14553,-854,-13698,1,1
2164,3443,-5608,-1,6250,9943,-16194,-1,1
1040688,-250260,-788480,1948,1564970,-378727,-1186454,-211,0
-1084891,472567,615573,3249,-1628232,708855,920632,1255,0
-27059,-43045,70105,1,-43295,-68873,112169,1,1
-349714,131304,221008,2598,-1616501,608727,1008192,418,0
1055639,-703977,-350364,1298,1603722,-1069568,-534575,-421,0
-98804,135205,-36402,-1,-1149587,1579843,-429420,836,0
-1083591,583071,503768,3248,-1631164,877481,754939,1256,0
-941886,936035,8450,2599,-1418759,1410379,9635,1255,0
495318,591522,-1084891,1949,744675,886907,-1630955,627,0
295,269,-565,-1,8534,7793,-16328,-1,1
-1082291,633123,449816,648,-1624880,952472,673245,837,0
-182813,226626,-43812,1,-236582,293281,-56698,1,1
76702,-338013,263259,1948,349609,-1556802,1206772,-421,0
696176,-959436,263259,-1,1145606,-1581519,435284,-629,0
1084890,-562922,-521320,648,1632839,-847946,-784895,-2,0
-8451,615573,-606473,649,-21576,1425880,-1403049,1255,0
0,0,0,0,0,0,0,0,1
3059,6624,-9683,0,8740,18925,-27666,-1,1
648724,-84504,-565522,-1302,1501290,-193553,-1307320,417,0
-439417,986086,-547971,-1302,-725823,1630744,-904085,836,0
-106604,965936,-858683,649,-164646,1490398,-1324496,1256,0
0,-208206,208206,0,0,-269443,269443,0,1
602572,-1074491,473867,1948,910996,-1630326,719119,-211,0
-565522,247009,319161,648,-1628651,713045,916443,837,0
-117655,661724,-543421,648,-274200,1532292,-1256627,1465,0
256,308,-564,0,7415,8896,-16311,0,1
-4576,5167,-591,0,-13214,14922,-1707,1,1
21450,928884,-950336,-2,33515,1398230,-1430699,1046,0
-586972,-495969,1086840,3899,-883556,-747818,1631582,208,0
122204,2600,-122205,2599,1392993,42104,-1434679,418,0
796929,-909385,113104,648,1311089,-1499197,187687,-421,0
-882084,-106604,993237,4549,-1326172,-161713,1488512,627,0
-47452,950985,-903534,-1,-72897,1450179,-1376236,1046,0
0,122,-122,0,0,14145,-14145,0,1
-223609,347113,-122205,1299,-1037100,1611892,-573746,1046,0
0,0,0,0,0,0,0,0,1
458917,599322,-1056290,1949,706341,922308,-1628232,417,0
256,308,-564,0,7415,8896,-16311,0,1
902233,-974387,74752,2598,1355497,-1467566,112067,-2,0
30000,30000,30000,90000,60000,60000,60000,180000,1
-8820,8302,518,0,-25201,23721,1480,0,1
-846332,994537,-146906,1299,-1287420,1514487,-225603,1464,0
367263,-557721,191107,649,1055113,-1607703,552379,-211,0
0,0,0,0,0,0,0,0,1
-44,-466,510,0,-1281,-13461,14742,0,1
-92954,-436167,529769,648,-269382,-1260398,1529988,208,0
886633,-61753,-824881,-1,1463585,-104318,-1359269,-2,0
330,-1355,1025,0,3813,-15661,11848,0,1
648724,322412,-971137,-1,1073128,529965,-1602467,626,0
-925635,956835,-29902,1298,-1389223,1438448,-47760,1465,0
390,-661,270,-1,739,-1251,511,-1,1
0,0,0,0,0,0,0,0,1
442016,-989338,547970,648,725403,-1630536,904503,-630,0
1043289,-780680,-260660,1949,1569369,-1176399,-393390,-420,0
-48752,-911335,964636,4549,-75201,-1375608,1451017,208,0
-216,-344,560,0,-6250,-9943,16194,1,1
-240416,120208,120208,0,-311126,155563,155563,0,1
-263260,333462,-68903,1299,-1222064,1549888,-326149,1675,0
1084240,-486869,-596073,1298,1630325,-733993,-896544,-212,0
346462,-108555,-237259,648,1594715,-493518,-1101617,-420,0
0,0,0,0,0,0,0,0,1
-9751,-117655,129354,1948,-129036,-1345863,1474478,-421,0
-128705,986086,-857383,-2,-195857,1502757,-1305853,1047,0
-5379,1176,4203,0,-15534,3396,12138,0,1
-323713,283410,42251,1948,-1498568,1311508,188315,1255,0
-938636,-3251,945135,3248,-1410380,-6913,1418130,837,0
726077,326312,-1048490,3899,1101616,493727,-1594716,627,0
-531720,-136506,672125,3899,-1228348,-317561,1546117,208,0
214508,-561622,347763,649,613754,-1617968,1004212,-2,0
-2601,-488819,492068,648,-11103,-1409333,1420224,-212,0
256,308,-564,0,7415,8896,-16311,0,1
-904834,-63053,972436,4549,-1362201,-98243,1461281,837,0
-155,-482,637,0,-293,-912,1206,1,1
-291211,564221,-271711,1299,-846480,1633468,-786151,837,0
437466,640273,-1077741,-2,660257,963783,-1623623,417,0
1038088,-709827,-326963,1298,1597438,-1093448,-504201,-211,0
-1076441,414065,664974,2598,-1618386,622343,996671,628,0
-458918,-596073,1059539,4548,-708437,-920214,1628859,208,0
-125617,240333,-114716,0,-162563,311020,-148456,1,1
256759,785879,-1042640,-2,388152,1180588,-1567485,1255,0
-666275,1073190,-404316,2599,-1005679,1617757,-611032,1046,0
-988688,433566,555770,648,-1629070,714301,915186,417,0
0,8573,-8573,0,0,24494,-24494,0,1
208007,-1025089,820330,3248,309600,-1544024,1234422,-2,0
-537,-69,607,1,-1018,-131,1149,0,1
-5040,296,4744,0,-14553,854,13698,-1,1
-665625,1060839,-392615,2599,-1014477,1616291,-600140,1674,0
1037438,-765729,-268461,3248,1574396,-1164459,-409939,-2,0
-131305,-863233,1000387,5849,-201932,-1302921,1504851,-2,0
137,-97,-40,0,15882,-11243,-4639,0,1
-83854,524569,-441367,-652,-245293,1521819,-1275480,1046,0
30000,30000,30000,90000,60000,60000,60000,180000,1
334112,226858,-562922,-1952,965250,658582,-1623414,418,0
529769,529769,-1059540,-2,818828,814639,-1632840,627,0
-344513,104653,241159,1299,-1593459,488280,1105806,627,0
63052,269110,-331513,649,285511,1250551,-1535226,836,0
-451767,-244410,698776,2599,-1042965,-566834,1609797,-2,0
-409516,-294462,705926,1948,-943884,-682672,1626136,-420,0
-524570,77352,447216,-2,-1511974,222041,1290770,837,0
-118955,123504,-1951,2598,-1389014,1438658,-48389,1255,0
-911985,791079,119604,-1302,-1501710,1306900,196066,1256,0
-326313,704626,-377015,1298,-757035,1632630,-874339,1256,0
642224,438116,-1079041,1299,967344,656277,-1622995,626,0
0,0,0,0,0,0,0,0,1
-565,282,282,-1,-16334,8167,8167,0,1
-692926,956835,-265210,-1301,-1143721,1582147,-437170,1256,0
881433,-995188,117004,3249,1319258,-1494169,174909,-2,0
415365,-1079041,665624,1948,620458,-1619015,998346,-211,0
-1320,5423,-4103,0,-3813,15661,-11848,0,1
-533020,-135206,671475,3249,-1230234,-314838,1545280,208,0
399,-546,146,-1,11549,-15777,4227,-1,1
2310,7180,-9491,-1,6602,20516,-27119,-1,1
9777,-3547,-6229,1,27936,-10136,-17799,1,1
-228649,49985,178664,0,-295899,64686,231212,-1,1
-522,73,448,-1,-15090,2132,12958,0,1
-614,527,86,-1,-1162,998,164,0,1
-92304,-436167,529769,1298,-267707,-1261864,1529360,-211,0
-605823,616223,-8451,1949,-1401163,1427346,-24928,1255,0
-1084241,583071,504418,3248,-1631164,876643,755777,1256,0
-1062140,722177,343862,3899,-1599324,1085277,515093,1046,0
646,-188,-457,1,1223,-357,-866,0,1
1064089,-720227,-341913,1949,1599742,-1085069,-515094,-421,0
-1043290,356213,689675,2598,-1605818,547352,1059093,627,0
-1205,1242,-37,0,-13927,14354,-427,0,1
-211908,1015988,-803431,649,-322798,1548631,-1224787,1046,0
-1059540,578521,483618,2599,-1630326,889839,741742,1255,0
1076440,-654575,-421216,649,1620480,-987036,-633655,-211,0
30000,30000,30000,90000,60000,60000,60000,180000,1
-18862,216996,-198133,1,-24410,280818,-256407,1,1
-1083591,512219,575271,3899,-1631793,770650,862608,1465,0
0,0,0,0,0,0,0,0,1
-1041990,781329,263909,3248,-1569160,1175560,395274,1674,0
806030,93603,-900284,-651,1332246,152286,-1483905,627,0
-81904,139755,-56553,1298,-953520,1625717,-670942,1255,0
-278211,701376,-420566,2599,-646014,1622784,-975724,1046,0
566171,-1088791,525219,2599,845641,-1633678,787617,-420,0
-139,88,50,-1,-16133,10279,5853,-1,1
-133906,29251,107254,2599,-1553240,341231,1212846,837,0
30000,30000,30000,90000,60000,60000,60000,180000,1
344512,-249610,-92954,1948,1580471,-1147073,-434237,-839,0
-686426,194357,494018,1949,-1583614,448062,1136179,627,0
134,-105,-29,0,15534,-12138,-3396,0,1
-128705,111804,19500,2599,-1505481,1300615,206330,1464,0
798229,-909385,112454,1298,1311717,-1498778,186849,-212,0
559020,-206708,-353614,-1302,1614196,-593437,-1021180,-421,0
24050,-132605,111804,3249,253671,-1524543,1270451,-421,0
365963,-557721,193057,1299,1051552,-1608751,556359,-840,0
-109146,240086,-130940,0,-141248,310700,-169451,1,1
21850,-69165,47314,-1,34961,-110664,75703,0,1
1205,-1242,37,0,13927,-14354,427,0,1
-795630,907433,-112455,-652,-1311090,1499405,-186850,1465,0
0,0,0,0,0,0,0,0,1
-289261,1048489,-757929,1299,-437589,1582147,-1143512,1046,0
5587,-3559,-2027,1,16133,-10279,-5853,1,1
911984,-791080,-120255,649,1502128,-1306063,-196695,-630,0
-880133,-109855,994537,4549,-1323658,-165903,1490398,837,0
-707227,347113,362713,2599,-1632421,801442,832444,1465,0
-119605,-3901,125454,1948,-1394041,-38753,1433631,837,0
882083,-995838,116354,2599,1319468,-1494169,174490,-211,0
-1083591,583071,503768,3248,-1631164,877062,755358,1256,0
210607,478417,-688376,648,484929,1108738,-1593040,627,0
247659,-344513,100103,3249,1133037,-1585918,452251,-630,0
-522,73,448,-1,-15090,2132,12958,0,1
-393265,1071890,-677326,1299,-593227,1615243,-1020761,1255,0
354263,-159906,-193058,1299,1630535,-732945,-897591,-1,0
-502469,1058889,-554471,1949,-775678,1633258,-856325,1255,0
-125617,-114716,240333,0,-162563,-148456,311020,1,1
9868,-4261,-5607,0,28197,-12176,-16020,1,1
-4823,4971,-148,0,-13927,14354,-427,0,1
530419,-1076441,548620,2598,801651,-1633887,832234,-2,0
214508,812530,-1027039,-1,325101,1224158,-1548423,836,0
-85804,525219,-440717,-1302,-248854,1523075,-1273175,1046,0
1056939,-312662,-744278,-1,1589688,-471105,-1119004,-421,0
-599323,1080990,-482319,-652,-902199,1630535,-727080,1256,0
-285361,-750779,1042639,6499,-436751,-1144559,1581728,418,0
120,-124,3,-1,13927,-14354,427,0,1
-214212,12582,201630,0,-277216,16283,260933,0,1
1034188,-809931,-223609,648,1552402,-1216199,-336414,-211,0
-1548,9241,-7693,0,-4424,26405,-21981,0,1
301,-663,362,0,571,-1256,685,0,1
-503769,1058889,-554471,649,-776935,1633258,-855068,1255,0
522619,464767,-989338,-1952,864493,768136,-1632002,627,0
1344,-1050,-294,0,15534,-12138,-3396,0,1
976336,-362714,-616874,-3252,1614824,-598464,-1016571,-211,0
0,0,0,0,0,0,0,0,1
1320,4103,-5423,0,3813,11848,-15661,0,1
-38352,956185,-917835,-2,-56768,1442638,-1384824,1046,0
165106,761828,-927585,-651,273152,1258511,-1530827,836,0
-1375,973,401,-1,-15882,11243,4639,0,1
0,-8573,8573,0,0,-24494,24494,0,1
0,0,0,0,0,0,0,0,1
564871,-247010,-317862,-1,1628440,-710322,-918748,-630,0
-596723,1080340,-484269,-652,-898638,1630744,-731060,1046,0
-429667,1053689,-622074,1948,-663191,1625089,-960433,1465,0
-5547,63822,-58274,1,-8876,102115,-93239,0,1
-1396,889,506,-1,-16133,10279,5853,-1,1
1086840,-546021,-541471,-652,1633049,-820505,-812964,-420,0
319161,-26001,-291861,1299,1467356,-112906,-1354451,-1,0
319161,-26651,-291861,649,1469450,-117305,-1352147,-2,0
912634,-789780,-122205,649,1503804,-1303759,-200466,-421,0
121554,861282,-984787,-1951,187059,1312555,-1498149,1465,0
-846332,1009487,-159256,3899,-1275899,1520981,-243617,1465,0
565,-282,-282,1,16334,-8167,-8167,0,1
-102054,-554471,659124,2599,-238171,-1280507,1518258,-420,0
902233,-975687,76052,2598,1354450,-1468404,113743,-211,0
49999,-68301,18301,-1,79999,-109282,29282,-1,1
527169,-1084891,561621,3899,789293,-1633678,844174,-211,0
-83,140,-57,0,-9600,16244,-6643,1,1
-1025739,278210,750128,2599,-1578168,426486,1152518,836,0
945135,-936686,-5851,2598,1419386,-1409961,-10055,-630,0
83203,-978937,900283,4549,120865,-1471337,1350470,-2,0
0,-1224,1224,0,0,-14145,14145,0,1
-5656,2828,2828,0,-16334,8167,8167,0,1
204988,6293,-211281,0,265279,8144,-273423,0,1
-275611,-769629,1049139,3899,-416851,-1159641,1576072,-420,0
-800831,-229459,1035488,5198,-1207611,-347935,1556382,836,0
1082940,-486869,-596723,-652,1630535,-733364,-897381,-210,0
-962037,688375,273010,-652,-1584242,1136179,448899,836,0
-549271,391964,157955,648,-1585080,1133247,453089,1256,0
368563,185256,-555771,-1952,1066215,538135,-1604561,-211,0
737777,-1049140,313961,2598,1116279,-1591365,474874,-212,0
-276911,-768979,1049789,3899,-418108,-1158594,1576281,-421,0
56124,174391,-230515,0,72631,225683,-298314,0,1
126,-118,-7,1,14553,-13698,-854,1,1
996487,-875583,-118955,1949,1495844,-1316327,-179938,-421,0
-103354,-553821,659774,2599,-239218,-1280088,1518886,-420,0
-2568,5649,-3080,1,-7415,16311,-8896,0,1
11700,-617524,609072,3248,23879,-1426509,1402419,-211,0
-1006238,182006,830731,6499,-1530827,273780,1257883,836,0
103,-620,516,-1,196,-1175,978,-1,1
-291861,563571,-272361,-651,-843756,1633677,-788875,1046,0
-297712,312661,-13001,1948,-1377493,1448922,-70174,1255,0
1041989,-356214,-685776,-1,1606446,-550285,-1056581,-420,0
-212558,559020,-345163,1299,-618364,1618804,-999604,836,0
-1067340,423815,646124,2599,-1621110,642033,980122,1045,0
63052,269110,-330863,1299,284673,1250970,-1534807,836,0
1015338,-838532,-175507,1299,1528312,-1263540,-265193,-421,0
-41562,-28760,70323,1,-66500,-46016,112517,1,1
2568,-5649,3080,-1,7415,-16311,8896,0,1
-1042640,781329,265209,3898,-1569998,1174094,397160,1256,0
-666275,-379615,1049789,3899,-1027255,-586105,1613149,-211,0
382214,687725,-1069291,648,575840,1036051,-1611264,627,0
366613,-557721,191107,-1,1055113,-1607703,551960,-630,0
-759229,-170307,931484,1948,-1251181,-283417,1535015,417,0
-332813,1060839,-728028,-2,-501478,1597438,-1095333,627,0
-1375,401,973,-1,-15882,4639,11243,0,1
329562,-53302,-275611,649,1518258,-237961,-1280298,-1,0
949035,-18201,-928235,2599,1429232,-30374,-1399069,-211,0
-142356,-838532,982836,1948,-219318,-1292238,1511764,208,0
-49999,68301,-18301,1,-79999,109282,-29282,1,1
-5040,296,4744,0,-14553,854,13698,-1,1
-655875,-419266,1080340,5199,-987874,-632399,1620480,207,0
958785,-875583,-80604,2598,1473011,-1347957,-126103,-1049,0
903533,67602,-969837,1298,1362200,99080,-1461282,-2,0
46151,-951636,910034,4549,67031,-1447247,1380215,-1,0
-509620,987386,-479068,-1302,-841243,1633677,-791179,1255,0
-295112,1040038,-744928,-2,-449319,1585289,-1134714,1256,0
0,0,0,0,0,0,0,0,1
913284,-790430,-122855,-1,1504013,-1303549,-200466,-2,0
-47452,-464768,512219,-1,-137415,-1341045,1478248,-212,0
30000,30000,30000,90000,60000,60000,60000,180000,1
11061,54952,-66014,-1,17698,87924,-105622,0,1
222115,-31380,-190735,0,287443,-40610,-246833,0,1
0,208206,-208206,0,0,269443,-269443,0,1
963986,-290561,-674076,-651,1591992,-481369,-1111044,-421,0
30000,30000,30000,90000,60000,60000,60000,180000,1
-759229,-170307,931484,1948,-1250971,-283627,1535015,417,0
-299662,-266510,566171,-1,-863447,-768975,1632420,-2,0
-1548,9241,-7693,0,-4424,26405,-21981,0,1
798879,-908735,112454,2598,1312555,-1498359,185592,-212,0
122854,-992588,874282,4548,181403,-1496683,1315488,208,0
-961387,689025,271060,-1302,-1583405,1137855,446595,1045,0
-791730,1022488,-229459,1299,-1205306,1557429,-350448,1675,0
731277,299661,-1029639,1299,1127591,459583,-1586547,627,0
21850,47314,-69165,-1,34961,75703,-110664,0,1
657824,-557071,-99454,1299,1515953,-1284696,-231677,-420,0
-237456,86157,151298,-1,-307296,111497,195798,-1,1
-393915,1071890,-677326,649,-594065,1615243,-1019923,1255,0
-598673,-25351,626623,2599,-1382939,-60119,1443476,418,0
659124,417965,-1075141,1948,992272,627580,-1619434,418,0
649374,-81904,-566822,648,1499824,-189992,-1309624,208,0
1083590,-470618,-612323,649,1628650,-709066,-920005,-421,0
-73453,-67603,143655,2599,-857791,-774630,1632420,-1,0
431616,100103,-532370,-651,1246781,289910,-1536902,-211,0
-481019,497268,-16251,-2,-1387967,1439496,-50483,1046,0
686425,-193708,-492069,648,1582985,-445758,-1138066,-839,0
841131,137805,-977637,1299,1297683,210310,-1507366,627,0
-5201,-302912,310711,2598,-28489,-1400535,1428603,-421,0
1058239,-749479,-306812,1948,1587593,-1126335,-461888,-630,0
-139756,-839832,981536,1948,-214710,-1295170,1509879,-1,0
48751,913284,-960736,1299,73943,1376654,-1449551,1046,0
-141706,-210608,352963,649,-654184,-969021,1622994,-211,0
107,-133,25,-1,12420,-15397,2976,-1,1
-169657,550570,-381565,-652,-491842,1595134,-1102874,418,0
-939286,742977,196307,-2,-1547375,1226462,321959,1046,0
9899,-4949,-4949,1,28284,-14142,-14142,0,1
0,0,0,0,0,0,0,0,1
-22,-109,132,1,-2555,-12694,15249,0,1
-537,-69,607,1,-1018,-131,1149,0,1
370513,-980887,610372,-2,608727,-1617339,1007982,-630,0
348413,-228809,-120255,-651,1608331,-1049040,-559921,-630,0
-37702,957485,-918485,1298,-56977,1442847,-1384615,1255,0
-639624,-439417,1083590,4549,-961271,-662772,1624251,208,0
30000,30000,30000,90000,60000,60000,60000,180000,1
1073840,-391965,-681876,-1,1613777,-589666,-1024112,-1,0
736477,-1060190,326962,3249,1104340,-1594926,490166,-420,0
-297712,-751429,1054339,5198,-450157,-1134924,1585079,-2,0
-456968,-620124,1081640,4548,-690422,-936553,1627393,418,0
-493369,-191758,687075,1948,-1138903,-444083,1583194,208,0
49999,18301,-68301,-1,79999,29282,-109282,-1,1
414715,-1078391,666924,3248,619829,-1619015,998765,-421,0
1012087,-163157,-846332,2598,1521819,-247807,-1274013,-1,0
-721528,-338663,1066039,5848,-1086745,-512371,1599114,-2,0
0,0,0,0,0,0,0,0,1
625973,-29902,-596723,-652,1446618,-67032,-1379588,-2,0
-558371,358813,198257,-1301,-1611264,1037099,574793,628,0
456967,600622,-1056940,649,703828,924821,-1628022,627,0
650,-123505,124804,1949,-838,-1414151,1414778,-211,0
-1060840,508319,555770,3249,-1632212,781542,851925,1255,0
-330,-1025,1355,0,-3813,-11848,15661,0,1
-617524,1080340,-461518,1298,-930897,1628231,-696288,1046,0
171606,-553821,382214,-1,492051,-1595135,1102664,-420,0
-193058,998437,-804731,648,-297452,1540252,-1241755,1045,0
943835,-215809,-729328,-1302,1558057,-355476,-1202793,-212,0
-1001038,195007,808630,2599,-1539206,298079,1241754,627,0
354913,-183307,-170957,649,1632630,-838939,-794530,-839,0
73,67,-141,-1,8534,7793,-16328,-1,1
-11061,-54952,66014,1,-17698,-87924,105622,0,1
0,0,0,0,0,0,0,0,1
916534,-136506,-781330,-1302,1514278,-227488,-1286582,208,0
-1056290,432916,626623,3249,-1623833,664028,960641,836,0
136505,-31202,-103354,1949,1555334,-347306,-1208239,-211,0
-299662,-266510,565521,-651,-864285,-767927,1632420,208,0
-457,-59,516,0,-13214,-1707,14922,1,1
1306,-1121,-184,1,15090,-12958,-2132,0,1
56124,-230515,174391,0,72631,-298314,225683,0,1
-455668,516769,-62403,-1302,-1314023,1497520,-182451,1046,0
237456,-86157,-151298,1,307296,-111497,-195798,1,1
-4000,-1464,5464,0,-11550,-4227,15777,0,1
8008,-9043,1034,-1,22882,-25838,2956,0,1
30000,30000,30000,90000,60000,60000,60000,180000,1
30000,30000,30000,90000,60000,60000,60000,180000,1
647424,-1053690,408215,1949,992272,-1620272,627161,-839,0
1084890,-468018,-614274,2598,1628231,-705086,-923566,-421,0
0,0,0,0,0,0,0,0,1
-48102,-463468,512869,1299,-141395,-1338950,1480134,-211,0
430316,-1054990,627923,3249,658372,-1624252,965040,-840,0
204988,-211281,6293,0,265279,-273423,8144,0,1
918484,-921735,3900,649,1411845,-1417083,5027,-211,0
63702,-969187,909384,3899,93843,-1459397,1365342,-212,0
-234009,-112455,349063,2599,-1084022,-516351,1599952,-421,0
298361,754028,-1051740,649,449318,1135970,-1584452,836,0
25350,926934,-951636,648,38542,1395716,-1433003,1255,0
30000,30000,30000,90000,60000,60000,60000,180000,1
-373114,1057589,-682526,1949,-570814,1611263,-1039613,836,0
-32502,133905,-101404,-1,-377680,1565598,-1186663,1255,0
841131,159905,-999088,1948,1278202,241731,-1519096,837,0
-65328,9229,56098,-1,-104525,14767,89757,-1,1
664,-332,-332,0,1258,-629,-629,0,1
-240416,120208,120208,0,-311126,155563,155563,0,1
85153,-142356,59152,1949,956871,-1625299,668008,-420,0
87103,893783,-980237,649,130920,1345024,-1474898,1046,0
504,-29,-474,1,14553,-854,-13698,1,1
-52652,-87104,141705,1949,-626114,-993739,1619433,-420,0
9899,-4949,-4949,1,28284,-14142,-14142,0,1
30000,30000,30000,90000,60000,60000,60000,180000,1
-1075,-257,1333,1,-12420,-2976,15397,1,1
-807981,1030288,-222309,-2,-1215361,1553030,-336414,1255,0
-358814,-706577,1069940,4549,-541068,-1064331,1605398,-1,0
346462,-109205,-236609,648,1595134,-494566,-1101198,-630,0
-440067,985436,-547321,-1952,-727080,1630744,-902828,836,0
84503,56552,-139106,1949,961060,663190,-1623833,417,0
1052389,-645475,-404966,1948,1619014,-994996,-624648,-630,0
37609,-224447,186838,0,48670,-290462,241791,-1,1
30000,30000,30000,90000,60000,60000,60000,180000,1
-558371,358813,200207,649,-1611264,1037099,574793,628,0
-533020,-134556,671475,3899,-1230653,-314000,1545070,417,0
608422,473867,-1080341,1948,917490,712207,-1628860,837,0
521969,-452417,-68903,649,1503176,-1304806,-198790,-420,0
-215809,-810581,1030288,3898,-326778,-1222483,1549678,417,0
-129355,17550,114404,2599,-1508832,214500,1294960,628,0
37609,186838,-224447,0,48670,241791,-290462,-1,1
-1058240,749478,308761,-1,-1586966,1127172,460839,1045,0
0,0,0,0,0,0,0,0,1
-5500,3893,1606,-1,-15882,11243,4639,0,1
30000,30000,30000,90000,60000,60000,60000,180000,1
988687,-502469,-488169,-1951,1632839,-829303,-803957,-421,0
-481019,497268,-16251,-2,-1388595,1439077,-49227,1255,0
-5040,4744,296,0,-14553,13698,854,-1,1
1027038,-822281,-202808,1949,1542347,-1236937,-305621,-211,0
11,116,-127,0,1281,13461,-14742,0,1
-1063440,718926,347113,2599,-1600372,1081088,520330,1046,0
30000,30000,30000,90000,60000,60000,60000,180000,1
-136506,-407566,544720,648,-392133,-1177446,1569369,-210,0
1084240,-564872,-520020,-652,1632630,-850669,-782590,-629,0
5172,4723,-9896,-1,14778,13496,-28274,0,1
34451,101403,-133906,1948,386896,1181635,-1567275,1256,0
-1043290,356213,689675,2598,-1605399,546514,1060350,1465,0
54602,-141706,87753,649,618153,-1618805,1000441,-211,0
-3788,-6026,9814,0,-10823,-17218,28042,1,1
1035488,-769629,-265210,649,1572720,-1168230,-404492,-2,0
2955,2699,-5654,0,8534,7793,-16328,-1,1
879482,-835282,-44202,-2,1448713,-1377702,-71640,-629,0
568121,-1087491,523919,4549,848364,-1633469,784684,-421,0
-976987,629223,348413,649,-1610845,1039403,572488,1046,0
-808631,1030288,-221009,648,-1216827,1552192,-334319,1046,0
-841132,-155356,1002337,5849,-1279669,-238171,1518676,836,0
-83,-57,140,0,-9600,-6643,16244,1,1
692275,-481019,-208658,2598,1592830,-1108739,-484720,-629,0
-1084891,473867,614273,3249,-1628441,710740,918537,836,0
7527,-9331,1804,0,21507,-26661,5154,0,1
-456968,-620774,1081640,3898,-689585,-937600,1627393,208,0
144305,-919785,776779,1299,236913,-1518259,1281134,-212,0
311361,657824,-968537,648,514674,1085277,-1599534,417,0
-1260,74,1186,0,-14553,854,13698,-1,1
-1041340,783929,260659,3248,-1567694,1179121,390247,1674,0
884,4396,-5281,-1,2555,12694,-15249,0,1
-437,-946,1383,0,-5047,-10929,15977,1,1
2164,3443,-5608,-1,6250,9943,-16194,-1,1
124804,-994538,873632,3898,183917,-1497730,1314022,209,0
-632,138,493,-1,-1197,261,935,-1,1
0,0,0,0,0,0,0,0,1
-128705,347763,-218409,649,-601187,1616291,-1014477,627,0
1084240,-616224,-466718,1298,1628021,-926917,-701106,-2,0
0,0,0,0,0,0,0,0,1
1033538,-810581,-222309,648,1551564,-1218294,-333900,-630,0
726077,323062,-1048490,649,1104758,489537,-1593878,417,0
-69840,44499,25340,-1,-111744,71199,40544,-1,1
109204,881433,-988038,2599,164017,1326171,-1488932,1256,0
353613,-207358,-145606,649,1625717,-948493,-677435,-211,0
550,-160,-389,1,15882,-4639,-11243,0,1
353613,-1042640,692925,3898,540020,-1605399,1064749,-630,0
550,-160,-389,1,15882,-4639,-11243,0,1
458267,-518720,61752,1299,1317164,-1495426,177842,-420,0
-988038,434866,554470,1298,-1629070,717025,912881,836,0
-597373,1080990,-482319,1298,-901361,1630744,-728128,1255,0
-650025,83853,568771,2599,-1500034,192086,1308366,418,0
-566172,1084890,-519370,-652,-850250,1633258,-781753,1255,0
-36402,-910685,951635,4548,-59072,-1384615,1443476,-211,0
1055639,-705277,-351014,-652,1603932,-1069987,-534156,-211,0
901583,-975687,75402,1298,1354450,-1468195,113743,-2,0
7527,-9331,1804,0,21507,-26661,5154,0,1
121554,-664325,544070,1299,279227,-1533760,1254112,-421,0
286010,753378,-1038089,1299,433817,1147491,-1580053,1255,0
110,1165,-1276,-1,1281,13461,-14742,0,1
429016,-536271,108554,1299,1233165,-1544652,311066,-421,0
882083,-995188,115704,2599,1320306,-1493541,172814,-421,0
193057,828131,-1021189,-1,291376,1246781,-1536902,1255,0
131954,-988688,861932,5198,195647,-1502548,1306690,-211,0
0,0,0,0,0,0,0,0,1
49401,911984,-962037,-652,75619,1375816,-1450389,1046,0
4494,-9885,5391,0,12840,-28245,15404,-1,1
-971137,61102,912634,2599,-1456883,89444,1367647,208,0
669525,-139756,-529770,-1,1546955,-320284,-1226673,-2,0
-34452,-911335,950335,4548,-54463,-1386919,1441381,-1,0
-154056,351013,-195658,1299,-715559,1629697,-913301,837,0
-311362,298361,13000,-1,-1440335,1386918,54462,1045,0
121554,-125455,6500,2599,1390270,-1437612,46712,-630,0
-627274,29901,599972,2599,-1446200,67031,1379587,418,0
534970,549920,-1083591,1299,806260,827417,-1632840,837,0
-137,40,97,0,-15882,4639,11243,0,1
66302,75402,-139106,2598,746351,885441,-1630955,837,0
-73,-67,141,1,-8534,-7793,16328,1,1
676675,-520020,-154706,1949,1559105,-1201326,-358199,-420,0
-54,140,-86,0,-6250,16194,-9943,1,1
45922,23603,-69526,-1,73476,37765,-111242,-1,1
204988,-211281,6293,0,265279,-273423,8144,0,1
-729978,1058239,-326313,1948,-1100779,1595972,-493937,1256,0
-119605,-3251,124804,1948,-1396136,-35192,1431745,417,0
-986737,108554,884033,5850,-1486838,159408,1328475,1045,0
1414,-707,-707,0,16334,-8167,-8167,0,1
938635,-741678,-198258,-1301,1548631,-1223530,-325521,-420,0
-164457,-761829,928234,1948,-271477,-1259141,1530616,-2,0
-911335,791079,120254,-2,-1501920,1306690,196485,1255,0
88403,807980,-898334,-1951,146421,1336226,-1482020,627,0
30000,30000,30000,90000,60000,60000,60000,180000,1
512869,572671,-1084241,1299,772325,860932,-1632212,1045,0
-3059,9683,-6624,0,-8740,27666,-18925,1,1
330,1025,-1355,0,3813,11848,-15661,0,1
414715,-1078391,666924,3248,619201,-1619015,999394,-420,0
-943186,936035,10400,3249,-1420225,1408703,12987,1465,0
451116,243109,-695527,-1302,1045478,564109,-1609170,417,0
-287311,-749479,1043289,6499,-439474,-1142674,1582566,418,0
-1077741,434866,645474,2599,-1622157,652297,970905,1045,0
125617,114716,-240333,0,162563,148456,-311020,-1,1
825530,-991938,168356,1948,1267728,-1526428,258070,-630,0
-845682,1009487,-161857,1948,-1274432,1522028,-246340,1256,0
-956186,923684,35751,3249,-1438240,1389432,50063,1255,0
133254,864532,-997138,648,200465,1304176,-1503595,1046,0
437,-1383,946,0,5047,-15977,10929,-1,1
826180,-991938,169656,3898,1267728,-1526428,258279,-421,0
928234,-956836,31851,3249,1390479,-1437612,46712,-421,0
-468018,1080340,-612323,-1,-705714,1629069,-922309,1046,0
-729978,1045889,-314612,1299,-1110834,1592830,-480531,1465,0
-9625,2811,6814,0,-27502,8033,19469,0,1
-217759,-341913,562271,2599,-631980,-988502,1620480,-2,0
-35102,-910685,950985,5198,-54882,-1386500,1441800,418,0
-841132,-172257,1017938,4549,-1265425,-260794,1526846,627,0
228649,-178664,-49985,0,295899,-231212,-64686,1,1
-302912,-728028,1033538,2598,-465449,-1123612,1588640,-421,0
482,-497,14,-1,13927,-14354,427,0,1
-69840,25340,44499,-1,-111744,40544,71199,-1,1
-33152,-911985,950335,5198,-53626,-1387338,1441172,208,0
349713,-228159,-120255,1299,1608540,-1048830,-560340,-630,0
-5818,9845,-4026,1,-16625,28129,-11504,0,1
-5172,9896,-4723,1,-14778,28274,-13496,0,1
674725,-1065390,394564,3899,1018246,-1615663,596997,-420,0
-698127,247009,453066,1948,-1610008,569137,1041288,417,0
137805,839831,-978287,-651,214081,1295798,-1508832,1047,0
-806031,-93604,902233,2598,-1329314,-156477,1486627,836,0
2955,-5654,2699,0,8534,-16328,7793,-1,1
0,-8573,8573,0,0,-24494,24494,0,1
110,-1276,1165,-1,1281,-14742,13461,0,1
558370,-358814,-200208,-652,1611473,-1035633,-576469,-629,0
-1053040,341262,715676,3898,-1599743,517397,1083392,1046,0
661074,404315,-1064090,1299,1004002,614173,-1617339,836,0
-72153,139105,-66303,649,-847736,1633468,-784476,1256,0
-70710,35355,35355,0,-113137,56568,56568,-1,1
23400,927584,-951636,-652,37076,1396344,-1432375,1045,0
1083590,-490769,-592823,-2,1630954,-738811,-892354,-211,0
-249610,1040038,-789780,648,-375166,1564760,-1188758,836,0
544720,-665625,122854,1949,1252856,-1534388,281112,-420,0
-463468,692925,-226859,2598,-1073757,1603094,-528500,837,0
-986737,568121,419915,1299,-1626765,936971,690840,1046,0
-1075141,689675,386764,1298,-1611264,1035214,577306,1256,0
-437,1383,-946,0,-5047,15977,-10929,1,1
-253510,563571,-310062,-1,-733364,1630954,-896544,1046,0
69840,-25340,-44499,1,111744,-40544,-71199,1,1
-87104,-810581,897683,-2,-142023,-1338531,1480134,-420,0
-510270,987386,-479068,-1952,-841452,1633677,-791179,1046,0
30000,30000,30000,90000,60000,60000,60000,180000,1
0,-122,122,0,0,-14145,14145,0,1
890533,75402,-963987,1948,1354659,113534,-1467566,627,0
0,0,0,0,0,0,0,0,1
549920,-1086841,541470,4549,821551,-1634097,811706,-840,0
-504,474,29,-1,-14553,13698,854,-1,1
-62403,640273,-576572,1298,-146422,1482857,-1334970,1465,0
247659,-344513,100103,3249,1131780,-1586337,454136,-421,0
5226,-738,-4487,1,15090,-2132,-12958,0,1
1042639,-781980,-259360,1299,1568740,-1178075,-391086,-421,0
-272361,1021838,-748829,648,-421041,1577748,-1156080,627,0
776,8158,-8935,-1,2219,23309,-25528,0,1
120,-124,3,-1,13927,-14354,427,0,1
458267,-1071891,618173,4549,690421,-1627603,937180,-2,0
533669,-1076441,546020,3248,806469,-1633887,827626,208,0
329562,-707877,380264,1949,756824,-1632631,875176,-631,0
-705277,296411,410815,1949,-1625927,683718,943255,1046,0
30000,30000,30000,90000,60000,60000,60000,180000,1
228649,-178664,-49985,0,295899,-231212,-64686,1,1
-64353,-76703,142355,1299,-745095,-886279,1631373,-1,0
482,14,-497,-1,13927,427,-14354,0,1
-667576,-379615,1048489,1298,-1026836,-586315,1613358,207,0
-2164,-3443,5608,1,-6250,-9943,16194,1,1
1010787,-163157,-846982,648,1521400,-246131,-1275270,-1,0
725427,325662,-1049140,1949,1101616,493936,-1594926,626,0
5656,-2828,-2828,0,16334,-8167,-8167,0,1
-66953,887283,-821631,-1301,-110812,1467565,-1355498,1255,0
11,-127,116,0,1281,-14742,13461,0,1
142355,837881,-979587,649,218689,1293074,-1510718,1045,0
30000,30000,30000,90000,60000,60000,60000,180000,1
-36946,70686,-33740,0,-59113,113098,-53984,1,1
5547,-63822,58274,-1,8876,-102115,93239,0,1
1409,-608,-801,0,16283,-7032,-9251,0,1
-52002,139105,-85154,1949,-618783,1619014,-999185,1046,0
453066,-1080341,630523,3248,678272,-1626346,948282,208,0
-502469,474517,27301,-651,-1451227,1374769,77504,1046,0
-470,-172,642,0,-890,-325,1215,0,1
88,-528,439,-1,2555,-15249,12694,0,1
-263910,334112,-68903,1299,-1222693,1549678,-325521,1464,0
841781,137155,-976987,1949,1298311,209263,-1506947,627,0
-91,-47,139,1,-10608,-5452,16060,0,1
-1088141,548620,542120,2599,-1632840,823018,810868,1046,0
328912,-53953,-275611,-652,1519095,-240685,-1278203,207,0
538870,-122855,-417966,-1951,1556382,-350867,-1206144,-629,0
353613,-208008,-145606,-1,1625717,-949331,-676597,-211,0
30000,30000,30000,90000,60000,60000,60000,180000,1
-56124,-174391,230515,0,-72631,-225683,298314,0,1
289910,29901,-319162,649,1337064,143907,-1480553,418,0
0,0,0,0,0,0,0,0,1
-368564,976986,-611023,-2601,-608519,1617548,-1007983,1046,0
559020,-206708,-353614,-1302,1613987,-592180,-1021808,-1,0
0,0,0,0,0,0,0,0,1
505068,-1060840,559020,3248,773373,-1633259,859256,-630,0
-670826,-376365,1048489,1298,-1031235,-581287,1612520,-2,0
-562922,1084890,-521970,-2,-846270,1633468,-786151,1047,0
126754,-120255,-5201,1298,1452274,-1373722,-79181,-629,0
-22101,-927585,954235,4549,-36868,-1396345,1432583,-630,0
968536,-110505,-856083,1948,1492702,-173025,-1319888,-211,0
93603,46151,-137806,1948,1062445,543162,-1605190,417,0
1058889,-578522,-479068,1299,1630744,-892145,-739020,-421,0
343212,-250260,-92304,648,1579843,-1148330,-432352,-839,0
961386,-686426,-274961,-1,1585079,-1133248,-452462,-631,0
757928,171606,-929535,-1,1252227,281950,-1533760,417,0
-1075791,392614,684475,1298,-1613150,587989,1025997,836,0
-1076441,413415,666924,3898,-1617968,620039,998765,836,0
-558,202,355,-1,-16133,5853,10279,-1,1
30000,30000,30000,90000,60000,60000,60000,180000,1
-558371,358813,200207,649,-1611474,1036470,575840,836,0
141055,-91004,-49402,649,1611892,-1033748,-578774,-630,0
771578,-1018589,248309,1298,1183939,-1566856,382497,-420,0
-438117,-640274,1081640,3249,-659211,-964622,1623622,-211,0
851531,-1010138,160556,1949,1279040,-1519934,241103,209,0
-442667,-623374,1072540,6499,-675759,-949959,1626136,418,0
216,344,-560,0,6250,9943,-16194,-1,1
30000,30000,30000,90000,60000,60000,60000,180000,1
564221,-323713,-241160,-652,1627393,-932363,-695450,-420,0
537,69,-607,-1,1018,131,-1149,0,1
155,482,-637,0,293,912,-1206,-1,1
914584,-967887,55902,2599,1371417,-1454579,82741,-421,0
-262610,-436817,701376,1949,-606843,-1009868,1616710,-1,0
115704,13650,-126755,2599,1323448,167159,-1490399,208,0
-537,607,-69,1,-1018,1149,-131,0,1
-326313,704626,-377015,1298,-757454,1632630,-873921,1255,0
733877,-1060840,328912,1949,1101616,-1595973,493936,-421,0
-65328,56098,9229,-1,-104525,89757,14767,-1,1
-999,-366,1366,1,-11549,-4227,15777,1,1
-250910,1040688,-788480,1298,-377680,1565389,-1186873,836,0
825530,-992588,169006,1948,1267519,-1526428,258489,-420,0
-523920,1082290,-558371,-1,-789922,1633677,-842500,1255,0
55902,-141706,87753,1949,624438,-1619643,994785,-420,0
-221,1320,-1099,0,-2555,15249,-12694,0,1
73,-141,67,-1,8534,-16328,7793,-1,1
131954,-113755,-16901,1298,1505689,-1300826,-205703,-840,0
-687076,192407,494668,-1,-1582567,444082,1139321,836,0
754028,-1055640,303561,1949,1129895,-1586966,456650,-421,0
204988,-211281,6293,0,265279,-273423,8144,0,1
592172,480367,-1071891,648,900732,730012,-1630117,627,0
-9751,126104,-115055,1298,-126522,1474059,-1346491,1046,0
-988688,433566,555770,648,-1628860,714930,914767,837,0
776,8158,-8935,-1,2219,23309,-25528,0,1
-332,562,-230,0,-9600,16244,-6643,1,1
-400,-146,546,0,-11550,-4227,15777,0,1
713076,-1039389,328262,1949,1092819,-1598068,504829,-420,0
221658,339312,-561622,-652,638263,983055,-1621110,208,0
936035,5850,-942536,-651,1410589,7959,-1417921,627,0
261309,436816,-697477,648,603281,1012800,-1615873,208,0
852181,-1009488,160556,3249,1279249,-1519515,240474,208,0
-119605,991937,-871683,649,-180356,1496682,-1315280,1046,0
492718,-1086841,597372,3249,736296,-1631374,894657,-421,0
936035,-7801,-924335,3899,1421900,-14664,-1406610,626,0
-5639,3204,2435,0,-16283,9251,7032,0,1
205407,-353614,150805,2598,936971,-1627603,690003,-629,0
83853,-980237,898983,2599,124426,-1472803,1348585,208,0
1074490,-495319,-578522,649,1631373,-752845,-878738,-210,0
8820,-8302,-518,0,25201,-23721,-1480,0,1
-32101,-38511,70613,1,-51363,-61618,112982,1,1
-855433,-146906,1006237,3898,-1289514,-222460,1512811,837,0
-69840,25340,44499,-1,-111744,40544,71199,-1,1
-738,1413,-674,1,-8534,16328,-7793,1,1
-4301,-1030,5332,1,-12420,-2976,15397,1,1
-134,29,105,0,-15534,3396,12138,0,1
-174,-378,553,1,-5047,-10929,15977,1,1
-2568,-3080,5649,1,-7415,-8896,16311,0,1
-241160,-710477,952285,648,-397580,-1173676,1571045,-211,0
354263,-159256,-193708,1299,1629906,-728756,-901571,-421,0
-590873,-477768,1075140,6499,-900943,-729175,1630535,417,0
-1077741,433566,646774,2599,-1622576,651669,971743,836,0
1205,-1242,37,0,13927,-14354,427,0,1
379614,-707227,330862,3249,871825,-1632631,760385,-421,0
-1320,5423,-4103,0,-3813,15661,-11848,0,1
-352964,157955,196307,1298,-1629907,730850,900104,1047,0
85803,894433,-979587,649,129663,1345652,-1474479,836,0
1051739,-765079,-283411,3249,1578795,-1151472,-427953,-630,0
-1008838,825530,187207,3899,-1532922,1254950,279227,1255,0
-253510,562921,-310062,-651,-733155,1631373,-896963,1255,0
673425,-1065390,395214,3249,1017408,-1615873,598253,-212,0
-54,-86,140,0,-6250,-9943,16194,1,1
306161,1300,-305512,1949,1408913,10473,-1419387,-1,0
537,-420,-117,0,15534,-12138,-3396,0,1
522,-73,-448,1,15090,-2132,-12958,0,1
280160,-703327,425115,1948,642033,-1622366,979703,-630,0
300311,-967237,668225,1299,492051,-1595344,1102664,-629,0
826830,-991938,167706,2598,1269195,-1525381,255766,-420,0
-256760,-785880,1044589,1949,-383754,-1183312,1566855,-211,0
-740378,-313312,1058889,5199,-1116490,-473828,1590735,417,0
-1077091,414715,665624,3248,-1618386,622133,996880,627,0
226208,-349714,125454,1948,1038984,-1611474,572069,-421,0
400,146,-546,0,11550,4227,-15777,0,1
-400,-146,546,0,-11550,-4227,15777,0,1
-7527,-1804,9331,0,-21507,-5154,26661,0,1
-2164,5608,-3443,1,-6250,16194,-9943,1,1
841781,172906,-1013388,1299,1267519,258489,-1525590,418,0
50051,912634,-962037,648,74991,1375816,-1449970,837,0
843731,135855,-976987,2599,1299568,207168,-1506109,627,0
-189158,-164457,355563,1948,-874968,-757035,1631792,-211,0
-114,129,-14,1,-13214,14922,-1707,1,1
347,317,-664,0,657,600,-1258,-1,1
-277561,700726,-421216,1949,-643710,1622575,-977400,1465,0
-5639,3204,2435,0,-16283,9251,7032,0,1
140,-80,-60,0,16283,-9251,-7032,0,1
-131305,988037,-855433,1299,-201094,1504851,-1302502,1255,0
-328913,52651,278210,1948,-1520563,245292,1275898,627,0
1073840,-688376,-384165,1299,1611892,-1034796,-577307,-211,0
1083590,-582422,-500519,649,1631582,-879157,-752426,-1,0
-72803,-67603,143655,3249,-856534,-776097,1632420,-211,0
640924,439416,-1079691,649,965250,658791,-1623414,627,0
1396,-889,-506,1,16133,-10279,-5853,1,1
0,0,0,0,0,0,0,0,1
1082940,-508320,-573972,648,1632211,-768556,-864075,-420,0
35101,101403,-133906,2598,388571,1179959,-1567694,836,0
-877533,835281,42251,-1,-1446828,1379796,68078,1046,0
889883,76052,-964637,1298,1353612,115209,-1467985,836,0
-103354,-553821,659124,1949,-238799,-1280088,1518676,-211,0
-988688,436166,553170,648,-1629070,718910,911415,1255,0
890533,53952,-942536,1949,1372255,81065,-1452694,626,0
-24701,929534,-904834,-1,-38125,1433840,-1394670,1045,0
1058889,-580472,-477118,1299,1630535,-894868,-735669,-2,0
-3788,-6026,9814,0,-10823,-17218,28042,1,1
-928235,-23401,956185,4549,-1394670,-37915,1433002,417,0
-420566,-656525,1080990,3899,-633027,-987455,1620480,-2,0
-1053690,707226,350363,3899,-1602257,1074175,529546,1464,0
137,-40,-97,0,15882,-4639,-11243,0,1
55902,888583,-944486,-1,86931,1369532,-1455626,837,0
-6429,9733,-3304,0,-18369,27810,-9441,0,1
969186,-915235,-52002,1949,1451855,-1374141,-78553,-839,0
-109146,240086,-130940,0,-141248,310700,-169451,1,1
642874,439416,-1079041,3249,966297,657534,-1623204,627,0
-117655,661724,-542771,1298,-275038,1532502,-1256208,1256,0
140,-60,-80,0,16283,-7032,-9251,0,1
-132,-410,542,0,-3813,-11848,15661,0,1
813180,-1032889,222308,2599,1218502,-1551984,333061,-421,0
-911985,965286,-50702,2599,-1372675,1453112,-79391,1046,0
920434,-919135,650,1949,1414569,-1414570,-419,-420,0
530419,531719,-1059540,2598,817362,816315,-1632840,837,0
-822931,1025088,-201508,649,-1236518,1542766,-304783,1465,0
-1060840,510919,553170,3249,-1632212,785103,848154,1045,0
-351664,204757,148855,1948,-1625299,948701,677853,1255,0
120904,-664325,545370,1949,276294,-1532503,1255998,-211,0
1082940,-618824,-463468,648,1627812,-930897,-696707,208,0
356213,-1043290,689675,2598,545676,-1606447,1060560,-211,0
605822,477767,-1080991,2598,911834,718281,-1629070,1045,0
1082940,-619474,-462818,648,1627602,-932573,-695450,-421,0
-685126,1070590,-384165,1299,-1032491,1612730,-579402,837,0
-607123,-471268,1083590,5199,-915606,-713046,1629278,626,0
431,221,-653,-1,817,420,-1237,0,1
332162,-707877,378964,3249,761014,-1632840,870777,-1049,0
-400,546,-146,0,-11550,15777,-4227,0,1
-615574,1080340,-462818,1948,-927965,1628440,-699220,1255,0
-987387,570071,417315,-1,-1626346,940741,686860,1255,0
-521320,-550571,1077090,5199,-793064,-840195,1633468,209,0
-989988,824880,167706,2598,-1524333,1270242,255347,1256,0
-162507,-763779,927584,1298,-266450,-1262492,1528941,-1,0
247659,-344513,99453,2599,1132409,-1586128,453089,-630,0
1074490,-495969,-577872,649,1631582,-754102,-877901,-421,0
131954,864532,-997788,-1302,201512,1303758,-1503805,1465,0
109146,130940,-240086,0,141248,169451,-310700,-1,1
30000,30000,30000,90000,60000,60000,60000,180000,1
382864,596722,-981537,-1951,634911,985987,-1620481,417,0
-60453,967886,-907434,-1,-91540,1458767,-1366181,1046,0
592,-557,-34,1,1121,-1055,-65,1,1
1005587,-865833,-137156,2598,1506318,-1300197,-206750,-629,0
-675376,519369,157955,1948,-1558896,1201116,358826,1046,0
89053,249609,-339313,-651,406795,1166972,-1572931,836,0
-1072541,497268,579821,4548,-1631164,754520,877900,1256,0
986086,-436167,-552521,-2602,1629278,-719539,-910369,-630,0
-746878,934735,-187858,-1,-1232119,1545070,-311905,1046,0
134,-105,-29,0,15534,-12138,-3396,0,1
-290561,564221,-273661,-1,-841452,1633677,-791388,837,0
-10401,-117655,130004,1948,-135529,-1342092,1477201,-420,0
-255460,-787180,1043939,1299,-382079,-1184569,1566436,-212,0
-501169,476467,25350,648,-1448923,1377701,72058,836,0
804730,92953,-899634,-1951,1332036,152705,-1484324,417,0
-250910,1040688,-789130,648,-376842,1565389,-1187711,836,0
-81904,-57853,141705,1948,-963575,-660258,1623622,-211,0
-484269,-11051,496618,1298,-1397183,-33307,1430907,417,0
-369214,976986,-611023,-3251,-609985,1617548,-1007145,418,0
127404,-9101,-117005,1298,1456254,-88189,-1368067,-2,0
-809931,1028988,-219709,-652,-1218294,1551564,-332015,1255,0
-849582,-16251,867132,1299,-1398650,-30374,1429441,417,0
1082290,-580472,-501169,649,1631792,-877272,-754521,-1,0
-418616,-657825,1080340,3899,-630094,-989968,1620271,209,0
1073840,-494669,-579172,-1,1631582,-752007,-879576,-1,0
-83854,524569,-442017,-1302,-244874,1521609,-1275689,1046,0
1205,37,-1242,0,13927,427,-14354,0,1
-1006238,177456,833331,4549,-1528732,267706,1261863,837,0
408215,295111,-702677,649,942836,684137,-1626137,836,0
161856,764428,-926935,-651,267915,1261863,-1529151,627,0
800179,235958,-1033539,2598,1205096,352333,-1557011,418,0
949685,-18201,-928885,2599,1429441,-30793,-1398650,-2,0
-403016,-142356,546670,1298,-1163831,-410148,1574396,417,0
30000,30000,30000,90000,60000,60000,60000,180000,1
-521320,450466,70852,-2,-1504433,1302501,203397,1465,0
-533670,-547971,1086190,4549,-805004,-828256,1633468,208,0
-174,553,-378,1,-5047,15977,-10929,1,1
1548,7693,-9241,0,4424,21981,-26405,0,1
30000,30000,30000,90000,60000,60000,60000,180000,1
753378,-1056940,305511,1949,1127800,-1587594,459164,-630,0
586321,397164,-983487,-2,969858,653764,-1622785,837,0
-375065,705276,-327613,2598,-869941,1632839,-761643,1255,0
-170000,-62224,232224,0,-220000,-80525,300525,0,1
550,-160,-389,1,15882,-4639,-11243,0,1
30000,30000,30000,90000,60000,60000,60000,180000,1
-11,127,-116,0,-1281,14742,-13461,0,1
-371164,978286,-608423,-1301,-613546,1618385,-1004003,836,0
318511,-24701,-292511,1299,1466099,-110602,-1355708,-211,0
173556,-681226,508319,649,399254,-1571674,1171790,-630,0
-141313,239099,-97786,0,-182875,309422,-126546,1,1
-140406,79302,62402,1298,-1627603,926078,702571,1046,0
371163,-1067991,700726,3898,554474,-1608332,1053647,-211,0
-1375,973,401,-1,-15882,11243,4639,0,1
-16507,67798,-51291,0,-26411,108478,-82066,1,1
-341263,246359,96853,1949,-1580681,1145187,436541,1047,0
-1006238,176806,833981,4549,-1528104,266658,1262701,1255,0
-263910,-436817,702026,1299,-608519,-1008402,1616919,-2,0
-83854,525219,-441367,-2,-245084,1521400,-1275480,836,0
107,25,-133,-1,12420,2976,-15397,-1,1
677325,-519370,-156656,1299,1560152,-1198603,-361969,-420,0
0,0,0,0,0,0,0,0,1
-9777,6229,3547,-1,-27936,17799,10136,-1,1
330862,-564222,233358,-2,949749,-1626137,675758,-630,0
609072,-617524,10400,1948,1403676,-1425253,20737,-840,0
0,0,0,0,0,0,0,0,1
6429,3304,-9733,0,18369,9441,-27810,0,1
840481,159905,-998438,1948,1278621,241522,-1519096,1047,0
27059,43045,-70105,-1,43295,68873,-112169,-1,1
1019888,-189158,-829432,1298,1536063,-287606,-1248458,-1,0
1073190,-499219,-574622,-651,1632001,-758501,-873292,208,0
-11061,66014,-54952,1,-17698,105622,-87924,0,1
600622,-1082941,486218,3899,899475,-1630955,731478,-2,0
974386,-92954,-878833,2599,1480134,-142442,-1337484,208,0
-550571,165106,388064,2599,-1590527,475084,1116070,627,0
1060189,-507670,-551221,1298,1632630,-784057,-848784,-211,0
16507,51291,-67798,0,26411,82066,-108478,-1,1
949685,-18851,-928235,2599,1429860,-31421,-1398440,-1,0
590872,481018,-1072541,-651,900104,731059,-1630117,1046,0
-670176,137805,534320,1949,-1545281,316932,1229185,836,0
8008,-9043,1034,-1,22882,-25838,2956,0,1
1078390,-433567,-642875,1948,1623203,-655441,-967974,-212,0
30000,30000,30000,90000,60000,60000,60000,180000,1
380264,667575,-1046540,1299,586314,1027463,-1612940,837,0
-1075791,654574,425765,4548,-1620481,983055,638682,1256,0
390,-661,270,-1,739,-1251,511,-1,1
0,1224,-1224,0,0,14145,-14145,0,1
459567,53952,-515470,-1951,1328475,158780,-1486838,417,0
565521,83853,-648725,649,1307319,194600,-1501291,628,0
-548621,392614,157955,1948,-1585290,1133666,452670,1046,0
65652,75402,-138456,2598,743628,888164,-1630955,837,0
148205,-1005588,859982,2599,221412,-1512393,1290770,-211,0
-347114,225558,122854,1298,-1607913,1049667,559292,1046,0
-916535,919784,-1951,1298,-1410590,1418549,-6075,1884,0
-352964,157955,196307,1298,-1629698,729383,901151,836,0
-3788,-6026,9814,0,-10823,-17218,28042,1,1
0,0,0,0,0,0,0,0,1
218408,809280,-1027689,-1,329919,1221225,-1549889,1255,0
-7000,-2562,9562,0,-20000,-7320,27320,0,1
-62403,139755,-76053,1299,-736297,1631582,-893820,1465,0
-691626,956835,-266510,-1301,-1142046,1582775,-439893,836,0
-918,1390,-472,0,-10608,16060,-5452,0,1
491418,-1086191,599322,4549,733573,-1631374,897171,-630,0
92003,146356,-238359,0,119063,189402,-308465,0,1
-52,-547,599,0,-98,-1037,1136,1,1
30000,30000,30000,90000,60000,60000,60000,180000,1
34451,101403,-134556,1298,382287,1184568,-1566018,837,0
-21850,-47314,69165,1,-34961,-75703,110664,0,1
-771579,-276261,1052389,4549,-1158803,-417061,1576072,208,0
-233773,68281,165491,-1,-302530,88364,214165,-1,1
-222115,31380,190735,0,-287443,40610,246833,0,1
-222959,-785230,1011437,3248,-344164,-1210962,1554706,-420,0
-136506,96853,41601,1948,-1587175,1126125,461887,837,0
984786,-100754,-883384,648,1485370,-154591,-1330780,-1,0
131954,-19501,-110505,1948,1510926,-218481,-1292238,207,0
537,69,-607,-1,1018,131,-1149,0,1
-759229,-170307,930834,1298,-1251181,-282998,1534806,627,0
458917,55252,-515470,-1301,1325543,163388,-1488723,208,0
-137156,40951,99453,3248,-1589270,471104,1118793,627,0
-1046540,274310,776129,3899,-1573559,409100,1165296,837,0
139,-50,-88,1,16133,-5853,-10279,1,1
4301,-5332,1030,-1,12420,-15397,2976,-1,1
598022,26000,-624024,-2,1383148,60956,-1443686,418,0
136505,406265,-542771,-1,390457,1178493,-1568323,627,0
-351664,204757,148855,1948,-1625299,948282,678063,1046,0
-936686,-3251,945785,5848,-1409961,-7751,1418549,837,0
527169,-1084891,560971,3249,789921,-1633678,843755,-2,0
136505,-106604,-26651,3250,1551564,-1217665,-334528,-629,0
68756,-48674,-20082,0,110011,-77878,-32132,1,1
1300,-123505,124154,1949,0,-1414779,1414150,-629,0
-211908,558370,-346463,-1,-614174,1618176,-1003584,418,0
-1086191,566171,522619,2599,-1632002,850668,782799,1465,0
-128705,540170,-412116,-651,-373281,1564132,-1190224,627,0
-5172,9896,-4723,1,-14778,28274,-13496,0,1
614,-527,-86,1,1162,-998,-164,0,1
842431,135855,-976987,1299,1298940,208006,-1506528,418,0
505718,-35752,-471918,-1952,1461071,-98662,-1362201,208,0
30000,30000,30000,90000,60000,60000,60000,180000,1
54,86,-140,0,6250,9943,-16194,-1,1
614,-86,-527,1,1162,-164,-998,0,1
5379,-1176,-4203,0,15534,-3396,-12138,0,1
-796930,906783,-109855,-2,-1313813,1497729,-182661,1255,0
-1006238,144955,864532,3249,-1509251,215337,1294541,627,0
0,0,0,0,0,0,0,0,1
-453717,1067339,-613623,-1,-691470,1627812,-935296,1046,0
-789130,-215809,1010787,5848,-1216199,-335576,1552192,417,0
12350,-128055,118304,2599,126730,-1473641,1346699,-212,0
75402,66302,-139106,2598,854229,778819,-1632421,627,0
578521,-1060190,484918,3249,886488,-1631793,744675,-630,0
-163157,-763129,926934,648,-268963,-1260817,1529779,-1,0
402365,141055,-545371,-1951,1163830,410356,-1574188,-2,0
843081,157305,-997788,2598,1281134,237542,-1517840,836,0
23400,-132605,111804,2599,250110,-1523076,1272756,-210,0
705926,-392615,-312662,649,1629697,-905760,-724148,-211,0
-942536,936035,9100,2599,-1419178,1409541,10892,1255,0
-22,132,-109,1,-2555,15249,-12694,0,1
156137,80252,-236390,-1,202060,103856,-305917,-1,1
300961,751428,-1052390,-1,454346,1131990,-1585499,837,0
-341263,247009,96853,2599,-1580472,1145815,435703,1046,0
170000,62224,-232224,0,220000,80525,-300525,0,1
-988688,826830,164456,2598,-1522029,1273803,249272,1046,0
-854132,-149506,1007537,3899,-1286582,-227069,1514487,836,0
481668,-499869,17550,-651,1387128,-1440544,52787,-629,0
226208,-349714,126104,2598,1036051,-1612102,575211,-840,0
56124,-230515,174391,0,72631,-298314,225683,0,1
-109146,-130940,240086,0,-141248,-169451,310700,1,1
-3325,-2300,5625,0,-9600,-6643,16244,1,1
254809,85153,-338013,1949,1173256,397579,-1570627,208,0
141055,-89704,-49402,1949,1612730,-1030187,-582963,-420,0
672125,-1075141,405615,2599,1007354,-1617549,610403,208,0
5226,-738,-4487,1,15090,-2132,-12958,0,1
-1013388,168356,846981,1949,-1523076,252205,1271499,628,0
-41602,507669,-467368,-1301,-121285,1471964,-1349842,837,0
-605823,616223,-9101,1299,-1400954,1427765,-25556,1255,0
-575922,641574,-63703,1949,-1330990,1485370,-152916,1464,0
-745578,935385,-190458,-651,-1229605,1546327,-315466,1256,0
-684476,1071240,-384815,1949,-1030816,1613149,-581078,1255,0
5226,-738,-4487,1,15090,-2132,-12958,0,1
533019,551870,-1083591,1298,803746,829721,-1632840,627,0
674075,-1064740,395864,5199,1017199,-1615873,598672,-2,0
131954,866482,-997138,1298,198580,1305433,-1502758,1255,0
-330,1355,-1025,0,-3813,15661,-11848,0,1
-770279,-277561,1053039,5199,-1157547,-418527,1576491,417,0
-82554,979586,-897034,-2,-123380,1472592,-1348376,836,0
-178107,352313,-172257,1949,-829722,1633886,-802909,1255,0
300311,-966587,668225,1949,493098,-1595763,1101826,-839,0
-23401,-927585,954235,3249,-36868,-1396136,1432793,-211,0
330,1025,-1355,0,3813,11848,-15661,0,1
221,1099,-1320,0,2555,12694,-15249,0,1
662,-376,-286,0,1254,-712,-541,1,1
-113755,-14301,130654,2598,-1324706,-164227,1489350,417,0
-224909,691625,-465418,1298,-522006,1602047,-1078994,1047,0
969186,-61103,-908735,-652,1458977,-93425,-1365343,209,0
-300962,-749479,1054339,3898,-453718,-1131991,1586127,418,0
588272,393914,-982837,-651,973629,649155,-1622157,627,0
-248960,1040038,-790430,648,-374328,1564551,-1189386,837,0
563,-320,-243,0,16283,-9251,-7032,0,1
-1306,1121,184,-1,-15090,12958,2132,0,1
512869,-991288,478417,-2,843337,-1633469,789921,-211,0
1061489,-507019,-552521,1949,1632420,-782800,-850041,-421,0
-705927,1036788,-330213,648,-1087792,1599533,-510485,1256,0
30000,30000,30000,90000,60000,60000,60000,180000,1
1005587,-146906,-858033,648,1512183,-221832,-1290352,-1,0
0,0,0,0,0,0,0,0,1
301,-663,362,0,571,-1256,685,0,1
-993888,874932,120904,1948,-1494798,1317373,178680,1255,0
457617,-520020,63702,1299,1312765,-1498149,184964,-420,0
215158,-560972,347113,1299,614383,-1618177,1003374,-420,0
169999,-232224,62224,-1,219999,-300525,80525,-1,1
-1053690,707876,349713,3899,-1602048,1075432,528290,1674,0
-1051740,765078,288610,1948,-1578796,1150423,429837,1464,0
1005587,-144956,-859333,1298,1511554,-219947,-1291190,417,0
-6501,-852832,861282,1949,-12569,-1408704,1420643,-630,0
1041989,-353614,-687726,649,1605817,-546515,-1059513,-211,0
63702,-969837,908734,2599,94681,-1459816,1364924,-211,0
-726078,-321763,1052389,4548,-1103084,-491423,1595134,627,0
30000,30000,30000,90000,60000,60000,60000,180000,1
-470,642,-172,0,-890,1215,-325,0,1
30000,30000,30000,90000,60000,60000,60000,180000,1
-9625,2811,6814,0,-27502,8033,19469,0,1
-118305,-863883,986086,3898,-182451,-1314651,1497101,-1,0
13000,114404,-126105,1299,135738,1342300,-1477202,836,0
-1018589,189807,833981,5199,-1533969,282788,1252227,1046,0
-710477,-355564,1071240,5199,-1066635,-537717,1604560,208,0
-938636,920434,19500,1298,-1427138,1401372,27440,1674,0
854782,151455,-1004288,1949,1288466,225183,-1513231,418,0
213858,135855,-349064,649,982426,638891,-1620900,417,0
1086190,-545371,-542121,-1302,1633049,-819877,-813592,-420,0
44851,92953,-136506,1298,507761,1090933,-1598068,626,0
367263,-557071,191107,1299,1054694,-1607913,552588,-631,0
-222115,31380,190735,0,-287443,40610,246833,0,1
-1082291,633123,449816,648,-1624880,952262,673664,1046,0
338662,-79953,-258060,649,1560780,-364274,-1196718,-212,0
529769,530419,-1059540,648,817571,816105,-1632840,836,0
134,-29,-105,0,15534,-3396,-12138,0,1
-978287,628573,349713,-1,-1611055,1037727,574164,836,0
45922,-69526,23603,-1,73476,-111242,37765,-1,1
-1007538,180706,831381,4549,-1530198,272314,1258930,1046,0
593472,478417,-1071891,-2,903246,727289,-1629698,837,0
-109146,240086,-130940,0,-141248,310700,-169451,1,1
-245060,341912,-96204,648,-1133248,1585708,-451205,1255,0
758578,171606,-929535,649,1252646,281531,-1533550,627,0
-911985,789779,122204,-2,-1502967,1305224,199208,1465,0
67249,-52548,-14701,0,107599,-84077,-23522,0,1
-8440,8699,-259,0,-24116,24856,-740,0,1
331512,-564222,233358,648,951215,-1625927,674292,-420,0
-445917,-620774,1072540,5849,-679320,-946817,1626345,208,0
0,0,0,0,0,0,0,0,1
-46802,326312,-276911,2599,-223089,1513649,-1289305,1255,0
-7527,9331,-1804,0,-21507,26661,-5154,0,1
1083590,-583072,-499869,649,1631792,-880205,-751589,-2,0
-993888,876882,119604,2598,-1493541,1318840,175957,1256,0
182813,43812,-226626,-1,236582,56698,-293281,-1,1
-118305,661724,-543421,-2,-276086,1532711,-1255580,1045,0
537,-607,69,-1,1018,-1149,131,0,1
1023788,-277561,-747529,-1302,1578795,-427744,-1151053,-2,0
-301,663,-362,0,-571,1256,-685,0,1
-3673,5562,-1888,1,-10608,16060,-5452,0,1
-229459,1032238,-802781,-2,-345630,1555963,-1209286,1047,0
960085,-689676,-271711,-1302,1583194,-1137856,-446387,-1049,0
958785,-924985,-31852,1948,1438448,-1389642,-49227,-421,0
-134,105,29,0,-15534,12138,3396,0,1
138455,839831,-978287,-1,214918,1295588,-1509042,1464,0
-9625,2811,6814,0,-27502,8033,19469,0,1
156655,-353614,198907,1948,716815,-1629698,912672,-211,0
150805,-1006238,858682,3249,223297,-1513231,1289932,-2,0
878832,-997138,120254,1948,1316326,-1496264,179937,-1,0
788479,221658,-1007538,2599,1213894,339555,-1553031,418,0
957485,-877533,-78003,1949,1471336,-1350052,-121704,-420,0
-224909,691625,-465418,1298,-523054,1602256,-1078156,1046,0
638973,-975037,338012,1948,1050505,-1608751,557616,-630,0
-635724,1080340,-443967,649,-954777,1625508,-669475,1256,0
2568,3080,-5649,-1,7415,8896,-16311,0,1
-136506,97503,40951,1948,-1585918,1130314,456650,1046,0
0,0,0,0,0,0,0,0,1
-843732,996487,-150156,2599,-1283859,1516791,-231258,1674,0
1748,-5533,3785,0,5047,-15977,10929,-1,1
-945136,215158,731927,1949,-1557011,353170,1204886,1045,0
-956186,923034,35751,2599,-1438030,1389641,49435,1046,0
-487519,1082940,-594773,648,-734621,1630954,-895496,837,0
1032888,-259360,-772229,1299,1569788,-394438,-1175142,208,0
-40952,507669,-466718,-1,-120866,1471336,-1349842,628,0
273660,-1023789,752728,2599,419364,-1577330,1157127,-839,0
84503,55252,-139106,649,964621,659838,-1623414,1045,0
-823581,1024438,-200858,-1,-1237356,1542347,-303317,1674,0
-67249,52548,14701,0,-107599,84077,23522,0,1
0,0,0,0,0,0,0,0,1
-70492,40050,30441,-1,-112788,64081,48706,-1,1
796279,-1038739,244409,1949,1194832,-1562457,367205,-420,0
-177457,352313,-172257,2599,-825742,1633886,-807099,1045,0
-86454,-894434,983486,2598,-131340,-1344396,1475944,208,0
-52,-547,599,0,-98,-1037,1136,1,1
5818,4026,-9845,-1,16625,11504,-28129,0,1
1024438,-274961,-749479,-2,1577538,-423973,-1153986,-421,0
879482,-997138,119604,1948,1316535,-1495845,179308,-2,0
227508,-694877,469317,1948,520749,-1601629,1080041,-839,0
167706,185256,-351664,1298,768974,863865,-1632002,837,0
-140406,70202,72152,1948,-1632631,820504,812963,836,0
398464,-548621,151455,1298,1145606,-1581310,435493,-211,0
339312,-80604,-257410,1298,1561828,-368044,-1194204,-420,0
-52652,-87104,141705,1949,-625695,-993948,1619433,-210,0
840481,161856,-999088,3249,1276945,244035,-1519934,1046,0
-174,-378,553,1,-5047,-10929,15977,1,1
-166407,1012087,-846332,-652,-249692,1523285,-1272547,1046,0
170000,-232224,62224,0,220000,-300525,80525,0,1
-211908,1015988,-804081,-1,-323217,1548841,-1224368,1256,0
136505,-106604,-26651,3250,1551145,-1218713,-332853,-421,0
494668,188507,-683826,-651,1142254,439892,-1581938,208,0
-244410,341912,-96204,1298,-1132619,1585917,-452252,1046,0
-948386,23400,930184,5198,-1429861,32677,1398439,1255,0
0,0,0,0,0,0,0,0,1
332,-562,230,0,9600,-16244,6643,-1,1
0,0,0,0,0,0,0,0,1
-666925,1072540,-403666,1949,-1006098,1617757,-610613,1046,0
-136506,40301,99453,3248,-1588013,465657,1122983,627,0
-297712,-751429,1053689,4548,-450786,-1134295,1585289,208,0
-828132,-194358,1026388,3898,-1244059,-293891,1538367,417,0
-1084241,509619,576571,1949,-1631793,766670,866379,1256,0
537,-420,-117,0,15534,-12138,-3396,0,1
-969837,60452,913284,3899,-1455836,87769,1368485,418,0
355563,-1043940,690975,2598,544000,-1606237,1061817,-420,0
707226,-347764,-358814,648,1633049,-801234,-832026,-211,0
551220,-166407,-386765,-1952,1590526,-475085,-1115862,-421,0
-139106,50051,91003,1948,-1613569,590503,1023693,627,0
92003,-238359,146356,0,119063,-308465,189402,0,1
1375,-401,-973,1,15882,-4639,-11243,0,1
155,-637,482,0,293,-1206,912,-1,1
-891834,-52652,947085,2599,-1370999,-82323,1454159,837,0
30000,30000,30000,90000,60000,60000,60000,180000,1
65002,-143006,78002,-2,739857,-1631583,891306,-420,0
-124805,117654,9100,1949,-1454160,1370998,84208,1046,0
11700,-128055,118954,2599,122750,-1472175,1349213,-212,0
843081,157955,-997788,3248,1280506,238170,-1517840,836,0
-704627,-248960,954885,1298,-1162783,-411824,1574606,-1,0
-132605,104653,31201,3249,-1552822,1214522,339136,836,0
0,0,0,0,0,0,0,0,1
504,-29,-474,1,14553,-854,-13698,1,1
646,-457,-188,1,1223,-866,-357,0,1
262609,436816,-697477,1948,604538,1011962,-1616082,418,0
-522,73,448,-1,-15090,2132,12958,0,1
523919,464767,-988688,-2,864703,767717,-1632212,208,0
-972437,116354,858032,1949,-1493750,176794,1318002,1046,0
722827,341262,-1062790,1299,1087582,511322,-1598696,208,0
306161,1300,-306162,1299,1408703,11311,-1420016,-2,0
827481,-1027689,203457,3249,1238402,-1542138,303735,-1,0
-1077741,436166,644824,3249,-1622785,655021,968811,1047,0
-82554,139105,-55253,1298,-959176,1625089,-664657,1256,0
300311,-315262,16900,1949,1377282,-1449342,71220,-840,0
-919135,917184,2600,649,-1414151,1414569,837,1255,0
703976,-295762,-407566,648,1625926,-682672,-943465,-211,0
-454368,516769,-63053,-652,-1312975,1498148,-184127,1046,0
659124,404315,-1063440,-1,1003793,614383,-1617549,627,0
-1344,294,1050,0,-15534,3396,12138,0,1
57206,7391,-64597,0,91529,11826,-103355,0,1
-98804,135205,-35752,649,-1152310,1579005,-425649,1046,0
258709,785879,-1042640,1948,388571,1180169,-1567904,836,0
-6429,9733,-3304,0,-18369,27810,-9441,0,1
0,0,0,0,0,0,0,0,1
-731278,1058239,-326313,648,-1101617,1595762,-492471,1674,0
50000,18301,-68301,0,80000,29282,-109282,0,1
538220,-423816,-114405,-1,1550097,-1220598,-329711,-212,0
74752,-143006,68902,648,852972,-1633259,779657,-630,0
141705,-52002,-87754,1949,1613358,-587571,-1026207,-420,0
239675,-136173,-103501,1,310167,-176224,-133943,0,1
-140406,79302,62402,1298,-1627184,930687,697334,837,0
978286,-81904,-895734,648,1472802,-125056,-1347538,208,0
-5172,9896,-4723,1,-14778,28274,-13496,0,1
537,-117,-420,0,15534,-3396,-12138,0,1
-672126,141055,532369,1298,-1547794,323425,1224786,417,0
-1076441,657824,423165,4548,-1619853,987663,633654,1464,0
-1375,973,401,-1,-15882,11243,4639,0,1
-453067,-242460,698776,3249,-1046736,-562225,1609169,208,0
-1083591,622073,464767,3249,-1626975,933200,695030,1255,0
662374,400415,-1062790,-1,1008610,608518,-1616501,627,0
-1088141,549270,542120,3249,-1632631,824275,809402,1046,0
-36946,70686,-33740,0,-59113,113098,-53984,1,1
-577222,640924,-63053,649,-1332666,1484323,-150402,1255,0
-388715,-593473,982836,648,-641615,-980542,1621528,-629,0
662,-376,-286,0,1254,-712,-541,1,1
-347114,225558,122854,1298,-1607913,1050505,558454,1046,0
215808,-561622,346462,648,617316,-1618805,1001069,-420,0
205,444,-650,-1,388,842,-1231,-1,1
-705927,392614,314611,1298,-1629279,907854,722680,1255,0
-724128,-338663,1066039,3248,-1087583,-511323,1599114,208,0
131954,-988688,861932,5198,195228,-1502548,1307319,-1,0
-323713,284060,41601,1948,-1497311,1313393,184964,1046,0
6999,-9562,2562,-1,19999,-27320,7320,-1,1
-530420,-527170,1062139,4549,-818410,-814849,1633468,209,0
70492,-30441,-40050,1,112788,-48706,-64081,1,1
0,0,0,0,0,0,0,0,1
16507,-67798,51291,0,26411,-108478,82066,-1,1
355563,-183957,-170307,1299,1632839,-841871,-791179,-211,0
30000,30000,30000,90000,60000,60000,60000,180000,1
89703,250259,-339963,-1,405958,1167600,-1572721,837,0
-989338,436816,553820,1298,-1629279,719538,910787,1046,0
-106604,131954,-24701,649,-1236937,1542347,-304155,1255,0
-757929,-171607,931484,1948,-1249505,-285721,1535644,418,0
-942536,935385,10400,3249,-1420435,1408284,13406,1255,0
-1082941,583071,504418,4548,-1631164,876643,755986,1465,0
-525220,1082940,-556421,1299,-791598,1633677,-841033,1046,0
707226,-347764,-358164,1298,1632839,-802281,-830979,-421,0
-254160,564221,-309412,649,-733993,1631373,-896334,1046,0
-955536,875582,81253,1299,-1471127,1350051,122541,1465,0
55252,85153,-138456,1949,626532,993319,-1619224,627,0
-982187,889233,96853,3899,-1479716,1337902,143069,1255,0
137155,405615,-544071,-1301,393389,1176817,-1569160,1046,0
150155,-1006238,859332,3249,222459,-1513022,1290351,-212,0
1084240,-616874,-465418,1948,1628021,-928593,-699639,-211,0
-995188,874932,122204,1948,-1495426,1316535,180355,1464,0
570721,-1087491,521319,4549,852134,-1633469,781123,-212,0
457617,599972,-1056290,1299,705922,923146,-1628232,836,0
121554,-126105,5850,1299,1390898,-1437193,45665,-630,0
1086840,-546671,-540821,-652,1633049,-820924,-812336,-211,0
451766,243109,-695527,-652,1046316,563062,-1608960,418,0
-353614,180706,172906,-2,-1632631,841032,792644,1045,0
-705277,-247660,955535,2598,-1162783,-412033,1574606,-210,0
531719,136505,-668876,-652,1228347,318398,-1545909,836,0
-9777,3547,6229,-1,-27936,10136,17799,-1,1
30000,30000,30000,90000,60000,60000,60000,180000,1
-136506,40301,99453,3248,-1587803,464191,1124030,418,0
-550,389,160,-1,-15882,11243,4639,0,1
55902,887933,-943836,-1,86302,1369951,-1455626,627,0
-317862,23400,296411,1949,-1466100,110392,1355916,208,0
286010,753378,-1037439,1949,434236,1147281,-1580053,1464,0
120,3,-124,-1,13927,427,-14354,0,1
-2164,-3443,5608,1,-6250,-9943,16194,1,1
-642875,1050439,-406266,1298,-990806,1620480,-628209,1465,0
-11,-116,127,0,-1281,-13461,14742,0,1
-103,-516,620,1,-196,-978,1175,1,1
785879,241809,-1026389,1299,1195251,366367,-1561200,418,0
549920,-392615,-156656,649,1585289,-1132410,-453299,-420,0
-140406,60452,81253,1299,-1628232,709065,920004,837,0
150805,-1005588,859332,4549,222878,-1513022,1289932,-212,0
140,-80,-60,0,16283,-9251,-7032,0,1
0,-208206,208206,0,0,-269443,269443,0,1
65002,-142356,78002,648,740067,-1631583,891096,-420,0
0,0,0,0,0,0,0,0,1
258059,785879,-1042640,1298,388152,1180797,-1567694,1255,0
0,0,0,0,0,0,0,0,1
-367914,976986,-611673,-2601,-607262,1617338,-1009240,836,0
1060839,-504419,-554471,1949,1632630,-779448,-853602,-420,0
-575922,1057589,-481019,648,-887955,1631792,-742581,1256,0
657174,-557721,-98804,649,1515325,-1285534,-230211,-420,0
-453717,1067339,-613623,-1,-691889,1627812,-934668,1255,0
-234009,-112455,349063,2599,-1082765,-517608,1600161,-212,0
-889234,-73453,969836,7149,-1353404,-114582,1468403,417,0
848931,15600,-863883,648,1402000,24298,-1426091,207,0
-791730,1037438,-243760,1948,-1192319,1563085,-369720,1046,0
-347114,226208,122204,1298,-1607494,1052390,556149,1045,0
-369864,978286,-609723,-1301,-611242,1617967,-1005888,837,0
-9625,2811,6814,0,-27502,8033,19469,0,1
-156656,-518720,676675,1299,-360922,-1199232,1559943,-211,0
371813,-1067991,700076,3898,555102,-1608332,1053228,-2,0
-871683,958135,-85154,1298,-1342511,1477410,-133644,1255,0
-822281,990637,-165757,2599,-1266472,1526846,-258909,1465,0
-130005,16900,114404,1299,-1510299,217851,1292865,417,0
30000,30000,30000,90000,60000,60000,60000,180000,1
1064089,-354914,-709177,-2,1604351,-536879,-1067264,208,0
409515,294461,-702677,1299,944512,682462,-1625927,1047,0
-107255,966586,-858683,648,-165903,1490817,-1323658,1256,0
233773,-165491,-68281,1,302530,-214165,-88364,1,1
9414,-2058,-7356,0,26899,-5880,-21019,0,1
30000,30000,30000,90000,60000,60000,60000,180000,1
-427717,533019,-105304,-2,-1235261,1543394,-306459,1674,0
-457618,-598023,1059539,3898,-704876,-923566,1628650,208,0
193707,828131,-1020539,1299,291585,1246781,-1537321,1045,0
-7151,614923,-607123,649,-18853,1424414,-1404724,837,0
1016638,-837882,-177457,1299,1529150,-1261864,-267707,-421,0
1052389,-644825,-404316,3248,1618804,-995415,-624229,-840,0
301,-663,362,0,571,-1256,685,0,1
-442017,985436,-544721,-1302,-730851,1630954,-899267,836,0
-1084241,511569,575271,2599,-1631793,769393,863655,1255,0
0,0,0,0,0,0,0,0,1
-19501,315261,-293161,2599,-97824,1461490,-1362830,836,0
425115,-703977,281460,2598,975514,-1622995,646642,-839,0
-219059,-341913,561621,649,-633865,-987036,1620480,-421,0
856082,151455,-1004288,3249,1289094,224345,-1513022,417,0
-6429,9733,-3304,0,-18369,27810,-9441,0,1
-566172,246359,319161,-652,-1628651,711578,917699,626,0
-191108,997787,-805381,1298,-295148,1539414,-1243221,1045,0
-587623,-393915,984136,2598,-970278,-652508,1622994,208,0
-521970,1082290,-559671,649,-786989,1633677,-845013,1675,0
-965287,289260,677975,1948,-1590527,475084,1116279,836,0
969186,-56553,-910035,2598,1455835,-87141,-1368695,-1,0
-891834,-49402,945785,4549,-1373094,-78762,1452274,418,0
-740378,-313962,1058889,4549,-1116071,-474247,1590945,627,0
74292,-235162,160869,-1,96143,-304328,208184,-1,1
1006887,-174207,-829432,3248,1528731,-266240,-1262073,418,0
537570,-423816,-113755,-1,1549888,-1220807,-329501,-420,0
-525220,78652,445916,-652,-1514069,227696,1287000,627,0
0,0,0,0,0,0,0,0,1
30000,30000,30000,90000,60000,60000,60000,180000,1
-550,389,160,-1,-15882,11243,4639,0,1
667575,-1075141,410165,2599,1001488,-1618596,616897,-211,0
143005,-72153,-68903,1949,1632839,-820924,-812336,-421,0
-563,320,243,0,-16283,9251,7032,0,1
564221,-325663,-238559,-1,1626764,-936762,-690632,-630,0
-838532,-157956,1002987,6499,-1276946,-242989,1520352,417,0
330862,-707877,379614,2599,758291,-1632631,873920,-420,0
437,-1383,946,0,5047,-15977,10929,-1,1
-942536,935385,9100,1949,-1419387,1409332,11311,1256,0
455667,624023,-1079041,649,688746,938437,-1626556,627,0
332,-562,230,0,9600,-16244,6643,-1,1
2164,-5608,3443,-1,6250,-16194,9943,-1,1
749478,-937986,187857,-651,1232327,-1544862,311904,-631,0
0,0,0,0,0,0,0,0,1
473867,-1083591,613622,3898,707179,-1629070,921470,-421,0
143005,-72153,-68903,1949,1632839,-820714,-812545,-420,0
1075,257,-1333,-1,12420,2976,-15397,-1,1
524569,463467,-988688,-652,867007,765622,-1632002,627,0
-471918,1080990,-608423,649,-711160,1629488,-917072,1256,0
-686426,1070590,-382215,1949,-1034377,1612520,-576888,1255,0
-74753,335412,-258060,2599,-352753,1558057,-1204468,836,0
1038738,-247660,-791080,-2,1563713,-373490,-1190224,-1,0
63052,269760,-330863,1949,285930,1250132,-1535435,627,0
30000,30000,30000,90000,60000,60000,60000,180000,1
286010,752078,-1038089,-1,436750,1145606,-1580681,1675,0
968536,-110505,-856733,1298,1492702,-172815,-1320097,-210,0
-460218,-55903,516119,-2,-1325544,-162970,1489141,627,0
-316562,-653925,970486,-1,-520331,-1080880,1600999,-212,0
-501819,475817,26000,-2,-1449551,1376445,74572,1466,0
-352964,157305,196307,648,-1629698,729383,901151,836,0
139,-88,-50,1,16133,-10279,-5853,1,1
-131955,104653,30551,3249,-1550727,1218712,333480,1465,0
30000,30000,30000,90000,60000,60000,60000,180000,1
-799530,-232059,1036788,5199,-1205097,-351496,1557429,836,0
-670176,-375715,1049139,3248,-1031235,-580868,1612520,417,0
-928885,-24051,956185,3249,-1394251,-38753,1433421,417,0
36401,286010,-319812,2599,159408,1328475,-1487047,836,0
50701,-328913,280810,2598,225602,-1514069,1288257,-210,0
640273,-1082941,445916,3248,957290,-1625299,667798,-211,0
-380265,-686426,1072540,5849,-575422,-1036262,1611682,-2,0
473217,-1083591,614273,3899,706551,-1629070,922098,-421,0
-887284,63702,826180,2598,-1462748,103060,1360525,837,0
-1058240,750128,309411,1299,-1587175,1126544,461677,1046,0
1548,7693,-9241,0,4424,21981,-26405,0,1
74752,-143006,69552,1298,847945,-1633469,784684,-840,0
30000,30000,30000,90000,60000,60000,60000,180000,1
-2164,5608,-3443,1,-6250,16194,-9943,1,1
49401,912634,-962037,-2,74991,1376235,-1449970,1256,0
575271,-986737,412115,649,945350,-1626556,681205,-1,0
469,-642,172,-1,889,-1215,325,-1,1
221658,339312,-562272,-1302,637215,983893,-1620691,417,0
53768,12885,-66654,-1,86030,20617,-106647,0,1
949685,-18201,-927585,3899,1429860,-31421,-1398440,-1,0
-1034189,809280,224908,-1,-1551565,1217245,335575,1255,0
103353,552520,-655875,-2,238170,1280925,-1518049,1046,0
776,8158,-8935,-1,2219,23309,-25528,0,1
416665,-1079691,663674,648,623181,-1619643,996252,-210,0
-504419,1058889,-553171,1299,-778820,1633468,-853602,1046,0
-566,584,-17,1,-1073,1106,-32,1,1
649374,-84504,-565522,-652,1500871,-192925,-1307948,-2,0
263909,435516,-698127,1298,608099,1008820,-1616501,418,0
549920,-394565,-156006,-651,1584660,-1134924,-450367,-631,0
-1059540,580471,480367,1298,-1630326,893610,737762,1046,0
33801,101403,-134556,648,382706,1184358,-1565809,1255,0
-101404,342562,-239859,1299,-475085,1591573,-1115443,1045,0
588922,393264,-982187,-1,973838,648946,-1622157,627,0
30000,30000,30000,90000,60000,60000,60000,180000,1
-155,-482,637,0,-293,-912,1206,1,1
799529,236608,-1033539,2598,1204467,353589,-1557220,836,0
537,-117,-420,0,15534,-3396,-12138,0,1
958785,-874283,-82554,1948,1474268,-1345863,-129036,-631,0
-801481,-230109,1035488,3898,-1207192,-348563,1556591,836,0
-537571,423165,115054,648,-1549470,1221854,328662,1046,0
214508,-561622,347763,649,615221,-1618386,1002955,-210,0
299011,-1043940,748178,3249,448481,-1584871,1136179,-211,0
-8008,9043,-1034,1,-22882,25838,-2956,0,1
1144,147,-1291,0,13214,1707,-14922,-1,1
65652,-642875,579171,1948,147887,-1483067,1334759,-421,0
1084240,-617524,-464768,1948,1627812,-929221,-699011,-420,0
-20151,130654,-108555,1948,-249273,1523075,-1272757,1045,0
-4551,-302912,310711,3248,-28698,-1400325,1428813,-210,0
-863233,1001687,-136506,1948,-1298103,1507993,-208635,1255,0
301,-663,362,0,571,-1256,685,0,1
-456968,-599323,1060189,3898,-703200,-925241,1628440,-1,0
-88404,-252860,342562,1298,-412033,-1162993,1574606,-420,0
566,17,-584,-1,1073,32,-1106,-1,1
-247660,1038738,-791080,-2,-372443,1564132,-1190643,1046,0
797579,-909385,113104,1298,1311089,-1499197,187897,-211,0
-1057590,435516,623373,1299,-1624461,669684,955614,837,0
92953,-140406,48751,1298,1059512,-1606447,546723,-212,0
632,-138,-493,1,1197,-261,-935,1,1
938635,-742328,-197608,-1301,1548422,-1224368,-324264,-210,0
-126,7,118,-1,-14553,854,13698,-1,1
-696827,245709,454367,3249,-1609379,566623,1043383,627,0
-219059,-341913,562271,1299,-634074,-987036,1620690,-420,0
-565522,248309,317861,648,-1629070,715558,913929,417,0
890533,52001,-942536,-2,1373302,78971,-1451856,417,0
52,-599,547,0,98,-1136,1037,-1,1
30000,30000,30000,90000,60000,60000,60000,180000,1
-686426,1070590,-382215,1949,-1033958,1612520,-577307,1255,0
1078390,-430317,-646125,1948,1622365,-650623,-972163,-421,0
0,0,0,0,0,0,0,0,1
-9868,5607,4261,0,-28197,16020,12176,-1,1
-68756,48674,20082,0,-110011,77878,32132,-1,1
1001037,-196308,-802781,1948,1541509,-304574,-1237356,-421,0
30000,30000,30000,90000,60000,60000,60000,180000,1
-986737,569421,417965,649,-1626346,939485,688327,1466,0
-141706,-839182,982836,1948,-218062,-1292866,1511135,207,0
-140406,69552,71502,648,-1632631,820085,813382,836,0
0,8573,-8573,0,0,24494,-24494,0,1
1080990,-633774,-446567,649,1625089,-953939,-671570,-420,0
-44,510,-466,0,-1281,14742,-13461,0,1
-1066040,423165,646774,3899,-1620900,642033,980122,1255,0
30000,30000,30000,90000,60000,60000,60000,180000,1
-841132,-136506,982186,4548,-1294961,-213872,1509460,627,0
-1748,5533,-3785,0,-5047,15977,-10929,1,1
-348414,225558,122204,-652,-1607494,1052600,555940,1046,0
1748,-5533,3785,0,5047,-15977,10929,-1,1
148205,-1005588,859982,2599,220574,-1512184,1291608,-2,0
30000,30000,30000,90000,60000,60000,60000,180000,1
33,102,-135,0,3813,11848,-15661,0,1
254,-658,404,0,481,-1247,766,0,1
508969,-1061490,555770,3249,778819,-1633259,854229,-211,0
-532370,-525870,1062789,4549,-819667,-813802,1633468,-1,0
67249,-52548,-14701,0,107599,-84077,-23522,0,1
-730628,1045239,-313312,1299,-1112510,1592411,-478646,1255,0
352313,-1043290,693575,2598,539182,-1605190,1065797,-211,0
0,0,0,0,0,0,0,0,1
-271711,1021838,-750129,-2,-418946,1577119,-1157337,836,0
-347,-317,664,0,-657,-600,1258,1,1
-692926,956835,-266510,-2601,-1142674,1582356,-438636,1046,0
399,-546,146,-1,11549,-15777,4227,-1,1
-1032889,811880,222308,1299,-1550098,1220178,331176,1256,0
-72153,139755,-66303,1299,-848784,1633677,-783847,1046,0
0,0,0,0,0,0,0,0,1
-9101,-851532,862582,1949,-16339,-1406819,1422738,-420,0
-592,557,34,-1,-1121,1055,65,-1,1
-226859,1031588,-802781,1948,-343536,1555125,-1210962,627,0
-1012088,165756,850231,3899,-1521191,247177,1274850,836,0
0,0,0,0,0,0,0,0,1
30000,30000,30000,90000,60000,60000,60000,180000,1
-46802,-912635,963336,3899,-72897,-1377074,1449760,-211,0
262609,435516,-697477,648,607470,1009448,-1616501,417,0
-211908,-138456,352963,2599,-982218,-638892,1621109,-1,0
881433,111804,-990638,2599,1324705,165483,-1489770,418,0
-845682,993887,-147556,649,-1286372,1515115,-226859,1884,0
668875,-138456,-530420,-1,1546536,-319237,-1227510,-211,0
-854783,-145606,1006237,5848,-1289305,-223089,1513021,627,0
-504419,679275,-172907,1949,-1167392,1573558,-404702,1464,0
900933,-976987,78002,1948,1352355,-1469870,117095,-420,0
-614,86,527,-1,-1162,164,998,0,1
-709177,1035488,-325013,1298,-1093238,1598067,-503363,1466,0
550,-160,-389,1,15882,-4639,-11243,0,1
173556,841781,-1015339,-2,261631,1266052,-1526637,1046,0
-659125,-400416,1067339,7798,-1005050,-612499,1617967,418,0
293811,-1050440,760528,3899,437588,-1581938,1144139,-211,0
-91004,-47452,141055,2599,-1061818,-543792,1605608,-2,0
447216,621423,-1068641,-2,681624,945140,-1625718,1046,0
987386,-104654,-881434,1298,1488093,-160876,-1327010,207,0
409515,293811,-702677,649,945978,680576,-1625718,836,0
0,575,-575,0,0,1090,-1090,0,1
-68756,20082,48674,0,-110011,32132,77878,-1,1
366613,-557721,191757,649,1053647,-1608122,553845,-630,0
445916,624023,-1068641,1298,676387,949749,-1625090,1046,0
313961,-1057590,746227,2598,469009,-1589898,1120469,-420,0
-165757,-187858,355563,1948,-767089,-865332,1632001,-420,0
1080990,-633124,-447867,-1,1625298,-952054,-673455,-211,0
788479,221658,-1007538,2599,1214313,339136,-1552822,627,0
891833,92303,-981537,2599,1341672,136157,-1477411,418,0
9625,-2811,-6814,0,27502,-8033,-19469,0,1
64,77,-141,0,7415,8896,-16311,0,1
255459,85153,-338663,1949,1173047,397788,-1570627,208,0
986736,-431617,-555771,-652,1628650,-713883,-915187,-420,0
-9625,2811,6814,0,-27502,8033,19469,0,1
30000,30000,30000,90000,60000,60000,60000,180000,1
549920,-393265,-156006,649,1585079,-1133248,-452462,-631,0
754028,-1056290,304211,1949,1129267,-1587175,457488,-420,0
-1375,973,401,-1,-15882,11243,4639,0,1
1076440,-653925,-421866,649,1620690,-985779,-635331,-420,0
1008187,-177457,-827482,3248,1530407,-271477,-1258722,208,0
605172,477767,-1080991,1948,911415,718700,-1629279,836,0
-794980,907433,-113755,-1302,-1310252,1500033,-188735,1046,0
-297062,313311,-13001,3248,-1376446,1449760,-72269,1045,0
-940586,741027,198257,-1302,-1548842,1223529,326358,1045,0
558370,-360114,-198908,-652,1611054,-1038147,-573327,-420,0
-529120,1071890,-542121,649,-806051,1633886,-826370,1465,0
-70492,30441,40050,-1,-112788,48706,64081,-1,1
-889234,-74103,968536,5199,-1353613,-113954,1468194,627,0
0,0,0,0,0,0,0,0,1
544070,-665625,122854,1299,1252437,-1534597,281531,-629,0
69840,-44499,-25340,1,111744,-71199,-40544,1,1
-598673,-27952,627273,648,-1380216,-65565,1445780,-1,0
-9868,4261,5607,0,-28197,12176,16020,-1,1
-134556,29901,106603,1948,-1554916,346886,1209076,1046,0
11061,54952,-66014,-1,17698,87924,-105622,0,1
-427066,533019,-106604,-651,-1232957,1544442,-310439,1046,0
339962,724127,-1064090,-1,511741,1088001,-1598696,1046,0
-5172,-4723,9896,1,-14778,-13496,28274,0,1
-113755,-14951,130654,1948,-1322821,-167369,1490607,417,0
-119605,-3901,125454,1948,-1393413,-40219,1434050,418,0
300311,729977,-1030289,-1,464610,1124239,-1588013,836,0
30000,30000,30000,90000,60000,60000,60000,180000,1
-344513,105953,241159,2599,-1593878,490585,1103502,209,0
596722,27951,-624674,-1,1380425,65983,-1445990,418,0
-9145,7853,1292,0,-26131,22439,3691,-1,1
-141056,70202,71502,648,-1632631,822389,811078,836,0
-655875,555770,102053,1948,-1515326,1285533,230629,836,0
602572,-1082941,484918,4549,901989,-1630745,728546,-210,0
130004,-542771,412765,-2,371185,-1563505,1191899,-421,0
-140406,78652,62402,648,-1627603,926497,702361,1255,0
-634424,585671,49401,648,-1464634,1358011,107668,1045,0
-204988,-6293,211281,0,-265279,-8144,273423,0,1
841131,-875583,36401,1949,1383567,-1443896,59699,-630,0
585671,499218,-1082941,1948,881880,750121,-1631374,627,0
-1066690,641574,429016,3900,-1621738,975095,648108,1465,0
157305,-353614,200207,3898,715977,-1629698,913510,-211,0
213207,135855,-348414,648,983055,638472,-1620900,627,0
0,0,0,0,0,0,0,0,1
-299662,-266510,566171,-1,-861771,-770860,1632630,-1,0
53768,-66654,12885,-1,86030,-106647,20617,0,1
102053,553820,-655875,-2,235237,1282810,-1517002,1045,0
-41562,70323,-28760,1,-66500,112517,-46016,1,1
523269,464767,-988688,-652,865122,767298,-1632212,208,0
5818,4026,-9845,-1,16625,11504,-28129,0,1
547970,-1086841,542120,3249,820085,-1633887,813172,-630,0
521969,-452417,-68903,649,1503594,-1304177,-199837,-420,0
-1008838,824880,187857,3899,-1533550,1253484,281321,1255,0
384814,596722,-981537,-1,636796,984312,-1620691,417,0
0,0,0,0,0,0,0,0,1
-358814,-707227,1069940,3899,-539602,-1065588,1604979,-211,0
-823581,989337,-163807,1949,-1268986,1525589,-255138,1465,0
-566822,286660,280810,648,-1632840,826369,807517,1046,0
30000,30000,30000,90000,60000,60000,60000,180000,1
768978,-1053040,286010,1948,1150214,-1579844,429419,-211,0
-40302,956835,-917835,-1302,-58443,1443476,-1383987,1046,0
100,36,-136,0,11550,4227,-15777,0,1
-9101,126104,-115055,1948,-126313,1474059,-1346700,1046,0
-485569,-9101,495968,1298,-1399488,-28489,1428813,836,0
0,0,0,0,0,0,0,0,1
529119,-1085541,559670,3248,792016,-1633678,841661,-1,0
-113105,-233359,349063,2599,-528291,-1074595,1602675,-211,0
-618824,1080340,-459568,1948,-932363,1628231,-694612,1256,0
-130005,17550,114404,1949,-1508623,213243,1295798,418,0
-89704,-892484,984786,2598,-136577,-1341464,1478248,207,0
-790430,1023138,-231409,1299,-1203002,1558686,-354638,1046,0
1076440,-412116,-663025,1299,1618595,-621925,-997090,-420,0
84503,-142356,59802,1949,953938,-1625509,670941,-630,0
-295112,1039388,-745578,-1302,-448900,1585289,-1135133,1256,0
-657175,554470,104653,1948,-1517002,1282391,235866,1255,0
254809,787179,-1041990,-2,384382,1183101,-1566647,836,0
-1344,294,1050,0,-15534,3396,12138,0,1
-437,1383,-946,0,-5047,15977,-10929,1,1
-1144,1291,-147,0,-13214,14922,-1707,1,1
986736,-104654,-881434,648,1488093,-160876,-1327010,207,0
-455668,516769,-62403,-1302,-1314023,1497310,-181823,1464,0
-52,-547,599,0,-98,-1037,1136,1,1
-260660,-304212,566171,1299,-751170,-880624,1631792,-2,0
-457,-59,516,0,-13214,-1707,14922,1,1
-222115,31380,190735,0,-287443,40610,246833,0,1
73,67,-141,-1,8534,7793,-16328,-1,1
497268,589572,-1084891,1949,746770,885022,-1630955,837,0
-789130,-218409,1011437,3898,-1213895,-339346,1553239,-2,0
-767679,1015988,-247010,1299,-1181845,1567693,-384383,1465,0
588272,395214,-982837,649,972162,650831,-1622157,836,0
-52002,138455,-84504,1949,-624858,1620061,-993948,1255,0
-315912,-653925,970486,649,-520540,-1080880,1600999,-421,0
549920,-1086841,539520,2599,822389,-1634097,811078,-630,0
11700,850231,-861933,-2,18224,1406190,-1423367,1047,0
469317,-694227,227508,2598,1077527,-1602257,524310,-420,0
-618174,1080340,-460868,1298,-931526,1628231,-695450,1255,0
-982187,888583,96853,3249,-1479506,1338530,142441,1465,0
0,0,0,0,0,0,0,0,1
-5379,4203,1176,0,-15534,12138,3396,0,1
-706577,1036788,-328263,1948,-1089677,1599114,-507972,1465,0
-48752,-911335,963986,3899,-75620,-1375817,1451017,-420,0
-20151,315261,-293161,1949,-98453,1461700,-1362411,836,0
-988688,826830,165756,3898,-1522657,1273174,250738,1255,0
1075790,-412766,-663025,-1,1618385,-621715,-996881,-211,0
-134,105,29,0,-15534,12138,3396,0,1
-124805,7150,119604,1949,-1458140,92796,1365761,417,0
32101,38511,-70613,-1,51363,61618,-112982,-1,1
1063439,-718277,-343213,1949,1600371,-1082974,-517608,-211,0
0,0,0,0,0,0,0,0,1
331512,-563572,232708,648,952891,-1625718,672197,-630,0
-806031,-93604,902233,2598,-1329524,-156267,1486418,627,0
804730,96203,-900934,-1,1329523,157104,-1486000,627,0
443,4661,-5105,-1,1281,13461,-14742,0,1
1051089,-648075,-402366,648,1618176,-998347,-620459,-630,0
0,0,0,0,0,0,0,0,1
221658,-946436,726727,1949,362806,-1560991,1197764,-421,0
-128705,111804,18850,1949,-1507156,1298730,209053,627,0
-659775,-399765,1066689,7149,-1006307,-610613,1617548,628,0
-318512,24050,295111,649,-1467985,115419,1353193,627,0
-140406,70202,71502,1298,-1632631,823227,810449,1045,0
-63053,-77353,143655,3249,-741324,-889422,1630954,208,0
854782,151455,-1004288,1949,1288675,224973,-1513022,626,0
55902,-141706,87753,1949,624019,-1619643,995204,-420,0
-124805,117654,8450,1299,-1451646,1373721,79180,1255,0
614,-527,-86,1,1162,-998,-164,0,1
8440,259,-8699,0,24116,740,-24856,0,1
156655,-353614,200857,3898,714511,-1629489,914767,-211,0
1034188,-809281,-224909,-2,1552821,-1215152,-338089,-420,0
-6501,-852832,860632,1299,-11731,-1408914,1420643,-2,0
-99,136,-36,1,-11549,15777,-4227,1,1
108554,881433,-988038,1949,162760,1326590,-1488513,837,0
632,-493,-138,1,1197,-935,-261,1,1
-1748,-3785,5533,0,-5047,-10929,15977,1,1
-130005,16900,114404,1299,-1509251,214918,1294750,417,0
-890534,-52002,947085,4549,-1369952,-83790,1454787,1045,0
-155,637,-482,0,-293,1206,-912,1,1
-339963,-722178,1067339,5198,-511952,-1087583,1599323,-212,0
755328,174206,-930835,-1301,1249085,286558,-1535435,208,0
258059,785229,-1042640,648,389409,1179540,-1567904,1045,0
-1052390,343212,715026,5848,-1600162,518863,1082345,1046,0
-863233,1001687,-137806,648,-1297265,1508412,-209892,1255,0
-3673,-1888,5562,1,-10608,-5452,16060,0,1
-786530,-255460,1044589,2599,-1181636,-385011,1567065,418,0
648074,323062,-971137,-1,1071662,531851,-1602885,628,0
988687,-501819,-487519,-651,1632839,-829722,-803747,-630,0
70492,-30441,-40050,1,112788,-48706,-64081,1,1
-565522,246359,319161,-2,-1628441,711578,917490,627,0
0,0,0,0,0,0,0,0,1
378314,-708527,331512,1299,868892,-1632840,763737,-211,0
0,0,0,0,0,0,0,0,1
0,0,0,0,0,0,0,0,1
9625,-6814,-2811,0,27502,-19469,-8033,0,1
640273,442016,-1079691,2598,962317,662143,-1623623,837,0
-452417,-241810,698776,4549,-1047364,-561387,1608959,208,0
1083590,-490119,-592823,648,1630744,-738182,-892564,-2,0
338662,-80604,-257410,648,1561409,-365949,-1195461,-1,0
1083590,-616224,-466068,1298,1628231,-926498,-701943,-210,0
-791080,1037438,-244410,1948,-1191691,1563504,-370348,1465,0
34451,-136506,105303,3248,374327,-1564343,1189595,-421,0
-215809,1017288,-801481,-2,-328244,1550307,-1221017,1046,0
-1073191,572021,505718,4548,-1631583,868473,764575,1465,0
-980237,362713,617523,-1,-1615035,597835,1017618,418,0
-18851,314611,-293161,2599,-95311,1460443,-1363877,1255,0
947085,-16901,-928885,1299,1428603,-28698,-1399697,208,0
741677,316561,-1055640,2598,1117117,473408,-1590108,417,0
0,0,0,0,0,0,0,0,1
-169999,232224,-62224,1,-219999,300525,-80525,1,1
11061,54952,-66014,-1,17698,87924,-105622,0,1
891183,77352,-964637,3898,1352774,116466,-1468614,626,0
757928,171606,-929535,-1,1252018,282578,-1533969,627,0
-348414,224908,123504,-2,-1608541,1047782,561805,1046,0
30000,30000,30000,90000,60000,60000,60000,180000,1
-933435,10400,928884,5849,-1420225,12568,1408494,837,0
798879,-908085,111154,1948,1313603,-1497521,183707,-211,0
-4551,-303562,310711,2598,-25347,-1402001,1426927,-421,0
-536921,422515,115054,648,-1549260,1222273,327824,837,0
30000,30000,30000,90000,60000,60000,60000,180000,1
1035488,-768329,-266510,649,1573349,-1167182,-406168,-1,0
563,-320,-243,0,16283,-9251,-7032,0,1
-11,127,-116,0,-1281,14742,-13461,0,1
-1025739,278210,750128,2599,-1577958,426067,1152728,837,0
-296412,1040038,-744278,-652,-450576,1585498,-1133876,1046,0
-588923,-393265,984136,1948,-971116,-651670,1622784,-2,0
-49999,68301,-18301,1,-79999,109282,-29282,1,1
30000,30000,30000,90000,60000,60000,60000,180000,1
102053,35751,-134556,3248,1157336,419364,-1576282,418,0
408865,293811,-702677,-1,945140,681205,-1625718,627,0
30000,30000,30000,90000,60000,60000,60000,180000,1
867132,-1003638,139105,2599,1298940,-1507575,208215,-420,0
-637024,973086,-337363,-1301,-1050297,1608959,-557826,836,0
30000,30000,30000,90000,60000,60000,60000,180000,1
0,0,0,0,0,0,0,0,1
390,-661,270,-1,739,-1251,511,-1,1
-969837,111804,859982,1949,-1491237,170510,1321563,836,0
-456318,-599973,1059539,3248,-702781,-925660,1628440,-1,0
-140406,-211258,352963,1299,-650413,-972792,1622575,-630,0
-863233,1001687,-135856,2598,-1298312,1507574,-208007,1255,0
233773,-68281,-165491,1,302530,-88364,-214165,1,1
1010787,-824881,-183957,1949,1533968,-1253276,-280903,-211,0
795629,-1026389,232058,1298,1205305,-1557849,352752,208,0
-60290,62141,-1850,1,-96465,99426,-2961,0,1
142355,-62403,-78003,1949,1628440,-707390,-921471,-421,0
-9777,3547,6229,-1,-27936,10136,17799,-1,1
256109,83203,-338013,1299,1176189,393389,-1569160,418,0
707226,-346463,-360114,649,1632839,-799558,-833702,-421,0
-768329,1015988,-246360,1299,-1183312,1567065,-382288,1465,0
-541471,663024,-119605,1948,-1252228,1534596,-281113,1255,0
-452417,1067339,-613623,1299,-690841,1627812,-935715,1256,0
-139106,88403,52001,1298,-1611893,1032700,579820,627,0
13000,115054,-126105,1949,134690,1342929,-1476573,1046,0
216,344,-560,0,6250,9943,-16194,-1,1
-783930,-258710,1045889,3249,-1177865,-390458,1568740,417,0
-113105,-14951,131304,3248,-1322611,-167579,1490817,627,0
5639,-3204,-2435,0,16283,-9251,-7032,0,1
-281461,325012,-40952,2599,-1304596,1503594,-197952,1046,0
30000,30000,30000,90000,60000,60000,60000,180000,1
-600623,-453717,1059539,5199,-925660,-702153,1628231,418,0
-367914,-688376,1061489,5199,-560340,-1048621,1609169,208,0
214212,-12582,-201630,0,277216,-16283,-260933,0,1
958785,-874933,-81904,1948,1473640,-1347119,-127150,-629,0
0,-122855,124804,1949,-2933,-1413103,1415825,-211,0
-776,8935,-8158,1,-2219,25528,-23309,0,1
770278,-1018589,250259,1948,1182892,-1567275,384172,-211,0
-132,542,-410,0,-3813,15661,-11848,0,1
592,-34,-557,1,1121,-65,-1055,1,1
-792380,1021838,-228809,649,-1205097,1557638,-350867,1674,0
141,-70,-70,1,16334,-8167,-8167,0,1
30000,30000,30000,90000,60000,60000,60000,180000,1
-805381,-94904,902883,2598,-1328267,-158362,1487256,627,0
901583,-975687,76052,1948,1353612,-1469242,115419,-211,0
537,-607,69,-1,1018,-1149,131,0,1
-939286,919784,21450,1948,-1428395,1400115,29954,1674,0
-421216,700726,-278211,1299,-974886,1622994,-646852,1256,0
1073840,-571372,-501819,649,1632211,-869103,-762900,208,0
912634,-791080,-120905,649,1502966,-1305225,-197952,-211,0
-194500,-25130,219631,1,-251707,-32521,284228,0,1
-5587,2027,3559,-1,-16133,5853,10279,-1,1
356863,710476,-1065390,1949,536459,1068101,-1603723,837,0
214212,-201630,-12582,0,277216,-260933,-16283,0,1
-1375,973,401,-1,-15882,11243,4639,0,1
-1007538,148205,862582,3249,-1511136,220155,1291818,837,0
2164,-5608,3443,-1,6250,-16194,9943,-1,1
1074490,-494019,-578522,1949,1631582,-751798,-879786,-2,0
-4823,-148,4971,0,-13927,-427,14354,0,1
351663,-132605,-217109,1949,1616710,-608938,-1007983,-211,0
30000,30000,30000,90000,60000,60000,60000,180000,1
-970487,63052,911334,3899,-1457721,92377,1366390,1046,0
-68756,20082,48674,0,-110011,32132,77878,-1,1
-211258,-477768,692275,3249,-488910,-1105597,1593877,-630,0
256,-564,308,0,7415,-16311,8896,0,1
-222115,31380,190735,0,-287443,40610,246833,0,1
-300962,-728028,1032888,3898,-463773,-1124869,1588012,-630,0
1414,-707,-707,0,16334,-8167,-8167,0,1
-1076441,654574,425765,3898,-1620481,983474,638263,1256,0
636373,-589573,-44852,1948,1464214,-1359059,-105994,-839,0
-1025739,275610,751428,1299,-1576911,422506,1155451,1046,0
-156137,-80252,236390,1,-202060,-103856,305917,1,1
-32101,-38511,70613,1,-51363,-61618,112982,1,1
55252,-141706,87753,1299,621924,-1619434,996880,-630,0
64,-141,77,0,7415,-16311,8896,0,1
-33,135,-102,0,-3813,15661,-11848,0,1
-211908,559020,-347114,-2,-613965,1618176,-1003584,627,0
-1085541,473217,614923,2599,-1628441,710740,918537,836,0
690325,-1073191,386114,3248,1033119,-1612731,579191,-421,0
30000,30000,30000,90000,60000,60000,60000,180000,1
5639,-3204,-2435,0,16283,-9251,-7032,0,1
431,221,-653,-1,817,420,-1237,0,1
-137156,96853,40951,648,-1587175,1126544,461468,837,0
0,0,0,0,0,0,0,0,1
842431,136505,-977637,1299,1298521,209053,-1506738,836,0
-409516,1075140,-665625,-1,-616269,1618595,-1001280,1046,0
-3673,-1888,5562,1,-10608,-5452,16060,0,1
254,-658,404,0,481,-1247,766,0,1
35751,286660,-320463,1948,158570,1329104,-1486838,836,0
-827482,-195658,1026388,3248,-1243011,-295566,1538995,418,0
1007537,-178107,-827482,1948,1530407,-271477,-1258931,-1,0
343862,-248960,-93604,1298,1581309,-1144350,-437589,-630,0
-1084891,491418,596072,2599,-1630326,737553,893401,628,0
46801,-951636,910034,5199,67240,-1447457,1380215,-2,0
-132,-410,542,0,-3813,-11848,15661,0,1
1057589,-750129,-304862,2598,1586965,-1128011,-459374,-420,0
325662,-285361,-39002,1299,1498148,-1312975,-185593,-420,0
505,121,-626,0,957,229,-1186,0,1
-355564,-709177,1069290,4549,-535622,-1068730,1604141,-211,0
-1064740,356863,713726,5849,-1603304,533736,1070405,837,0
457617,-519370,62402,649,1315279,-1496473,180984,-210,0
1083590,-486869,-597373,-652,1630325,-733364,-897172,-211,0
-567472,-80604,650674,2598,-1309833,-188945,1499405,627,0
-692926,956185,-266510,-3251,-1142883,1582356,-438427,1046,0
0,-8573,8573,0,0,-24494,24494,0,1
-9625,6814,2811,0,-27502,19469,8033,0,1
-808631,1030288,-221009,648,-1216199,1552611,-335157,1255,0
-68756,20082,48674,0,-110011,32132,77878,-1,1
139105,-99454,-38352,1299,1586336,-1129896,-456651,-211,0
30000,30000,30000,90000,60000,60000,60000,180000,1
256,-564,308,0,7415,-16311,8896,0,1
664,-332,-332,0,1258,-629,-629,0,1
-747529,934735,-187208,-2,-1232747,1544651,-310858,1046,0
-276911,700726,-421216,2599,-642034,1622365,-979285,1046,0
531069,136505,-668876,-1302,1229185,317141,-1545699,627,0
131954,864532,-997788,-1302,201931,1303339,-1504224,1046,0
-471268,1080990,-609073,649,-710741,1629488,-917491,1256,0
750128,-936686,186556,-2,1234422,-1543814,308972,-420,0
671475,-1066040,397814,3249,1014057,-1616501,602233,-211,0
10400,850881,-861933,-652,16967,1406609,-1422739,837,0
51351,-328913,280810,3248,227277,-1514907,1287209,-421,0
-437,1383,-946,0,-5047,15977,-10929,1,1
-565,282,282,-1,-16334,8167,8167,0,1
-131305,-863233,1000387,5849,-200466,-1303968,1504223,-211,0
0,0,0,0,0,0,0,0,1
-689676,479067,211907,1298,-1592412,1108529,484929,1046,0
1017288,-770279,-246360,649,1565598,-1185406,-380822,-630,0
430,103,-533,0,12420,2976,-15397,-1,1
22,-132,109,-1,2555,-15249,12694,0,1
563,-243,-320,0,16283,-7032,-9251,0,1
638323,-1082941,447866,3248,953938,-1625718,671359,-421,0
-1320,-4103,5423,0,-3813,-11848,15661,0,1
0,0,0,0,0,0,0,0,1
11700,-128055,118304,1949,124007,-1472593,1348585,-1,0
-32101,70613,-38511,1,-51363,112982,-61618,1,1
-965937,293160,674725,1948,-1591993,481577,1111252,836,0
798229,-908735,111154,648,1313393,-1497730,183917,-420,0
-770279,-278861,1053039,3899,-1156080,-420622,1577119,417,0
-831,1406,-575,0,-9600,16244,-6643,1,1
-601923,-453717,1059539,3899,-925660,-702362,1628440,418,0
-982187,888583,98153,4549,-1480135,1337692,144117,1674,0
0,0,0,0,0,0,0,0,1
567471,-286661,-280161,649,1633049,-824276,-808984,-211,0
-564872,323712,240509,-651,-1626975,935086,692935,1046,0
-1037439,712426,328262,3249,-1596182,1096380,501058,1256,0
537,-420,-117,0,15534,-12138,-3396,0,1
-483619,-11701,496618,1298,-1396136,-35401,1431955,418,0
-156656,-518720,677325,1949,-361131,-1199022,1560152,-1,0
0,0,0,0,0,0,0,0,1
-662,286,376,0,-1254,541,712,-1,1
550570,-1086841,540820,4549,823018,-1633887,810240,-629,0
-1144,-147,1291,0,-13214,-1707,14922,1,1
662,-286,-376,0,1254,-541,-712,1,1
204757,810580,-1014038,1299,309810,1234632,-1543186,1256,0
3059,6624,-9683,0,8740,18925,-27666,-1,1
-988038,108554,883383,3899,-1487466,160665,1327847,1046,0
599322,-1083591,488168,3899,897799,-1630955,733154,-2,0
947735,-934736,-9101,3898,1422319,-1407029,-15501,-211,0
-102054,-555121,659124,1949,-237333,-1281135,1518048,-420,0
239675,-103501,-136173,1,310167,-133943,-176224,0,1
-904184,-62403,972436,5849,-1362620,-97405,1460862,837,0
400,-546,146,0,11550,-15777,4227,0,1
4823,148,-4971,0,13927,427,-14354,0,1
63003,-59302,-3700,1,100805,-94884,-5921,0,1
66302,76052,-139106,3248,742161,889630,-1630745,1046,0
8820,-8302,-518,0,25201,-23721,-1480,0,1
-225559,690975,-464768,648,-523473,1602047,-1077737,837,0
-974387,96853,882733,5199,-1480553,144536,1337064,1047,0
1036788,-709827,-326963,-2,1597019,-1094076,-503573,-630,0
365313,-557721,193057,649,1051343,-1608751,556778,-630,0
-230759,1032888,-800831,1298,-348563,1556801,-1207192,1046,0
-275611,701376,-421866,3899,-640987,1622156,-980333,836,0
-549271,392614,157305,648,-1584452,1134923,450575,1046,0
-1144,1291,-147,0,-13214,14922,-1707,1,1
443,4661,-5105,-1,1281,13461,-14742,0,1
-256,-308,564,0,-7415,-8896,16311,0,1
-806031,-94904,902233,1298,-1328895,-157524,1486627,208,0
-589573,-393265,984786,1948,-971325,-651461,1622784,-2,0
4550,486218,-492069,-1301,11102,1409541,-1419806,837,0
-5587,3559,2027,-1,-16133,10279,5853,-1,1
252859,-1041990,793029,3898,375584,-1564971,1188966,-421,0
47451,913284,-961387,-652,72687,1377492,-1448923,1256,0
1320,4103,-5423,0,3813,11848,-15661,0,1
-722828,-338013,1066039,5198,-1088002,-510904,1598695,-211,0
1075790,-412766,-662375,649,1618385,-621925,-996881,-421,0
295,269,-565,-1,8534,7793,-16328,-1,1
-240416,120208,120208,0,-311126,155563,155563,0,1
0,0,0,0,0,0,0,0,1
-437,1383,-946,0,-5047,15977,-10929,1,1
1414,-707,-707,0,16334,-8167,-8167,0,1
-783280,-257410,1045239,4549,-1179122,-388782,1568322,418,0
-273661,1022488,-748179,648,-422716,1578376,-1154823,837,0
30000,30000,30000,90000,60000,60000,60000,180000,1
278860,768978,-1046540,1298,419573,1157965,-1576492,1046,0
-3059,-6624,9683,0,-8740,-18925,27666,1,1
-83,140,-57,0,-9600,16244,-6643,1,1
51351,-328913,280810,3248,230838,-1515954,1285114,-2,0
-1083591,492718,594772,3899,-1630326,739438,891725,837,0
211257,-1025739,818380,3898,313999,-1545490,1231280,-211,0
30000,30000,30000,90000,60000,60000,60000,180000,1
347,317,-664,0,657,600,-1258,-1,1
957485,-876233,-79303,1949,1472174,-1349005,-124008,-839,0
937985,4550,-941236,1299,1412474,3561,-1416245,-210,0
-370514,-184607,556420,1299,-1069568,-533946,1603932,418,0
-223609,690975,-466068,1298,-521169,1601628,-1079832,627,0
-364664,-689676,1060839,6499,-557407,-1051134,1608540,-1,0
-367,-188,556,1,-10608,-5452,16060,0,1
482318,-499219,18200,1299,1387547,-1440125,52158,-420,0
290560,27951,-319162,-651,1339787,139299,-1478668,418,0
-1062790,719576,346462,3248,-1600162,1081926,519492,1256,0
8008,1034,-9043,-1,22882,2956,-25838,0,1
295,269,-565,-1,8534,7793,-16328,-1,1
1074490,-687076,-385465,1949,1612101,-1033329,-578983,-211,0
278860,-702677,425765,1948,642243,-1622157,979284,-630,0
-1051090,766378,286660,1948,-1578168,1152309,427324,1465,0
136505,-106604,-27952,1949,1552402,-1216199,-336623,-420,0
-1030939,260009,777429,6499,-1568741,392551,1177236,1046,0
1025738,-824231,-200208,1299,1540881,-1240288,-301222,-629,0
984136,-889234,-93604,1298,1479715,-1339159,-140766,-210,0
1306,-1121,-184,1,15090,-12958,-2132,0,1
-41562,70323,-28760,1,-66500,112517,-46016,1,1
50000,18301,-68301,0,80000,29282,-109282,0,1
-368564,978286,-610373,-651,-609357,1617757,-1007564,836,0
-7000,-2562,9562,0,-20000,-7320,27320,0,1
-995188,874932,122204,1948,-1495217,1316745,179727,1255,0
-643525,-436817,1083590,3248,-965251,-658164,1623622,207,0
503768,-477118,-26651,-1,1451436,-1374560,-77505,-629,0
958785,-924335,-31852,2598,1438448,-1389642,-49436,-630,0
1023138,-277561,-747529,-1952,1578586,-427534,-1151262,-210,0
-165757,-187858,354913,1298,-767089,-865123,1632420,208,0
0,0,0,0,0,0,0,0,1
-106604,132604,-24701,1299,-1241126,1540462,-298080,1256,0
796929,-910035,115054,1948,1310251,-1499825,189572,-2,0
35751,287310,-319812,3249,157313,1329732,-1486419,626,0
353613,-208008,-145606,-1,1625508,-949750,-676178,-420,0
4301,1030,-5332,-1,12420,2976,-15397,-1,1
-1003638,864532,140405,1299,-1506109,1299987,207587,1465,0
-597373,-27952,627923,2598,-1380635,-64728,1445571,208,0
63003,-59302,-3700,1,100805,-94884,-5921,0,1
-138456,50701,90353,2598,-1613988,592388,1021807,207,0
-141056,-209958,352963,1949,-654184,-969231,1622994,-421,0
-1006888,146255,864532,3899,-1510089,217013,1293703,627,0
-36402,-910035,951635,5198,-58024,-1385034,1442847,-211,0
-367,556,-188,1,-10608,16060,-5452,0,1
-391315,1071240,-679276,649,-589457,1614615,-1023903,1255,0
-177457,-375715,554470,1298,-512790,-1087164,1599533,-421,0
-1301,-939936,944485,3248,-3352,-1413313,1416454,-211,0
-114,129,-14,1,-13214,14922,-1707,1,1
109204,24700,-131305,2599,1243220,296194,-1538577,837,0
-505719,32501,473217,-1,-1458559,93634,1365552,627,0
-146906,1004287,-856083,1298,-221832,1513230,-1289933,1465,0
43,94,-138,-1,5047,10929,-15977,-1,1
841781,159905,-998438,3248,1278621,241731,-1519096,1256,0
957485,-876883,-79303,1299,1471755,-1349424,-123170,-839,0
-107,133,-25,1,-12420,15397,-2976,1,1
530419,136505,-668876,-1952,1227928,319026,-1546328,626,0
-75403,335412,-258710,1299,-354219,1558476,-1203421,836,0
43,-138,94,-1,5047,-15977,10929,-1,1
709176,360113,-1067340,1949,1065378,539392,-1604771,-1,0
598672,25350,-623374,648,1383357,60328,-1443477,208,0
-272361,-58503,332812,1948,-1261026,-267916,1529150,208,0
-2955,5654,-2699,0,-8534,16328,-7793,1,1
30000,30000,30000,90000,60000,60000,60000,180000,1
648724,321762,-971137,-651,1073966,528918,-1602467,417,0
0,0,0,0,0,0,0,0,1
204988,-211281,6293,0,265279,-273423,8144,0,1
-114,129,-14,1,-13214,14922,-1707,1,1
219058,787179,-1007538,-1301,339555,1214103,-1553031,627,0
336062,-267811,-66303,1948,1544861,-1231700,-313791,-630,0
-132,-410,542,0,-3813,-11848,15661,0,1
-5547,63822,-58274,1,-8876,102115,-93239,0,1
-709177,1035488,-325663,648,-1092820,1598276,-503992,1464,0
-666275,1060189,-391965,1949,-1015315,1616081,-599511,1255,0
430,-533,103,0,12420,-15397,2976,-1,1
0,0,0,0,0,0,0,0,1
-522620,1082290,-559021,649,-787827,1633677,-844385,1465,0
228649,-178664,-49985,0,295899,-231212,-64686,1,1
120,3,-124,-1,13927,427,-14354,0,1
-213859,1016638,-802131,648,-326359,1550097,-1221855,1883,0
988037,-503769,-487519,-3251,1633049,-831398,-801862,-211,0
0,0,0,0,0,0,0,0,1
-4301,5332,-1030,1,-12420,15397,-2976,1,1
-750779,1053039,-300962,1298,-1130525,1586755,-454766,1464,0
642,770,-1412,0,7415,8896,-16311,0,1
-63703,640924,-575922,1299,-150611,1484532,-1332666,1255,0
130654,-351014,222958,2598,595111,-1615454,1019713,-630,0
729327,301611,-1030289,649,1124658,463144,-1587594,208,0
-222115,190735,31380,0,-287443,246833,40610,0,1
-1026389,822280,206707,2598,-1541929,1237145,306039,1255,0
24700,-132605,111154,3249,255766,-1525381,1269195,-420,0
-1082941,583721,502468,3248,-1630955,878947,753473,1465,0
-865833,1000387,-133255,1299,-1301035,1505899,-203817,1047,0
-139756,59802,81253,1299,-1627813,704247,924402,836,0
-917835,137155,781979,1299,-1513022,225183,1288675,836,0
-523270,-464768,989987,1949,-863866,-768556,1632420,-2,0
399764,-547971,150155,1948,1149586,-1580053,430047,-420,0
2568,3080,-5649,-1,7415,8896,-16311,0,1
-1038739,710476,328912,649,-1596601,1094285,503991,1675,0
32101,38511,-70613,-1,51363,61618,-112982,-1,1
-125617,-114716,240333,0,-162563,-148456,311020,1,1
-33802,-287961,324362,2599,-156477,-1330152,1486418,-211,0
0,208206,-208206,0,0,269443,-269443,0,1
-190458,-164457,355563,648,-878738,-753055,1631582,-211,0
-130005,-865833,999087,3249,-197533,-1305644,1503385,208,0
-430,533,-103,0,-12420,15397,-2976,1,1
273660,57202,-330213,649,1259559,270848,-1529780,627,0
6429,-9733,3304,0,18369,-27810,9441,0,1
-389365,-594123,982836,-652,-640149,-981590,1621528,-211,0
9100,851531,-860633,-2,14244,1408075,-1421273,1046,0
219058,341912,-561622,-652,632398,988082,-1620062,418,0
-1056940,435516,623373,1949,-1624461,668636,956661,836,0
170000,62224,-232224,0,220000,80525,-300525,0,1
601922,-1083591,484918,3249,901360,-1630745,729174,-211,0
977636,-365314,-614924,-2602,1615453,-602653,-1013220,-420,0
-336063,-226209,562921,649,-969231,-653974,1622994,-211,0
30000,30000,30000,90000,60000,60000,60000,180000,1
401715,142355,-545371,-1301,1161526,413708,-1574816,418,0
-334763,-227509,563571,1299,-965460,-657954,1623832,418,0
-127405,348413,-219709,1299,-595112,1615453,-1019295,1046,0
-548621,391964,157955,1298,-1584871,1133666,452042,837,0
0,0,0,0,0,0,0,0,1
703976,-297062,-406266,648,1626345,-685395,-941161,-211,0
66302,75402,-139106,2598,747608,884184,-1631164,628,0
3325,-5625,2300,0,9600,-16244,6643,-1,1
-1306,1121,184,-1,-15090,12958,2132,0,1
67249,-52548,-14701,0,107599,-84077,-23522,0,1
585671,499868,-1083591,1948,881461,750540,-1631374,627,0
127404,-9101,-116355,1948,1455416,-86094,-1369114,208,0
694876,-960086,265209,-1,1143301,-1582148,438426,-421,0
-1084241,583721,503768,3248,-1631164,878318,754101,1255,0
-947086,20150,932134,5198,-1427347,27440,1400743,836,0
-88404,-809281,898333,648,-144746,-1336855,1481600,-1,0
-169999,232224,-62224,1,-219999,300525,-80525,1,1
5656,-2828,-2828,0,16334,-8167,-8167,0,1
-558371,359463,198257,-651,-1610636,1038775,573117,1256,0
240416,-120208,-120208,0,311126,-155563,-155563,0,1
30000,30000,30000,90000,60000,60000,60000,180000,1
-566822,1084890,-518070,-2,-851088,1633468,-780915,1465,0
-192408,997787,-804731,648,-295566,1539624,-1242802,1256,0
-375715,705276,-327613,1948,-870569,1632839,-761015,1255,0
-1083591,511569,574621,2599,-1631793,770021,863236,1464,0
-35102,-910685,951635,5848,-56977,-1385243,1442638,418,0
-68756,20082,48674,0,-110011,32132,77878,-1,1
768978,-1053040,286660,2598,1150633,-1579844,429000,-211,0
5172,-9896,4723,-1,14778,-28274,13496,0,1
37609,-224447,186838,0,48670,-290462,241791,-1,1
261309,304211,-565522,-2,751588,880413,-1631164,837,0
9777,-6229,-3547,1,27936,-17799,-10136,1,1
-521970,449166,72152,-652,-1505900,1300615,206749,1464,0
1072540,-389365,-683176,-1,1613358,-586943,-1026626,-211,0
-67249,52548,14701,0,-107599,84077,23522,0,1
30000,30000,30000,90000,60000,60000,60000,180000,1
707226,-347764,-358814,648,1632839,-802071,-831188,-420,0
21450,-317212,297711,1949,96147,-1460654,1364086,-421,0
-120905,992587,-870383,1299,-183080,1497939,-1313394,1465,0
-130655,-865183,999737,3899,-199837,-1304177,1504223,209,0
36946,-70686,33740,0,59113,-113098,53984,-1,1
451766,-1080341,631173,2598,676177,-1626137,950168,208,0
-1062790,331512,733877,2599,-1595344,496869,1099103,628,0
332812,-1062790,732577,2599,497288,-1596601,1098684,-629,0
1074490,-495969,-577222,1299,1631582,-754521,-877482,-421,0
-91004,137805,-46152,649,-1060142,1606446,-545677,627,0
-791080,1037438,-244410,1948,-1191481,1563504,-370767,1256,0
-799530,-232059,1036138,4549,-1204678,-352124,1557638,836,0
-61103,-271711,334112,1298,-284674,-1250552,1535225,-1,0
226208,-349714,126104,2598,1036470,-1611893,575211,-212,0
215808,-561622,346462,648,618782,-1618596,999603,-211,0
108554,24700,-131305,1949,1242801,296822,-1538787,836,0
30000,30000,30000,90000,60000,60000,60000,180000,1
-291861,1038738,-746228,649,-445968,1584451,-1137228,1255,0
156137,80252,-236390,-1,202060,103856,-305917,-1,1
-1073841,497918,578521,2598,-1631374,755777,876852,1255,0
174,378,-553,-1,5047,10929,-15977,-1,1
9777,-3547,-6229,1,27936,-10136,-17799,1,1
2955,2699,-5654,0,8534,7793,-16328,-1,1
-458268,-620124,1082290,3898,-690632,-936343,1627602,627,0
-705277,296411,410165,1299,-1626137,684137,942836,836,0
109146,130940,-240086,0,141248,169451,-310700,-1,1
-337363,-225559,562921,-1,-970278,-652508,1623203,417,0
1075,257,-1333,-1,12420,2976,-15397,-1,1
-972437,95553,882733,5849,-1479506,142860,1338111,1465,0
638323,442666,-1079691,1298,961060,663399,-1623623,836,0
228649,-49985,-178664,0,295899,-64686,-231212,1,1
-565,282,282,-1,-16334,8167,8167,0,1
-27059,-43045,70105,1,-43295,-68873,112169,1,1
-378965,-686426,1071890,6499,-574375,-1037100,1611473,-2,0
-37609,224447,-186838,0,-48670,290462,-241791,1,1
313311,391314,-704627,-2,724566,905550,-1629698,418,0
131954,-989338,861282,3898,195647,-1502758,1306900,-211,0
-289911,1048489,-757279,1299,-438427,1582147,-1143093,627,0
-170000,-62224,232224,0,-220000,-80525,300525,0,1
-75403,336062,-258710,1949,-355685,1558895,-1202583,627,0
-1052390,343862,714376,5848,-1600372,520330,1080879,837,0
-129355,18200,114404,3249,-1510927,219946,1291818,837,0
579821,-1060190,483618,3249,888583,-1631793,742580,-630,0
32101,38511,-70613,-1,51363,61618,-112982,-1,1
-123505,993887,-869083,1299,-186222,1498986,-1311718,1046,0
947085,-15601,-928885,2599,1427765,-27022,-1400744,-1,0
-32502,134555,-102054,-1,-380612,1566436,-1184987,837,0
-237456,86157,151298,-1,-307296,111497,195798,-1,1
0,0,0,0,0,0,0,0,1
-193058,-828132,1023788,2598,-289911,-1247201,1537320,208,0
-5500,1606,3893,-1,-15882,4639,11243,0,1
49999,18301,-68301,-1,79999,29282,-109282,-1,1
256,308,-564,0,7415,8896,-16311,0,1
904183,66952,-969187,1948,1362619,98452,-1460863,208,0
30000,30000,30000,90000,60000,60000,60000,180000,1
942535,-921735,-18201,2599,1429651,-1399069,-31002,-420,0
30000,30000,30000,90000,60000,60000,60000,180000,1
83,57,-140,0,9600,6643,-16244,-1,1
37701,-954886,922384,5199,52577,-1440335,1387756,-2,0
559020,-360764,-198908,-652,1610844,-1037728,-573746,-630,0
-274961,-770929,1048489,2599,-414756,-1160898,1575444,-210,0
30000,30000,30000,90000,60000,60000,60000,180000,1
0,0,0,0,0,0,0,0,1
-707227,-245060,954885,2598,-1166344,-406796,1573349,209,0
217758,810580,-1028339,-1,331176,1220387,-1550098,1465,0
826830,-1028339,204107,2598,1236936,-1542976,305201,-839,0
1084240,-489469,-593473,1298,1630535,-738182,-892773,-420,0
312661,-1056940,747528,3249,466286,-1589479,1122354,-839,0
-245060,341262,-95554,648,-1134505,1585498,-449738,1255,0
1004287,-142356,-860633,1298,1509879,-215548,-1294123,208,0
295111,-565522,273010,2599,846898,-1633469,786150,-421,0
839181,176156,-1014689,648,1264377,263935,-1527475,837,0
-16507,-51291,67798,0,-26411,-82066,108478,1,1
49401,585021,-633774,648,111648,1356126,-1466728,1046,0
-504419,33801,473217,2599,-1459187,94891,1364924,628,0
-167707,1012737,-844382,648,-252415,1524123,-1271081,627,0
-328263,705276,-375065,1948,-760805,1632630,-870360,1465,0
30000,30000,30000,90000,60000,60000,60000,180000,1
-113105,127404,-13001,1298,-1318631,1494378,-174491,1256,0
30000,30000,30000,90000,60000,60000,60000,180000,1
293160,-1050440,760528,3248,436541,-1581938,1144977,-420,0
-521320,-549921,1077090,5849,-794321,-838729,1633258,208,0
-6999,9562,-2562,1,-19999,27320,-7320,1,1
0,0,0,0,0,0,0,0,1
959435,-874933,-83204,1298,1474478,-1345653,-129036,-211,0
295,269,-565,-1,8534,7793,-16328,-1,1
0,0,0,0,0,0,0,0,1
976986,-630524,-345813,649,1610426,-1040661,-570185,-420,0
523269,464117,-988688,-1302,866169,766670,-1632002,837,0
233773,-68281,-165491,1,302530,-88364,-214165,1,1
-33802,-287961,323712,1949,-158152,-1328895,1487046,-1,0
-83854,523919,-442017,-1952,-241941,1520143,-1277784,418,0
-731278,1045239,-312662,1299,-1112929,1592201,-478017,1255,0
30000,30000,30000,90000,60000,60000,60000,180000,1
-1066690,638973,432916,5199,-1622576,970068,654183,1675,0
798229,-908735,111804,1298,1312555,-1498359,185383,-421,0
124804,859982,-984787,-1,189363,1311299,-1498778,1884,0
-969837,112454,860632,3249,-1491237,170301,1321772,836,0
30000,30000,30000,90000,60000,60000,60000,180000,1
0,0,0,0,0,0,0,0,1
0,0,0,0,0,0,0,0,1
-146906,918484,-773529,-1951,-242570,1520771,-1277155,1046,0
0,0,0,0,0,0,0,0,1
5500,-3893,-1606,1,15882,-11243,-4639,0,1
-16507,67798,-51291,0,-26411,108478,-82066,1,1
119604,-663675,546020,1949,272733,-1531455,1258092,-630,0
258709,305511,-565522,-1302,746979,884393,-1631164,208,0
330,1025,-1355,0,3813,11848,-15661,0,1
513519,-991288,477767,-2,843755,-1633469,789293,-421,0
-128055,111804,19500,3249,-1506319,1299359,208215,1255,0
696826,-960086,263909,649,1145396,-1581310,435703,-211,0
332,230,-562,0,9600,6643,-16244,-1,1
134,-105,-29,0,15534,-12138,-3396,0,1
-1067340,638973,432266,3899,-1622576,970486,653554,1464,0
-1073191,689675,386764,3248,-1611264,1035214,577097,1047,0
395214,-1074491,681875,2598,590503,-1614616,1023693,-420,0
-127405,986736,-857383,1948,-195439,1502757,-1306063,1255,0
354263,-159256,-193058,1949,1630116,-730432,-900314,-630,0
131954,-19501,-110505,1948,1510088,-216176,-1293494,418,0
172906,-553171,381564,1299,495612,-1596182,1099941,-629,0
848931,15600,-864533,-2,1401791,24508,-1426300,-1,0
625973,-29902,-596723,-652,1446827,-67451,-1379378,-2,0
367,188,-556,-1,10608,5452,-16060,0,1
943185,-213859,-729978,-652,1557638,-354219,-1203631,-212,0
-776,8935,-8158,1,-2219,25528,-23309,0,1
5639,-3204,-2435,0,16283,-9251,-7032,0,1
1950,120254,-120905,1299,5446,1412264,-1416874,836,0
30000,30000,30000,90000,60000,60000,60000,180000,1
598022,458267,-1056290,-1,924612,704037,-1628022,627,0
-503119,1058889,-554471,1299,-776725,1633468,-855487,1256,0
-234009,-112455,348413,1949,-1081508,-519283,1600371,-420,0
-48102,326312,-276911,1299,-226650,1514696,-1287001,1045,0
-808631,1030288,-221009,648,-1216408,1552611,-334947,1256,0
-656,238,418,0,-1243,451,792,0,1
-956186,875582,81903,1299,-1471546,1349423,123588,1465,0
215808,-561622,347113,1299,618363,-1618805,1000441,-1,0
-156137,-80252,236390,1,-202060,-103856,305917,1,1
798229,-908735,112454,1948,1312346,-1498359,185383,-630,0
3673,-5562,1888,-1,10608,-16060,5452,0,1
636373,-588923,-46152,1298,1465470,-1357174,-108717,-421,0
1306,-1121,-184,1,15090,-12958,-2132,0,1
334762,-1062790,731277,3249,499592,-1597230,1097427,-211,0
-967237,293160,675375,1298,-1591993,481368,1111252,627,0
131954,-988688,860632,3898,197113,-1503177,1306062,-2,0
-1076441,412765,666924,3248,-1618177,619620,998975,418,0
-458918,-529120,988687,649,-757873,-874339,1632001,-211,0
180706,-354264,175506,1948,826998,-1633887,806260,-629,0
-926285,955535,-29252,-2,-1390271,1437401,-46084,1046,0
60290,-62141,1850,-1,96465,-99426,2961,0,1
75402,66302,-139106,2598,856952,775886,-1632212,626,0
691625,-1072541,385464,4548,1034585,-1612312,577306,-421,0
-85154,525219,-441367,-1302,-246969,1522238,-1274642,627,0
-49999,68301,-18301,1,-79999,109282,-29282,1,1
934735,-8451,-924335,1949,1422110,-15083,-1406400,627,0
-218409,-341913,562271,1949,-632608,-987874,1620480,-2,0
825530,198907,-1024439,-2,1243010,296403,-1538787,626,0
-138456,50051,91653,3248,-1613150,588199,1025578,627,0
228649,-49985,-178664,0,295899,-64686,-231212,1,1
799529,-908085,109854,1298,1314022,-1497311,182660,-629,0
128054,-9101,-117005,1948,1458139,-92168,-1365972,-1,0
62402,-969187,910034,3249,91958,-1458768,1366599,-211,0
33,-135,102,0,3813,-15661,11848,0,1
544720,-665625,122204,1299,1253903,-1533760,279855,-2,0
0,-575,575,0,0,-1090,1090,0,1
783929,259359,-1040689,2599,1181007,386896,-1567485,418,0
757928,170306,-929535,-1301,1252856,281321,-1533550,627,0
-563,320,243,0,-16283,9251,7032,0,1
130654,-351014,222308,1948,595111,-1615244,1019503,-630,0
73,67,-141,-1,8534,7793,-16328,-1,1
550570,-166407,-387415,-3252,1590735,-476341,-1114814,-420,0
-537571,422515,114404,-652,-1548632,1223529,326148,1045,0
315261,654574,-969837,-2,520749,1080879,-1600791,837,0
30000,30000,30000,90000,60000,60000,60000,180000,1
136505,-107255,-27952,1298,1552821,-1214942,-338299,-420,0
-469,-172,642,1,-889,-325,1215,1,1
-483619,-11051,496618,1948,-1396974,-33935,1431117,208,0
-375715,705276,-326963,2598,-871407,1632839,-760177,1255,0
919784,-919785,1300,1299,1413731,-1415407,1047,-629,0
-156137,236390,-80252,1,-202060,305917,-103856,1,1
30000,30000,30000,90000,60000,60000,60000,180000,1
-437,-946,1383,0,-5047,-10929,15977,1,1
-3059,-6624,9683,0,-8740,-18925,27666,1,1
338012,726077,-1063440,649,508390,1090305,-1598277,418,0
5500,-1606,-3893,1,15882,-4639,-11243,0,1
-174,553,-378,1,-5047,15977,-10929,1,1
-178107,352313,-171607,2599,-831188,1633886,-801652,1046,0
3900,486868,-492069,-1301,9426,1410379,-1418968,837,0
452416,-1079691,631173,3898,676596,-1626137,949749,208,0
776,8158,-8935,-1,2219,23309,-25528,0,1
-537,607,-69,1,-1018,1149,-131,0,1
10400,-618174,609072,1298,23670,-1426509,1402419,-420,0
977636,-362714,-616224,-1302,1615243,-600559,-1015315,-631,0
609722,-618174,11050,2598,1403467,-1425672,21575,-630,0
0,0,0,0,0,0,0,0,1
134,-105,-29,0,15534,-12138,-3396,0,1
4494,-9885,5391,0,12840,-28245,15404,-1,1
44851,93603,-135856,2598,510065,1089048,-1598487,626,0
-4000,-1464,5464,0,-11550,-4227,15777,0,1
-523920,76052,447866,-2,-1511346,220574,1291818,1046,0
-5040,296,4744,0,-14553,854,13698,-1,1
-99,136,-36,1,-11549,15777,-4227,1,1
-1007538,181356,830731,4549,-1530827,274199,1257883,1255,0
56124,-230515,174391,0,72631,-298314,225683,0,1
591522,480367,-1071891,-2,900523,730431,-1630117,837,0
30000,30000,30000,90000,60000,60000,60000,180000,1
-174857,-840482,1019238,3899,-263098,-1264797,1527893,-2,0
969186,-56553,-910035,2598,1456463,-87979,-1368067,417,0
0,0,0,0,0,0,0,0,1
30000,30000,30000,90000,60000,60000,60000,180000,1
50000,18301,-68301,0,80000,29282,-109282,0,1
262609,435516,-698127,-2,606842,1009867,-1616501,208,0
460217,54602,-515470,-651,1327428,160456,-1487466,418,0
30000,30000,30000,90000,60000,60000,60000,180000,1
-706577,1036788,-329563,648,-1088840,1599323,-509229,1254,0
-345163,105953,240509,1299,-1594507,493936,1101407,836,0
-976987,875582,105303,3898,-1485162,1330989,155638,1465,0
209957,-1025089,819680,4548,312533,-1545071,1232537,-1,0
30000,30000,30000,90000,60000,60000,60000,180000,1
-453067,-242460,698126,2599,-1047783,-561387,1608750,-420,0
960735,-690326,-270411,-2,1583194,-1138275,-445339,-420,0
61752,269110,-330863,-1,283626,1251808,-1534388,1046,0
690325,-483619,-207358,-652,1591573,-1112719,-479483,-629,0
-1042640,780029,265859,3248,-1569998,1173675,397788,1465,0
-564872,1084890,-520670,-652,-848155,1633468,-784266,1047,0
986736,-434867,-553171,-1302,1629069,-718911,-910997,-839,0
254809,-1042640,791079,3248,379773,-1566228,1186034,-421,0
1077740,-431617,-644175,1948,1622994,-652717,-970278,-1,0
332,-562,230,0,9600,-16244,6643,-1,1
336062,-269111,-65653,1298,1543604,-1234214,-310020,-630,0
-44,-466,510,0,-1281,-13461,14742,0,1
348413,-228809,-119605,-1,1607912,-1051553,-557198,-839,0
302261,751428,-1051740,1949,455184,1131361,-1585709,836,0
0,0,0,0,0,0,0,0,1
-3059,-6624,9683,0,-8740,-18925,27666,1,1
-46802,-464118,512869,1949,-137415,-1341254,1478458,-211,0
-522,73,448,-1,-15090,2132,12958,0,1
-128705,111154,19500,1949,-1507785,1297683,210938,836,0
1067990,-639624,-427717,649,1622575,-973001,-649994,-420,0
771578,278210,-1048490,1298,1160478,414965,-1575235,208,0
-1306,184,1121,-1,-15090,2132,12958,0,1
-738,1413,-674,1,-8534,16328,-7793,1,1
-140406,-839832,982186,1948,-215967,-1294332,1510298,-1,0
0,0,0,0,0,0,0,0,1
-234009,-112455,349063,2599,-1082346,-517817,1600161,-2,0
-918,1390,-472,0,-10608,16060,-5452,0,1
408865,294461,-702677,649,944931,681833,-1625927,837,0
-155,637,-482,0,-293,1206,-912,1,1
-140406,69552,72152,1298,-1632631,816943,816734,1046,0
-969837,113104,859332,2599,-1491865,171767,1320934,836,0
-7000,-2562,9562,0,-20000,-7320,27320,0,1
205,-650,444,-1,388,-1231,842,-1,1
700726,-438117,-261310,1299,1616291,-1011754,-604958,-421,0
300311,-316562,17550,1299,1375188,-1451227,75619,-420,0
117004,230108,-344513,2599,533526,1070405,-1603304,627,0
7527,-9331,1804,0,21507,-26661,5154,0,1
811880,-1034189,223608,1299,1216407,-1552612,335994,-211,0
995837,-876883,-118955,-1,1495425,-1316955,-178890,-420,0
-22751,-927585,954235,3899,-37287,-1395926,1433002,-211,0
1011437,-825531,-182657,3249,1533759,-1253695,-280275,-211,0
120,-124,3,-1,13927,-14354,427,0,1
-125617,-114716,240333,0,-162563,-148456,311020,1,1
0,0,0,0,0,0,0,0,1
424465,-703977,282760,3248,973629,-1623204,648736,-839,0
-659125,-401066,1066689,6498,-1004841,-612708,1617967,418,0
-48102,326312,-276261,1949,-227488,1515115,-1286582,1045,0
0,0,0,0,0,0,0,0,1
-2310,9491,-7180,1,-6602,27119,-20516,1,1
624023,-27952,-598023,-1952,1444523,-62423,-1381892,208,0
125617,114716,-240333,0,162563,148456,-311020,-1,1
0,0,0,0,0,0,0,0,1
-109146,240086,-130940,0,-141248,310700,-169451,1,1
261309,437466,-698127,648,603490,1012590,-1616082,-2,0
-204758,-807981,1019238,6499,-313581,-1231490,1545489,418,0
-245060,341912,-95554,1298,-1134714,1585289,-449319,1256,0
-367914,-687076,1061489,6499,-562435,-1047154,1609588,-1,0
592,-34,-557,1,1121,-65,-1055,1,1
827481,-991288,167056,3249,1269404,-1525171,255347,-420,0
663674,399764,-1062790,648,1008820,608099,-1616292,627,0
8440,259,-8699,0,24116,740,-24856,0,1
-328263,560971,-232709,-1,-951006,1626136,-674084,1046,0
-144956,917834,-775480,-2602,-238380,1519305,-1280088,837,0
-209308,-480368,690975,1299,-484511,-1108949,1593039,-421,0
-933435,11050,928234,5849,-1421273,14453,1407446,626,0
-5587,2027,3559,-1,-16133,5853,10279,-1,1
280810,-703327,425115,2598,641824,-1622157,979703,-630,0
900283,-962687,65002,2598,1363667,-1460863,96985,-211,0
-414066,1076440,-661075,1299,-623601,1619642,-995205,836,0
137,-40,-97,0,15882,-4639,-11243,0,1
-510920,-571372,1086840,4548,-770860,-861771,1632630,-1,0
298361,-966587,669525,1299,489537,-1594716,1104549,-630,0
537,-117,-420,0,15534,-3396,-12138,0,1
170956,843081,-1014689,-652,259117,1267519,-1526009,627,0
-709177,1036138,-325663,1298,-1092610,1598276,-503992,1674,0
261959,436166,-698127,-2,605166,1011543,-1616082,627,0
30000,30000,30000,90000,60000,60000,60000,180000,1
416015,-1079041,664974,1948,621086,-1619434,997927,-421,0
-53302,-87104,141705,1299,-628628,-991435,1619642,-421,0
524569,463467,-988688,-652,867216,765413,-1632002,627,0
35101,-136506,104003,2598,377469,-1565390,1187291,-630,0
79952,-978937,900933,1948,119608,-1470918,1351098,-212,0
-791730,1022488,-228809,1949,-1204887,1557638,-351286,1465,0
-156137,-80252,236390,1,-202060,-103856,305917,1,1
-86454,-894434,984136,3248,-131340,-1344396,1475735,-1,0
537,-607,69,-1,1018,-1149,131,0,1
-103,620,-516,1,-196,1175,-978,1,1
-457,516,-59,0,-13214,14922,-1707,1,1
454367,601272,-1055640,-1,702990,925659,-1628022,627,0
-533020,-525220,1062789,4549,-821762,-811498,1633468,208,0
-245060,341262,-96854,-652,-1132410,1585917,-452462,1045,0
-842432,-135206,981536,3898,-1296427,-211358,1508203,418,0
-140406,69552,72152,1298,-1632631,816943,816734,1046,0
166406,185906,-351664,648,764784,867845,-1632002,627,0
601272,456967,-1056940,1299,926288,702152,-1627813,627,0
314611,-301612,-10401,2598,1441381,-1386291,-55720,-630,0
626623,-29902,-596723,-2,1446827,-67660,-1379169,-2,0
-863233,1001687,-137156,1298,-1297893,1508203,-208845,1465,0
-328913,52001,278860,1948,-1519306,241940,1277992,626,0
-1054340,705926,352963,4549,-1602676,1071243,532689,1256,0
-465418,692275,-224909,1948,-1076900,1602466,-524520,1046,0
-670826,-375065,1048489,2598,-1032072,-580030,1612101,-1,0
968536,-113105,-855433,-2,1493959,-176167,-1318003,-211,0
-53768,66654,-12885,1,-86030,106647,-20617,0,1
190457,-998438,811230,3249,290957,-1537949,1246362,-630,0
-588923,-493369,1086840,4548,-886698,-744257,1631373,418,0
-396515,545370,-148856,-1,-1147701,1580680,-431933,1046,0
1063439,-718277,-343213,1949,1600580,-1082555,-518445,-420,0
559020,-360114,-199558,-652,1611263,-1037519,-574375,-631,0
1344,-1050,-294,0,15534,-12138,-3396,0,1
5226,-4487,-738,1,15090,-12958,-2132,0,1
-1000,1366,-366,0,-11550,15777,-4227,0,1
1050439,-765079,-284711,649,1579214,-1150424,-429420,-630,0
276260,-1024439,752078,3899,422506,-1577958,1155032,-420,0
30000,30000,30000,90000,60000,60000,60000,180000,1
-107255,-25351,135205,2599,-1246363,-289911,1537110,836,0
-9899,4949,4949,-1,-28284,14142,14142,0,1
-705277,394564,312661,1948,-1628860,912253,718072,1465,0
1396,-506,-889,1,16133,-5853,-10279,1,1
-8008,-1034,9043,1,-22882,-2956,25838,0,1
-21850,69165,-47314,1,-34961,110664,-75703,0,1
175506,840481,-1015989,-2,264564,1264167,-1527685,1046,0
642,-1412,770,0,7415,-16311,8896,0,1
-298362,964636,-666925,-651,-492890,1595762,-1102036,836,0
609722,-617524,10400,2598,1404514,-1424624,19271,-839,0
-287961,1048489,-759879,649,-433818,1580890,-1146445,627,0
293811,-566172,273660,1299,845222,-1633469,787826,-421,0
90353,892483,-981537,1299,135319,1342510,-1477202,627,0
-990638,505068,486868,1298,-1632840,833491,800395,1046,0
-4494,-5391,9885,0,-12840,-15404,28245,1,1
-223609,691625,-466068,1948,-520750,1601628,-1080042,836,0
0,0,0,0,0,0,0,0,1
-898984,973736,-72153,2599,-1354451,1467984,-112068,1465,0
0,0,0,0,0,0,0,0,1
550570,-391965,-157956,649,1586336,-1129477,-457279,-420,0
-138456,89053,51351,1948,-1611474,1034166,578354,1046,0
-347114,225558,122854,1298,-1607913,1050714,557825,626,0
961386,-687076,-274311,-1,1585079,-1133248,-452252,-421,0
-91,-47,139,1,-10608,-5452,16060,0,1
-1058240,751428,306161,-651,-1586128,1129895,457278,1045,0
-371164,978286,-608423,-1301,-612708,1618385,-1004632,1045,0
-35102,954885,-920435,-652,-51740,1440124,-1387548,836,0
-212558,-137806,353613,3249,-985360,-635541,1620690,-211,0
88403,808630,-897034,-1,145583,1336645,-1481601,627,0
169999,62224,-232224,-1,219999,80525,-300525,-1,1
213858,-560972,349063,1949,612707,-1617968,1005049,-212,0
-791730,1022488,-229459,1299,-1204259,1557848,-352124,1465,0
157305,-353614,198907,2598,717862,-1629907,911834,-211,0
768978,-1053690,286660,1948,1150842,-1579634,429000,208,0
-220359,944485,-724778,-652,-364902,1562037,-1196090,1045,0
-31852,-103354,137155,1949,-382079,-1184359,1566227,-211,0
535620,549920,-1084241,1299,806888,826998,-1633050,836,0
814480,-1032889,221008,2599,1219549,-1551146,331595,-2,0
45922,-69526,23603,-1,73476,-111242,37765,-1,1
-459568,-528470,988687,649,-758292,-873711,1632211,208,0
30000,30000,30000,90000,60000,60000,60000,180000,1
-747529,934735,-187208,-2,-1232957,1544651,-310648,1046,0
-1044590,274310,776129,5849,-1573559,409938,1164668,1047,0
928884,26000,-952936,1948,1395716,36657,-1432375,-2,0
399,146,-546,-1,11549,4227,-15777,-1,1
-4576,-591,5167,0,-13214,-1707,14922,1,1
959435,-689676,-271061,-1302,1583404,-1137647,-446177,-420,0
592,-34,-557,1,1121,-65,-1055,1,1
312661,656524,-969837,-652,517397,1083183,-1600162,418,0
191757,828781,-1020539,-1,289491,1248038,-1536483,1046,0
0,0,0,0,0,0,0,0,1
-945786,215158,731277,649,-1557220,353380,1204677,837,0
30000,30000,30000,90000,60000,60000,60000,180000,1
2310,-9491,7180,-1,6602,-27119,20516,-1,1
685125,-194358,-491419,-652,1583822,-448272,-1136180,-630,0
-1065390,422515,648074,5199,-1620900,640567,981589,1256,0
-840482,873632,-34452,-1302,-1384615,1443057,-57396,1046,0
1062789,-718277,-343213,1299,1600161,-1083184,-517608,-631,0
537,-117,-420,0,15534,-3396,-12138,0,1
128054,-9101,-117005,1948,1455206,-86094,-1369114,-2,0
-140406,60452,80603,649,-1628441,709902,919375,836,0
-888584,63052,826830,1298,-1462539,102641,1360734,836,0
-999,1366,-366,1,-11549,15777,-4227,1,1
-9751,615573,-605173,649,-23252,1426508,-1402211,1045,0
-838532,-158606,1002987,5849,-1276737,-243408,1520562,417,0
-47452,-463468,512219,1299,-140766,-1339159,1479924,-1,0
-704627,296411,410815,2599,-1625927,682880,944093,1046,0
224258,784579,-1009488,-651,345839,1210333,-1554916,1256,0
-536921,421865,115054,-2,-1549889,1221225,329919,1255,0
926934,26650,-953586,-2,1395088,38333,-1433003,418,0
-616874,1080340,-462818,648,-928593,1628231,-698382,1256,0
45501,-139756,96853,2598,502106,-1597649,1094704,-839,0
0,0,0,0,0,0,0,0,1
-233773,68281,165491,-1,-302530,88364,214165,-1,1
0,0,0,0,0,0,0,0,1
325662,-285361,-39002,1299,1499196,-1311300,-188316,-420,0
-1056940,433566,625323,1949,-1624042,665285,959384,627,0
-74292,235162,-160869,1,-96143,304328,-208184,1,1
4494,5391,-9885,0,12840,15404,-28245,-1,1
-990638,824880,167706,1948,-1524124,1270451,255137,1464,0
70710,-35355,-35355,0,113137,-56568,-56568,1,1
347,317,-664,0,657,600,-1258,-1,1
9145,-7853,-1292,0,26131,-22439,-3691,1,1
1043939,-778080,-263260,2599,1570416,-1173885,-396951,-420,0
-634424,1079690,-445267,-1,-954149,1625717,-670313,1255,0
-976987,81253,900283,4549,-1469870,119608,1350889,627,0
523919,-77353,-447867,-1301,1511554,-220575,-1290981,-2,0
54,-140,86,0,6250,-16194,9943,-1,1
-614,86,527,-1,-1162,164,998,0,1
-700727,439416,261959,648,-1615244,1015733,600558,1047,0
30000,30000,30000,90000,60000,60000,60000,180000,1
11700,115054,-125455,1299,128616,1346280,-1474060,836,0
1144,147,-1291,0,13214,1707,-14922,-1,1
102053,-137156,38351,3248,1152937,-1578796,425648,-211,0
941885,-923035,-16901,1949,1428813,-1400325,-28698,-210,0
131954,-113755,-16901,1298,1508622,-1296217,-212615,-210,0
-71503,139755,-66303,1949,-851088,1633468,-780915,1465,0
30000,30000,30000,90000,60000,60000,60000,180000,1
-411466,1075790,-663675,649,-619202,1619014,-998976,836,0
273010,56552,-329563,-1,1260187,270010,-1529570,627,0
-558,202,355,-1,-16133,5853,10279,-1,1
-700077,438116,263259,1298,-1615454,1013219,603281,1046,0
0,0,0,0,0,0,0,0,1
174856,841131,-1015989,-2,264145,1264586,-1527685,1046,0
235308,110504,-344513,1299,1084440,515512,-1599534,418,0
239208,711776,-951636,-652,396531,1174513,-1570208,836,0
-110,1276,-1165,1,-1281,14742,-13461,0,1
-686426,194357,493368,1299,-1583614,448690,1135760,836,0
989337,-501169,-489469,-1301,1632839,-828046,-805632,-839,0
-1066690,640924,430316,4550,-1622157,973210,650203,1256,0
-69840,25340,44499,-1,-111744,40544,71199,-1,1
1344,-294,-1050,0,15534,-3396,-12138,0,1
-311362,298361,14300,1299,-1441592,1385661,57186,1255,0
130654,-542771,412115,-2,373908,-1564343,1190223,-212,0
-245060,341912,-96204,648,-1132200,1586127,-452671,1256,0
-705927,391964,315261,1298,-1629279,906178,724356,1255,0
690975,-1073191,386764,4548,1033328,-1612731,578773,-630,0
-73,-67,141,1,-8534,-7793,16328,1,1
566,-584,17,-1,1073,-1106,32,-1,1
37609,-224447,186838,0,48670,-290462,241791,-1,1
722177,340612,-1062140,649,1088210,510694,-1598696,208,0
642,-1412,770,0,7415,-16311,8896,0,1
75402,65652,-138456,2598,856743,776096,-1632212,627,0
139755,-41602,-96204,1949,1588431,-466496,-1122355,-420,0
-971137,92953,884033,5849,-1478459,139299,1339996,836,0
0,0,0,0,0,0,0,0,1
-558371,357513,201507,649,-1611683,1033747,578982,1046,0
196307,826830,-1021189,1948,294309,1244896,-1538158,1047,0
-328263,560971,-232709,-1,-951006,1626136,-674293,837,0
-281461,323712,-40952,1299,-1305225,1503176,-196695,1256,0
30000,30000,30000,90000,60000,60000,60000,180000,1
-1414,707,707,0,-16334,8167,8167,0,1
0,0,0,0,0,0,0,0,1
-687076,193707,494668,1299,-1583195,446176,1137436,417,0
-707877,345162,364013,1298,-1632421,797462,836005,1046,0
0,0,0,0,0,0,0,0,1
-850232,-13001,867132,3899,-1401163,-25137,1427137,837,0
-1081641,634423,449816,2598,-1624671,953310,672616,1255,0
36401,908734,-947736,-2601,57186,1385661,-1441592,1255,0
-823581,1025088,-200858,649,-1236727,1542556,-304364,1465,0
149505,-1005588,859332,3249,222250,-1513022,1290142,-630,0
-7527,9331,-1804,0,-21507,26661,-5154,0,1
30000,30000,30000,90000,60000,60000,60000,180000,1
0,0,0,0,0,0,0,0,1
-522,73,448,-1,-15090,2132,12958,0,1
-1012738,165106,850231,2599,-1520772,246339,1275479,1046,0
-260010,-304862,565521,649,-748865,-882509,1631792,418,0
-453067,1067339,-613623,649,-691260,1627812,-935296,1256,0
194500,25130,-219631,-1,251707,32521,-284228,0,1
-103,-516,620,1,-196,-978,1175,1,1
-601923,-454368,1059539,3248,-925870,-701943,1628231,418,0
-48102,-912635,963986,3249,-74154,-1376236,1450388,-2,0
-348414,225558,122854,-2,-1607913,1050505,558244,836,0
-988688,434216,555770,1298,-1628860,715349,914348,837,0
144955,-919785,776779,1949,238798,-1518887,1280087,-2,0
0,489,-489,0,0,14145,-14145,0,1
-558,355,202,-1,-16133,10279,5853,-1,1
-253510,562921,-309412,-1,-733574,1631373,-896334,1465,0
-273661,1023138,-748179,1298,-422297,1578167,-1154823,1047,0
3325,-5625,2300,0,9600,-16244,6643,-1,1
-39652,507018,-468018,-652,-117515,1470288,-1351728,1045,0
-204988,211281,-6293,0,-265279,273423,-8144,0,1
332,-562,230,0,9600,-16244,6643,-1,1
-1086191,564871,523269,1949,-1632212,848992,784684,1464,0
382864,664324,-1047190,-2,591341,1023064,-1613778,627,0
-1005588,144955,865182,4549,-1509251,215128,1294960,837,0
0,0,0,0,0,0,0,0,1
4823,-4971,148,0,13927,-14354,427,0,1
194500,25130,-219631,-1,251707,32521,-284228,0,1
733227,-1060190,330212,3249,1099941,-1596182,496031,-210,0
-192408,-828782,1023138,1948,-289492,-1247620,1536901,-211,0
1063439,-353614,-709827,-2,1603932,-536041,-1068102,-211,0
93603,-141056,48751,1298,1055951,-1607284,551122,-211,0
-291211,564221,-271711,1299,-844594,1633677,-788246,837,0
-103,-516,620,1,-196,-978,1175,1,1
332162,-707877,378314,2599,761852,-1632631,870149,-630,0
-435517,-642225,1080990,3248,-656697,-967136,1623413,-420,0
1043289,-780680,-261310,1299,1569369,-1176399,-393181,-211,0
565,-282,-282,1,16334,-8167,-8167,0,1
-1044590,356863,689025,1298,-1606028,548399,1058465,836,0
148205,-921085,774829,1949,242359,-1520353,1277573,-421,0
-83,140,-57,0,-9600,16244,-6643,1,1
141313,-239099,97786,0,182875,-309422,126546,-1,1
-566822,-82554,651974,2598,-1307529,-192715,1501081,837,0
-220359,-339963,562271,1949,-637216,-984103,1621109,-210,0
32101,-70613,38511,-1,51363,-112982,61618,-1,1
0,0,0,0,0,0,0,0,1
132604,-113755,-16901,1948,1508203,-1297265,-211358,-420,0
-768329,-279511,1053689,5849,-1155452,-421669,1577329,208,0
-800180,-230109,1035488,5199,-1206144,-349820,1557010,1046,0
-1053690,707226,350363,3899,-1602257,1074594,529128,1465,0
2310,7180,-9491,-1,6602,20516,-27119,-1,1
919784,-919135,650,1299,1414359,-1414779,0,-420,0
-300962,-749479,1054989,4548,-453928,-1131991,1586127,208,0
-139106,88403,52651,1948,-1612102,1031024,582124,1046,0
143005,208657,-349064,2598,651041,972162,-1622576,627,0
547320,-1086841,542770,3249,819666,-1633887,813801,-420,0
367263,-557721,191107,649,1054694,-1607913,552379,-840,0
-119605,122854,-1951,1298,-1390690,1436982,-45247,1045,0
0,0,0,0,0,0,0,0,1
-238559,-711127,952285,2599,-395694,-1174723,1570416,-1,0
141705,837231,-979587,-651,219946,1292237,-1510927,1256,0
0,489,-489,0,0,14145,-14145,0,1
221008,786529,-1008188,-651,343535,1212008,-1554288,1255,0
0,0,0,0,0,0,0,0,1
959435,-690326,-271061,-1952,1582985,-1138485,-445339,-839,0
371813,-1067991,701376,5198,554055,-1608332,1053647,-630,0
143005,-81254,-59153,2598,1627812,-927546,-700268,-2,0
-1414,707,707,0,-16334,8167,8167,0,1
-1025739,822280,206057,2598,-1541719,1237145,306039,1465,0
0,-4898,4898,0,0,-14145,14145,0,1
642,-1412,770,0,7415,-16311,8896,0,1
-8820,8302,518,0,-25201,23721,1480,0,1
-642,1412,-770,0,-7415,16311,-8896,0,1
-98804,-36402,138455,3249,-1155871,-420831,1576910,208,0
-133906,29901,107254,3249,-1554916,347096,1208866,1046,0
-1062790,334762,729977,1949,-1596392,501896,1095332,836,0
4494,5391,-9885,0,12840,15404,-28245,-1,1
30000,30000,30000,90000,60000,60000,60000,180000,1
66302,-642875,578521,1948,149772,-1483696,1333712,-212,0
-978287,85803,898333,5849,-1472384,125474,1347956,1046,0
-75403,335412,-258060,1949,-354638,1558686,-1203212,836,0
-850232,-14301,866482,1949,-1400954,-25766,1427346,626,0
-220359,943835,-725428,-1952,-363436,1561618,-1196927,1255,0
-957486,874282,85803,2599,-1474060,1346071,129035,1046,0
1067990,-419266,-646775,1949,1620899,-637426,-983684,-211,0
0,0,0,0,0,0,0,0,1
458267,622723,-1079691,1299,689793,937809,-1626765,837,0
-571372,-514170,1088790,3248,-857791,-774421,1632630,418,0
826830,-1027689,203457,2598,1237355,-1542557,304782,-420,0
-985437,104653,885983,5199,-1485162,155009,1330989,836,0
-1030939,260659,776779,6499,-1568741,392342,1177236,837,0
-350364,131954,219708,1298,-1616920,611869,1005678,627,0
1320,-5423,4103,0,3813,-15661,11848,0,1
637673,-976987,339312,-2,1048620,-1609379,560129,-630,0
-918,-472,1390,0,-10608,-5452,16060,0,1
-864533,1000387,-133906,1948,-1299779,1506527,-205284,1464,0
-220359,943835,-724778,-1302,-364274,1561828,-1196299,1255,0
-48102,326312,-276911,1299,-228116,1515325,-1286163,1046,0
-204758,1023138,-817731,649,-308973,1544023,-1234004,1046,0
24700,927584,-950986,1298,36657,1396554,-1432165,1046,0
182813,43812,-226626,-1,236582,56698,-293281,-1,1
131954,-988688,861282,4548,196066,-1502758,1306690,-2,0
-2310,-7180,9491,1,-6602,-20516,27119,1,1
273660,-1023789,753378,3249,418107,-1576911,1158383,-421,0
706576,-392615,-313312,649,1629697,-905970,-723938,-211,0
30000,30000,30000,90000,60000,60000,60000,180000,1
1041339,-353614,-687726,-1,1605817,-547143,-1058885,-211,0
233358,-1035489,804730,2599,348143,-1556383,1208028,-212,0
30000,30000,30000,90000,60000,60000,60000,180000,1
-31852,133905,-102054,-1,-376632,1565389,-1187711,1046,0
299661,266509,-565522,648,862189,770650,-1632212,627,0
-571372,-514170,1088790,3248,-858420,-773793,1632420,207,0
27059,43045,-70105,-1,43295,68873,-112169,-1,1
430316,-535621,105953,648,1236307,-1542976,306249,-420,0
-635724,973086,-339313,-1951,-1047783,1609588,-560759,1046,0
-8820,518,8302,0,-25201,1480,23721,0,1
-1040039,250909,792379,3249,-1564133,376422,1188338,627,0
-47452,326312,-277561,1299,-223717,1513859,-1288886,1256,0
63052,-969187,910034,3899,91539,-1458559,1366599,-421,0
-897684,974386,-74103,2599,-1353194,1469031,-114792,1045,0
233773,-165491,-68281,1,302530,-214165,-88364,1,1
-504419,679275,-172907,1949,-1167601,1573349,-404283,1465,0
-991938,505068,486218,-652,-1632840,833072,800604,836,0
63003,-3700,-59302,1,100805,-5921,-94884,0,1
982186,-889884,-91004,1298,1478248,-1340835,-137834,-421,0
-102704,-553821,659124,2599,-238380,-1280298,1518467,-211,0
1052389,-645475,-404316,2598,1618804,-995415,-624020,-631,0
-1062790,333462,731927,2599,-1595973,499801,1097008,836,0
648724,-83854,-566172,-1302,1499824,-191040,-1308995,-211,0
-126755,539520,-412766,-1,-369091,1563085,-1193366,628,0
182813,43812,-226626,-1,236582,56698,-293281,-1,1
-237456,151298,86157,-1,-307296,195798,111497,-1,1
63052,269110,-330863,1299,284463,1251180,-1535016,627,0
-82554,-58503,142355,1298,-961690,-662144,1623832,-2,0
191757,161856,-351664,1949,876433,755777,-1631583,627,0
146905,-921735,775479,649,240684,-1519725,1278830,-211,0
-130005,17550,113754,1299,-1509670,215756,1294122,208,0
331512,-707227,378964,3249,761014,-1632840,870777,-1049,0
163806,763128,-926935,-1,270848,1259978,-1529989,837,0
1015988,-839182,-174857,1949,1527893,-1264168,-264146,-421,0
-1060190,579171,482318,1299,-1630536,891515,740276,1255,0
22750,-317862,297061,1949,98871,-1461701,1362619,-211,0
-118955,-3251,125454,3248,-1394670,-37706,1432793,417,0
-128055,348413,-218409,1949,-599930,1616081,-1015524,627,0
-109146,-130940,240086,0,-141248,-169451,310700,1,1
646,-188,-457,1,1223,-357,-866,0,1
565,-282,-282,1,16334,-8167,-8167,0,1
-53302,-86454,141705,1949,-629675,-990387,1619852,-210,0
0,0,0,0,0,0,0,0,1
-63053,968536,-906134,-651,-93635,1459605,-1365134,836,0
-113105,128054,-13001,1948,-1320097,1493330,-172187,1046,0
-4494,-5391,9885,0,-12840,-15404,28245,1,1
-731278,-298362,1033538,3898,-1125288,-462307,1587593,-2,0
-224909,-784580,1011437,1948,-345840,-1209705,1555334,-211,0
4494,-9885,5391,0,12840,-28245,15404,-1,1
-11061,66014,-54952,1,-17698,105622,-87924,0,1
-389365,1070590,-680576,649,-587781,1614196,-1025579,836,0
482318,-499219,17550,649,1388175,-1439497,50692,-630,0
5818,-9845,4026,-1,16625,-28129,11504,0,1
-5818,9845,-4026,1,-16625,28129,-11504,0,1
-529770,1071890,-542121,-1,-806470,1634096,-825951,1675,0
-166407,1011437,-845682,-652,-249064,1523075,-1272757,1254,0
-353614,180706,172906,-2,-1632421,839985,793482,1046,0
69840,-44499,-25340,1,111744,-71199,-40544,1,1
30000,30000,30000,90000,60000,60000,60000,180000,1
609072,-618174,11050,1948,1403257,-1425881,21994,-630,0
625323,-29252,-597373,-1302,1445361,-64309,-1381054,-2,0
-328263,705276,-375065,1948,-761434,1632839,-869941,1464,0
233773,-68281,-165491,1,302530,-88364,-214165,1,1
1033538,-811231,-222309,-2,1551564,-1218294,-333900,-630,0
437,-1383,946,0,5047,-15977,10929,-1,1
481018,-499869,18850,-1,1385661,-1442010,55929,-420,0
194500,25130,-219631,-1,251707,32521,-284228,0,1
0,8573,-8573,0,0,24494,-24494,0,1
9414,-2058,-7356,0,26899,-5880,-21019,0,1
-67249,14701,52548,0,-107599,23522,84077,0,1
520669,553820,-1073191,1298,791178,842499,-1632421,1256,0
137155,404965,-544071,-1951,395065,1175351,-1569789,627,0
-963337,686425,275610,-1302,-1585080,1133456,452879,1255,0
9145,-7853,-1292,0,26131,-22439,-3691,1,1
70710,-35355,-35355,0,113137,-56568,-56568,1,1
-126,7,118,-1,-14553,854,13698,-1,1
-274311,1023138,-748179,648,-423135,1578376,-1154404,837,0
528469,-1084891,560320,3898,791387,-1633678,842080,-211,0
-91654,-47452,140405,1299,-1065798,-538764,1604560,-2,0
-140406,79302,62402,1298,-1627394,929011,699010,627,0
-117655,-863233,986736,5848,-182870,-1314442,1497310,-2,0
1051089,-647425,-402366,1298,1618595,-998347,-620878,-630,0
139105,-98804,-38352,1949,1587384,-1126754,-461259,-629,0
504,-474,-29,1,14553,-13698,-854,1,1
388064,594122,-982187,-1,641405,980332,-1621319,418,0
-402366,-143656,546670,648,-1160898,-414337,1575234,-1,0
84503,-980887,898333,1949,125893,-1473641,1347747,-1,0
977636,-877533,-98804,1299,1484532,-1332666,-151659,207,0
917834,-138456,-779380,-2,1515325,-230630,-1284696,-1,0
-110505,966586,-856733,-652,-169254,1492073,-1321983,836,0
8820,-518,-8302,0,25201,-1480,-23721,0,1
1144,147,-1291,0,13214,1707,-14922,-1,1
537570,-424466,-113755,-651,1549678,-1221645,-328454,-421,0
170000,62224,-232224,0,220000,80525,-300525,0,1
883383,-59153,-826181,-1951,1461071,-98872,-1362201,-2,0
-599973,-455018,1060189,5198,-924194,-703829,1628440,417,0
141,-70,-70,1,16334,-8167,-8167,0,1
331512,-563572,232708,648,952053,-1625927,673035,-839,0
-375065,705276,-327613,2598,-869731,1632839,-762062,1046,0
30000,30000,30000,90000,60000,60000,60000,180000,1
-53302,-86454,141055,1299,-628209,-991854,1619642,-421,0
-133906,29901,106603,2598,-1554288,344163,1210752,627,0
-1018589,189807,833331,4549,-1534178,283416,1251599,837,0
70492,-30441,-40050,1,112788,-48706,-64081,1,1
565521,83203,-648725,-1,1307528,194181,-1501291,418,0
-532370,-549271,1086190,4549,-803328,-830141,1633468,-1,0
-139756,-839832,981536,1948,-215967,-1294332,1510298,-1,0
-20801,314611,-292511,1299,-102433,1463376,-1359897,1046,0
300311,-315912,16250,649,1377701,-1448923,70382,-840,0
-409516,-295112,705926,1298,-943256,-683300,1626345,-211,0
-878183,993887,-114405,1299,-1318422,1494587,-174701,1464,0
-2310,9491,-7180,1,-6602,27119,-20516,1,1
538220,-423166,-114405,649,1550307,-1219969,-330758,-420,0
1004287,-143006,-860633,648,1509879,-215548,-1294123,208,0
-891184,-71503,968536,5849,-1355289,-110812,1466937,836,0
-163807,-762479,927584,1298,-269382,-1260607,1529779,-210,0
635073,-590873,-44202,-2,1463376,-1360316,-103689,-629,0
1026388,-822281,-204758,-651,1542766,-1235889,-307506,-629,0
-299662,-266510,566171,-1,-863237,-769184,1632420,-1,0
988687,-504419,-486869,-2601,1632630,-832445,-800815,-630,0
-200858,351013,-148206,1949,-934668,1627812,-692098,1046,0
318511,-25351,-291861,1299,1467146,-112487,-1354660,-1,0
-898334,974386,-72803,3249,-1354241,1467984,-112697,1046,0
223608,-947086,725427,1949,365948,-1562038,1195460,-630,0
-20801,-111155,133905,1949,-256186,-1268986,1524961,-211,0
586971,396514,-982837,648,970277,653135,-1622576,836,0
9625,-2811,-6814,0,27502,-8033,-19469,0,1
248309,-344513,98803,2599,1136808,-1584871,447643,-420,0
891833,89703,-980237,1299,1343557,132805,-1475736,626,0
30000,30000,30000,90000,60000,60000,60000,180000,1
347,-664,317,0,657,-1258,600,-1,1
371163,-980887,610372,648,610403,-1617339,1006935,-1,0
-90354,137805,-46152,1299,-1056581,1607283,-549447,1255,0
-1051740,649374,405615,3249,-1618177,998346,620877,1046,0
482,14,-497,-1,13927,427,-14354,0,1
850231,-997788,149505,1948,1288466,-1514069,225811,208,0
352963,-207358,-146256,-651,1625926,-946189,-680158,-421,0
174856,-680576,508319,2599,401140,-1572302,1170533,-629,0
768978,-1019239,251559,1298,1180797,-1568113,387314,-2,0
-445917,1077740,-630524,1299,-673665,1626136,-951425,1046,0
330,-1355,1025,0,3813,-15661,11848,0,1
-313312,1055639,-741678,649,-471733,1590735,-1118375,627,0
30000,30000,30000,90000,60000,60000,60000,180000,1
-932135,29251,906133,3249,-1434469,42313,1392993,837,0
-808631,1030288,-221009,648,-1216408,1552402,-334738,1256,0
1059539,-508320,-551221,-2,1632630,-784057,-848784,-211,0
-7527,9331,-1804,0,-21507,26661,-5154,0,1
840481,176156,-1014689,1948,1264796,263097,-1527266,627,0
63003,-3700,-59302,1,100805,-5921,-94884,0,1
-209958,-480368,690975,649,-483882,-1109577,1592830,-629,0
50701,-953586,907433,4548,73524,-1450180,1376863,207,0
0,0,0,0,0,0,0,0,1
254,-658,404,0,481,-1247,766,0,1
-691626,956185,-265210,-651,-1143302,1582356,-438008,1046,0
75402,65652,-139106,1948,858628,774420,-1632421,627,0
0,0,0,0,0,0,0,0,1
-1059540,314611,746877,1948,-1589060,470056,1119631,627,0
-748829,1054339,-303562,1948,-1127173,1587593,-459584,836,0
-107,133,-25,1,-12420,15397,-2976,1,1
-975037,96853,882083,3899,-1480972,145164,1336854,1046,0
-544721,1084240,-538871,648,-820296,1633886,-812336,1254,0
550,-389,-160,1,15882,-11243,-4639,0,1
1017938,-837232,-178107,2599,1529569,-1261026,-268544,-1,0
-666925,1072540,-404316,1299,-1005679,1617757,-610823,1255,0
34451,101403,-133906,1948,384172,1183520,-1566437,1255,0
-842432,-134556,981536,4548,-1297265,-210102,1507784,417,0
424465,-703327,281460,2598,974885,-1622785,647270,-630,0
-564222,325012,239858,648,-1626765,937390,690631,1256,0
-124155,6500,120254,2599,-1456674,89863,1367647,836,0
-924335,957485,-31852,1298,-1387967,1439705,-50274,1464,0
-541,1402,-860,1,-6250,16194,-9943,1,1
68902,-889234,821630,1298,112067,-1467357,1355288,-2,0
-1344,1050,294,0,-15534,12138,3396,0,1
30000,30000,30000,90000,60000,60000,60000,180000,1
42901,-510270,468017,648,121075,-1471756,1350051,-630,0
847631,18200,-865833,-2,1399487,28907,-1428185,209,0
-41602,137155,-93604,1949,-501059,1597438,-1095543,836,0
-575922,1058239,-481669,648,-887536,1632001,-743000,1465,0
-633774,973736,-340613,-651,-1046317,1610007,-562854,836,0
840481,-875583,37051,1949,1382938,-1444105,60747,-420,0
235958,110504,-343863,2599,1085277,514464,-1599534,207,0
-127405,986736,-857383,1948,-195857,1502966,-1305644,1465,0
-969837,63052,911984,5199,-1457721,91749,1366390,418,0
155,482,-637,0,293,912,-1206,-1,1
676675,-520670,-155356,649,1559105,-1201117,-358199,-211,0
-176807,351663,-173557,1299,-825323,1633886,-807099,1464,0
429666,-536271,108554,1949,1232537,-1544652,311695,-420,0
838531,176806,-1015339,-2,1262701,265611,-1528104,208,0
962686,-289261,-674726,-1301,1591364,-478855,-1112929,-420,0
625973,-27952,-598023,-2,1444314,-62214,-1381892,208,0
516119,570721,-1084241,2599,775467,857581,-1632212,836,0
771578,-1017939,248309,1948,1184568,-1566437,381449,-420,0
976986,-79303,-897034,649,1471126,-121285,-1350052,-211,0
-9777,3547,6229,-1,-27936,10136,17799,-1,1
812530,-1033539,223608,2599,1217036,-1552612,335156,-420,0
7527,-9331,1804,0,21507,-26661,5154,0,1
-944486,214508,731927,1949,-1557011,352542,1205305,836,0
770278,280160,-1049140,1298,1158593,417898,-1576073,418,0
390,-661,270,-1,739,-1251,511,-1,1
-129355,17550,113754,1949,-1511136,220155,1291608,627,0
-38352,956185,-918485,-652,-57396,1443057,-1384405,1256,0
602572,455017,-1056290,1299,928801,699219,-1627603,417,0
-488169,1083590,-594773,648,-734831,1631373,-895287,1255,0
-4576,-591,5167,0,-13214,-1707,14922,1,1
676025,-520670,-153406,1949,1558267,-1202374,-356523,-630,0
339312,-80604,-256760,1948,1562456,-369929,-1192947,-420,0
30000,30000,30000,90000,60000,60000,60000,180000,1
-73,141,-67,1,-8534,16328,-7793,1,1
-5201,-302262,310711,3248,-31002,-1399278,1429860,-420,0
330212,-54603,-275611,-2,1520352,-242779,-1276946,627,0
-523270,1082290,-558371,649,-789294,1633677,-843128,1255,0
65328,-9229,-56098,1,104525,-14767,-89757,1,1
140,-60,-80,0,16283,-7032,-9251,0,1
64,-141,77,0,7415,-16311,8896,0,1
-1066040,422515,647424,3899,-1620900,641195,980960,1255,0
504,-29,-474,1,14553,-854,-13698,1,1
-18862,216996,-198133,1,-24410,280818,-256407,1,1
206707,807330,-1014689,-652,315884,1230861,-1545071,1674,0
-205408,-807981,1018588,5199,-315047,-1230862,1545908,-1,0
85153,-141706,59152,2599,956661,-1625299,668427,-211,0
-1056290,433566,625973,3249,-1624042,664866,959803,627,0
-410816,1075140,-664325,-1,-618783,1618804,-999185,836,0
-140,80,60,0,-16283,9251,7032,0,1
5639,-3204,-2435,0,16283,-9251,-7032,0,1
804080,97503,-901584,-1,1328266,159199,-1487047,418,0
-973087,96853,882083,5849,-1480972,145583,1336645,1256,0
5500,-3893,-1606,1,15882,-11243,-4639,0,1
-254,658,-404,0,-481,1247,-766,0,1
404315,141055,-545371,-1,1164458,409519,-1573769,208,0
-962687,686425,274960,-1302,-1584871,1134504,451413,1046,0
-153406,351013,-195658,1949,-714302,1629697,-914558,837,0
-452417,1067990,-614274,1299,-690422,1627602,-935715,1465,0
-20151,315261,-292511,2599,-100757,1462747,-1361363,627,0
107904,-966587,861932,3249,164645,-1490189,1325333,-211,0
30000,30000,30000,90000,60000,60000,60000,180000,1
291210,-1049790,761828,3248,434655,-1581310,1146444,-211,0
-109205,966586,-857383,-2,-167369,1491445,-1322821,1255,0
-549271,391314,159255,1298,-1585918,1130524,456650,1256,0
458267,529769,-988038,-2,756405,875805,-1631583,627,0
-6429,-3304,9733,0,-18369,-9441,27810,0,1
336062,-1064090,731277,3249,501896,-1597649,1095123,-630,0
242459,710476,-951636,1299,399673,1172418,-1571255,836,0
-330,-1025,1355,0,-3813,-11848,15661,0,1
80603,-978937,900283,1949,119608,-1470918,1350889,-421,0
204988,6293,-211281,0,265279,8144,-273423,0,1
84503,-142356,59802,1949,955195,-1625509,669893,-421,0
-63003,59302,3700,-1,-100805,94884,5921,0,1
-170000,-62224,232224,0,-220000,-80525,300525,0,1
458267,-1071891,618173,4549,690212,-1627603,937599,208,0
-1040039,249609,793029,2599,-1563295,374327,1190223,1255,0
136505,406265,-542771,-1,390876,1178283,-1568532,627,0
30000,30000,30000,90000,60000,60000,60000,180000,1
-887284,62402,826830,1948,-1461910,100965,1361572,627,0
796279,-1027039,232708,1948,1204258,-1558477,354008,-211,0
-739078,-315912,1059539,4549,-1112719,-478855,1591992,418,0
228808,-694877,468667,2598,522843,-1602048,1078574,-631,0
11061,54952,-66014,-1,17698,87924,-105622,0,1
-809931,1029638,-219059,648,-1218294,1551983,-332224,1465,0
-1003638,864532,140405,1299,-1506319,1299778,207796,1255,0
694876,-960086,265209,-1,1142464,-1582567,439473,-630,0
-204988,-6293,211281,0,-265279,-8144,273423,0,1
-1344,294,1050,0,-15534,3396,12138,0,1
374414,-1068641,698776,4549,558454,-1609170,1050505,-211,0
30000,30000,30000,90000,60000,60000,60000,180000,1
-5172,-4723,9896,1,-14778,-13496,28274,0,1
-514170,-568772,1086840,3898,-775259,-857163,1632630,208,0
11061,-66014,54952,-1,17698,-105622,87924,0,1
443,-5105,4661,-1,1281,-14742,13461,0,1
891183,76702,-964637,3248,1353612,115209,-1468404,417,0
827481,196957,-1022489,1949,1245524,292633,-1537530,627,0
-1031589,261959,776129,6499,-1569579,395693,1174932,1046,0
-284061,-752079,1042639,6499,-434028,-1147073,1581099,-2,0
-108555,966586,-857383,648,-167369,1491445,-1322821,1255,0
93603,436166,-528470,1299,266658,1262910,-1528523,1045,0
1080990,-636374,-444617,-1,1624670,-957081,-668009,-420,0
239675,-103501,-136173,1,310167,-133943,-176224,0,1
945785,-935386,-7151,3248,1420643,-1408914,-11940,-211,0
74292,-235162,160869,-1,96143,-304328,208184,-1,1
-299662,-265860,566171,649,-864704,-767718,1632420,-2,0
1007537,-179407,-826181,1949,1531454,-273991,-1257256,207,0
-2568,5649,-3080,1,-7415,16311,-8896,0,1
481668,-499869,18850,649,1385871,-1441801,55300,-630,0
0,0,0,0,0,0,0,0,1
550570,-164457,-388065,-1952,1589688,-471314,-1119004,-630,0
-551221,165106,387414,1299,-1590317,475502,1115651,836,0
788479,221008,-1006888,2599,1214941,338298,-1552403,836,0
5040,-296,-4744,0,14553,-854,-13698,1,1
-74292,235162,-160869,1,-96143,304328,-208184,1,1
30000,30000,30000,90000,60000,60000,60000,180000,1
0,0,0,0,0,0,0,0,1
-128705,540170,-412116,-651,-372652,1564132,-1190643,837,0
-1057590,434216,624673,1299,-1624252,667170,957918,836,0
-417316,-659125,1080340,3899,-627790,-992063,1619852,-1,0
74102,65652,-139106,648,854020,779238,-1632421,837,0
-156006,-518720,676675,1949,-360503,-1199651,1559943,-211,0
-465418,691625,-225559,648,-1075224,1602675,-526405,1046,0
-233773,165491,68281,-1,-302530,214165,88364,-1,1
-8451,126104,-115705,1948,-120238,1471545,-1350052,1255,0
214212,-201630,-12582,0,277216,-260933,-16283,0,1
-1032239,263909,774829,6499,-1570208,397788,1173256,836,0
-884,5281,-4396,1,-2555,15249,-12694,0,1
646,-188,-457,1,1223,-357,-866,0,1
460217,53952,-515470,-1301,1328475,158989,-1486838,626,0
-1075141,687725,388714,1298,-1611893,1032700,580239,1046,0
-9101,614923,-605823,-1,-23042,1426508,-1402420,1046,0
-665625,1072540,-405616,1299,-1004422,1618176,-612499,1255,0
369863,183306,-555771,-2602,1071452,532060,-1602885,627,0
-132,-410,542,0,-3813,-11848,15661,0,1
-128055,348413,-217759,2599,-600978,1616291,-1014477,836,0
457,-516,59,0,13214,-14922,1707,-1,1
-675376,518719,157305,648,-1558896,1200906,359036,1046,0
-1008838,824880,187207,3249,-1533131,1253903,280693,1465,0
-117655,661724,-542771,1298,-275248,1532502,-1256208,1046,0
-86454,-810581,897683,648,-142651,-1338112,1480552,-211,0
85803,-980887,897683,2599,126940,-1474060,1346909,-211,0
-530420,-529120,1062789,3249,-815687,-817572,1633258,-1,0
-172257,678625,-505069,1299,-400931,1572301,-1170324,1046,0
-884,5281,-4396,1,-2555,15249,-12694,0,1
5379,-1176,-4203,0,15534,-3396,-12138,0,1
968536,-108555,-857383,2598,1491655,-170302,-1321145,208,0
995837,-877533,-115705,2599,1493540,-1319469,-174491,-420,0
1073190,-568772,-504419,-1,1632211,-864913,-767299,-1,0
115704,-130005,16900,2599,1320725,-1492912,171767,-420,0
30000,30000,30000,90000,60000,60000,60000,180000,1
90353,250259,-339963,649,409100,1165506,-1573769,837,0
508319,-681876,175506,1949,1170114,-1572512,401768,-630,0
-843082,-132605,980236,4549,-1298941,-206960,1506527,626,0
-549921,390664,159255,-2,-1586337,1129895,457278,836,0
-132,-410,542,0,-3813,-11848,15661,0,1
-397165,545370,-148856,-651,-1148120,1580680,-431305,1255,0
24050,-317862,296411,2599,102641,-1463377,1360525,-211,0
-323713,283410,41601,1298,-1496683,1314441,183498,1256,0
482318,-499869,17550,-1,1387966,-1439706,50901,-839,0
1063439,-717627,-343863,1949,1600580,-1082136,-518864,-420,0
126,-118,-7,1,14553,-13698,-854,1,1
-140406,-211258,352963,1299,-650832,-972163,1622575,-420,0
565521,-247010,-317862,649,1628650,-711370,-917491,-211,0
139,-88,-50,1,16133,-10279,-5853,1,1
0,0,0,0,0,0,0,0,1
469,-642,172,-1,889,-1215,325,-1,1
126,-7,-118,1,14553,-854,-13698,1,1
831,-1406,575,0,9600,-16244,6643,-1,1
840481,161856,-998438,3899,1277364,243616,-1519934,1046,0
759228,170306,-928885,649,1253903,279855,-1532922,836,0
70492,-30441,-40050,1,112788,-48706,-64081,1,1
216,344,-560,0,6250,9943,-16194,-1,1
5226,-738,-4487,1,15090,-2132,-12958,0,1
-376365,704626,-326313,1948,-872245,1632630,-759339,1046,0
162506,763778,-926285,-1,269172,1261025,-1529570,627,0
74752,-143006,69552,1298,847945,-1633469,784894,-630,0
494668,-1086191,594122,2599,739648,-1631583,891515,-420,0
900283,-976987,78002,1298,1351936,-1470080,117723,-421,0
-1066690,418615,650024,1949,-1620272,636168,985359,1255,0
-165107,-188508,355563,1948,-764157,-868474,1632211,-420,0
-222115,190735,31380,0,-287443,246833,40610,0,1
-934736,13000,926934,5198,-1422739,17386,1405980,627,0
800830,233358,-1032239,1949,1207610,348772,-1555754,628,0
-56553,-888584,948385,3248,-88817,-1368276,1456882,-211,0
-7527,9331,-1804,0,-21507,26661,-5154,0,1
-482,497,-14,1,-13927,14354,-427,0,1
-124805,7150,120254,2599,-1457721,91958,1366390,627,0
30000,30000,30000,90000,60000,60000,60000,180000,1
-174,553,-378,1,-5047,15977,-10929,1,1
-54,-86,140,0,-6250,-9943,16194,1,1
-607773,615573,-5851,1949,-1403886,1424623,-19691,1046,0
-601273,-453717,1058889,3899,-926079,-701943,1628021,-1,0
637673,-976987,339962,648,1047782,-1609589,561386,-421,0
1053689,-341263,-711777,649,1600580,-518864,-1081717,-1,0
108554,-967237,861282,2599,165692,-1490399,1324705,-2,0
-458268,-597373,1060189,4548,-706761,-921890,1628650,-1,0
0,0,0,0,0,0,0,0,1
1409,-801,-608,0,16283,-9251,-7032,0,1
-31202,-103354,137155,2599,-382498,-1184359,1566227,-630,0
804730,95553,-900934,-651,1329523,156895,-1486000,418,0
-1012088,167056,849581,4549,-1521610,248225,1274012,627,0
-1051740,765078,287960,1298,-1578796,1150633,429209,1046,0
-209958,-479718,691625,1949,-487443,-1106854,1593668,-629,0
566821,81253,-648075,-1,1310251,189363,-1498987,627,0
-627274,30551,600622,3899,-1446828,68078,1379168,418,0
172256,842431,-1015339,-652,260793,1266471,-1526428,836,0
707226,-347114,-359464,648,1632839,-799767,-833283,-211,0
134,-29,-105,0,15534,-3396,-12138,0,1
1205,37,-1242,0,13927,427,-14354,0,1
504,-29,-474,1,14553,-854,-13698,1,1
-504,29,474,-1,-14553,854,13698,-1,1
289910,29251,-319812,-651,1337692,142650,-1480135,207,0
295,269,-565,-1,8534,7793,-16328,-1,1
-119605,662374,-542121,648,-278599,1533759,-1253695,1465,0
-614,527,86,-1,-1162,998,164,0,1
-215809,1017288,-801481,-2,-328454,1550516,-1220807,1255,0
-70492,30441,40050,-1,-112788,48706,64081,-1,1
-155,-482,637,0,-293,-912,1206,1,1
523269,464767,-988688,-652,864703,767926,-1632002,627,0
-1320,5423,-4103,0,-3813,15661,-11848,0,1
49401,584371,-633124,648,111229,1356335,-1466519,1045,0
-550,389,160,-1,-15882,11243,4639,0,1
239675,-136173,-103501,1,310167,-176224,-133943,0,1
-24701,929534,-903534,1299,-39381,1434468,-1393832,1255,0
685775,-194358,-491419,-2,1583822,-447644,-1136599,-421,0
1025738,-823581,-200858,1299,1541300,-1238822,-303107,-629,0
-1086191,562921,524569,1299,-1632212,846479,786779,1046,0
3059,6624,-9683,0,8740,18925,-27666,-1,1
5547,-63822,58274,-1,8876,-102115,93239,0,1
-464768,691625,-226209,648,-1074595,1602884,-526824,1465,0
133905,-989988,859982,3899,199627,-1504014,1304805,418,0
30000,30000,30000,90000,60000,60000,60000,180000,1
103,-620,516,-1,196,-1175,978,-1,1
548620,-1086841,542120,3899,820085,-1634097,813172,-840,0
842431,173556,-1014038,1949,1267100,259327,-1525800,627,0
635723,-590223,-44202,1298,1464214,-1359269,-105575,-630,0
-22,-109,132,1,-2555,-12694,15249,0,1
-166407,1012087,-845682,-2,-250320,1523494,-1272338,836,0
-128055,540170,-412116,-1,-370348,1563504,-1192319,837,0
728677,302911,-1030289,1299,1123820,464400,-1588013,207,0
-106604,131304,-25351,-651,-1237146,1542137,-303526,1465,0
139,-50,-88,1,16133,-5853,-10279,1,1
-1548,-7693,9241,0,-4424,-21981,26405,0,1
880782,110504,-990638,648,1325752,163807,-1488932,627,0
130,-112,-18,0,15090,-12958,-2132,0,1
312011,391964,-703977,-2,721633,908692,-1629489,836,0
0,0,0,0,0,0,0,0,1
468017,-694227,229458,3248,1075223,-1602676,527033,-420,0
460217,622073,-1079691,2599,692307,935505,-1626765,1047,0
549920,-393265,-156656,-1,1585289,-1133248,-452462,-421,0
1078390,-429667,-645475,3248,1622365,-649575,-973001,-211,0
12350,-128705,118304,1949,123379,-1472384,1349004,-1,0
-335413,-227509,563571,649,-965879,-657535,1623622,208,0
512219,-991288,479067,-2,841451,-1633469,791597,-421,0
537,69,-607,-1,1018,131,-1149,0,1
-525870,-461518,989337,1949,-868474,-763738,1632211,-1,0
-278861,701376,-419916,2599,-646224,1623203,-975305,1674,0
-113755,-232709,349063,2599,-530385,-1073129,1603094,-420,0
747528,-937986,189807,-651,1230652,-1545699,314837,-210,0
484268,10400,-496619,-1951,1397811,32468,-1430280,-1,0
-74292,-160869,235162,1,-96143,-208184,304328,1,1
-98804,135205,-35102,1299,-1153567,1578376,-423764,1045,0
-924985,956835,-32502,-652,-1387967,1439286,-49855,1464,0
-289261,-30552,321762,1949,-1339788,-138252,1478458,418,0
-24051,-926935,954885,3899,-38962,-1395089,1433840,-211,0
313961,-301612,-11051,1298,1441381,-1386081,-56349,-1049,0
-592173,-476468,1075140,6499,-903037,-726661,1630325,627,0
585671,396514,-982837,-652,969230,654392,-1622785,837,0
492718,-1086841,597372,3249,735668,-1631374,895076,-630,0
9145,-7853,-1292,0,26131,-22439,-3691,1,1
30000,30000,30000,90000,60000,60000,60000,180000,1
-957486,875582,83203,1299,-1472175,1348585,124845,1255,0
-329563,560320,-230759,-2,-954149,1625508,-670523,836,0
-135856,-407566,544070,648,-389620,-1178913,1568740,207,0
626623,-29902,-597373,-652,1446827,-67451,-1379378,-2,0
-286661,-750129,1042639,5849,-438427,-1143512,1582356,417,0
139,-50,-88,1,16133,-5853,-10279,1,1
-27302,930184,-903534,-652,-41686,1435516,-1392784,1046,0
0,0,0,0,0,0,0,0,1
4301,1030,-5332,-1,12420,2976,-15397,-1,1
139105,-98804,-39002,1299,1587174,-1127173,-460631,-630,0
261309,436816,-697477,648,603281,1013009,-1615873,417,0
849581,-998438,150805,1948,1287209,-1515116,227906,-1,0
-432917,-98154,532369,1298,-1250762,-284045,1535225,418,0
0,0,0,0,0,0,0,0,1
-9899,4949,4949,-1,-28284,14142,14142,0,1
1063439,-718277,-343213,1949,1600580,-1082555,-518236,-211,0
-43,-94,138,1,-5047,-10929,15977,1,1
1082940,-617524,-464768,648,1627812,-928383,-699430,-1,0
522,-73,-448,1,15090,-2132,-12958,0,1
-437,-946,1383,0,-5047,-10929,15977,1,1
-505,626,-121,0,-957,1186,-229,0,1
205,444,-650,-1,388,842,-1231,-1,1
-336063,-226859,562921,-1,-968393,-655022,1623413,-2,0
30000,30000,30000,90000,60000,60000,60000,180000,1
306161,1950,-306162,1949,1405771,16967,-1422739,-1,0
-791730,1036788,-243110,1948,-1192529,1563085,-369091,1465,0
453066,-1080341,630523,3248,677853,-1626346,948492,-1,0
5639,-3204,-2435,0,16283,-9251,-7032,0,1
505,121,-626,0,957,229,-1186,0,1
382864,665624,-1047190,1298,590084,1024111,-1613778,417,0
213207,136505,-349064,648,980751,640776,-1621110,417,0
334112,226858,-562922,-1952,965250,658582,-1623414,418,0
748828,-937336,188507,-1,1232118,-1545071,312742,-211,0
579821,-644175,66302,1948,1332665,-1484324,151239,-420,0
1067339,-639624,-427066,649,1622575,-972373,-650413,-211,0
-367,-188,556,1,-10608,-5452,16060,0,1
-431617,-99454,533019,1948,-1248039,-288025,1536482,418,0
57206,-64597,7391,0,91529,-103355,11826,0,1
260659,304211,-565522,-652,752216,879994,-1631374,836,0
4550,937985,-943836,-1301,8169,1411008,-1418131,1046,0
-137,40,97,0,-15882,4639,11243,0,1
605822,-1073841,470617,2598,915395,-1629698,714092,-211,0
303561,728027,-1031589,-1,468590,1121307,-1589060,837,0
-4000,-1464,5464,0,-11550,-4227,15777,0,1
1375,-973,-401,1,15882,-11243,-4639,0,1
506368,-1061490,557070,1948,775886,-1633050,856533,-631,0
-67249,14701,52548,0,-107599,23522,84077,0,1
194357,-1000388,807980,1949,296613,-1539625,1242591,-421,0
22,-132,109,-1,2555,-15249,12694,0,1
330,1025,-1355,0,3813,11848,-15661,0,1
813830,-1031589,220358,2599,1219968,-1551146,330757,-421,0
920434,-919135,1300,2599,1413731,-1415407,837,-839,0
-676026,-391965,1074490,6499,-1019923,-594903,1615034,208,0
-956186,923684,34451,1949,-1437193,1390270,48178,1255,0
-9145,7853,1292,0,-26131,22439,3691,-1,1
-8008,-1034,9043,1,-22882,-2956,25838,0,1
-81904,-58503,142355,1948,-959804,-664448,1624251,-1,0
-1012738,167706,848931,3899,-1522239,249900,1273174,835,0
4823,148,-4971,0,13927,427,-14354,0,1
-37609,-186838,224447,0,-48670,-241791,290462,1,1
-977637,630523,347763,649,-1610427,1040450,570813,836,0
254,404,-658,0,481,766,-1247,0,1
-128055,540170,-412116,-1,-371396,1563923,-1191900,627,0
650024,321112,-971137,-1,1075013,527242,-1602048,207,0
65652,-642875,578521,1298,148097,-1483067,1334759,-211,0
451766,243759,-695527,-2,1045059,564738,-1609170,627,0
857382,150155,-1004288,3249,1290561,222041,-1512184,418,0
898333,-963987,67602,1948,1361362,-1462748,101175,-211,0
-289261,-31202,322412,1949,-1337274,-142651,1480134,209,0
-1010138,822930,191757,4549,-1535435,1249504,287187,1256,0
1072540,-390665,-681876,-1,1613568,-588619,-1024950,-1,0
689675,-1073191,387414,3898,1031443,-1612940,581077,-420,0
0,0,0,0,0,0,0,0,1
1034188,-261310,-770929,1949,1570626,-397999,-1172838,-211,0
237456,-86157,-151298,1,307296,-111497,-195798,1,1
457,-516,59,0,13214,-14922,1707,-1,1
105303,-345813,242459,1949,476969,-1591993,1113975,-1049,0
876882,-958136,83853,2599,1346071,-1474479,127778,-630,0
30000,30000,30000,90000,60000,60000,60000,180000,1
-410166,-293161,705926,2599,-946189,-679530,1626136,417,0
1085540,-546671,-540821,-1952,1633258,-821343,-812126,-211,0
535620,549270,-1082941,1949,808983,824903,-1632840,1046,0
-431617,-100104,533019,1298,-1246782,-289701,1537110,627,0
90353,250259,-339313,1299,409938,1164668,-1573978,628,0
-796930,-234659,1037438,5849,-1202164,-355895,1558686,627,0
114,-129,14,-1,13214,-14922,1707,-1,1
-827482,-193708,1026388,5198,-1244268,-293262,1538367,837,0
-348414,225558,122854,-2,-1608122,1050086,558873,837,0
-212558,-139756,352963,649,-983475,-637845,1620899,-421,0
-843082,-171607,1017288,2599,-1266891,-258699,1526008,418,0
-421866,700726,-276911,1949,-977400,1622575,-643920,1255,0
256,-564,308,0,7415,-16311,8896,0,1
934084,-7801,-924985,1298,1421481,-13826,-1407029,626,0
-20151,314611,-293161,1299,-99709,1462119,-1361782,628,0
48751,462167,-511570,-652,138670,1340625,-1478668,627,0
75402,-143006,68902,1298,849411,-1633469,783218,-840,0
768978,-1053040,286010,1948,1151052,-1579634,428371,-211,0
125617,-240333,114716,0,162563,-311020,148456,-1,1
-1015989,837231,182006,3248,-1529570,1260187,270638,1255,0
881433,111154,-990638,1949,1325333,164226,-1489142,417,0
886633,-61753,-824231,649,1463376,-104108,-1359269,-1,0
-913935,964636,-48102,2599,-1374560,1451436,-75620,1256,0
548620,-1086841,542770,4549,819666,-1633887,813801,-420,0
-685126,1070590,-384815,649,-1031444,1612939,-580449,1046,0
-380265,-687076,1071890,4549,-573746,-1037728,1611473,-1,0
234658,111154,-345163,649,1081716,518863,-1600372,207,0
-106604,131954,-24701,649,-1236518,1542556,-304783,1255,0
429666,-1055640,627923,1949,658372,-1624252,965250,-630,0
-52,599,-547,0,-98,1136,-1037,1,1
578521,-1060840,484918,2599,886907,-1632002,744256,-839,0
122854,861282,-984137,-1,186430,1312765,-1497940,1255,0
30000,30000,30000,90000,60000,60000,60000,180000,1
-161207,-764429,927584,1948,-266659,-1262283,1528941,-1,0
-849582,-16251,867782,1949,-1399278,-28908,1428813,627,0
-344513,105953,240509,1949,-1594507,493308,1101826,627,0
-564222,323062,241159,-1,-1627394,933619,694611,836,0
-765729,1049789,-282111,1949,-1151472,1579214,-426696,1046,0
-91,-47,139,1,-10608,-5452,16060,0,1
-20801,-111155,133254,1298,-257861,-1267939,1525589,-211,0
254,404,-658,0,481,766,-1247,0,1
-976987,631173,345812,-2,-1610008,1042336,568299,627,0
727377,321762,-1048490,649,1106225,487442,-1593459,208,0
114,14,-129,-1,13214,1707,-14922,-1,1
107904,881433,-988688,649,163598,1326171,-1488932,837,0
30000,30000,30000,90000,60000,60000,60000,180000,1
0,0,0,0,0,0,0,0,1
-3251,-938636,945135,3248,-6494,-1411637,1418130,-1,0
0,0,0,0,0,0,0,0,1
1075,-1333,257,-1,12420,-15397,2976,-1,1
9899,-4949,-4949,1,28284,-14142,-14142,0,1
-83204,-57853,141705,648,-965879,-657535,1623413,-1,0
221,1099,-1320,0,2555,12694,-15249,0,1
-443,5105,-4661,1,-1281,14742,-13461,0,1
-362714,-343213,709176,3249,-837682,-795368,1633049,-1,0
-271061,1021838,-750129,648,-418527,1577119,-1157756,836,0
-1032889,263909,774829,5849,-1570208,398207,1173047,1046,0
254159,-1041990,791079,3248,378307,-1565809,1186662,-840,0
403665,139755,-544721,-1301,1164668,409100,-1573769,-1,0
352963,-208008,-144956,-1,1625298,-951425,-674293,-420,0
67249,-14701,-52548,0,107599,-23522,-84077,0,1
1414,-707,-707,0,16334,-8167,-8167,0,1
-1015339,837231,182006,3898,-1529780,1259768,271267,1255,0
37609,186838,-224447,0,48670,241791,-290462,-1,1
1260,-1186,-74,0,14553,-13698,-854,1,1
967236,-57853,-910035,-652,1456463,-88189,-1367857,417,0
-1077741,414065,666274,2598,-1618386,621714,997299,627,0
-525220,1082290,-556421,649,-792645,1633677,-839986,1046,0
382864,664974,-1047190,648,590922,1023274,-1613778,418,0
-972437,95553,882733,5849,-1479925,142650,1338320,1045,0
804080,96853,-901584,-651,1328685,158570,-1486628,627,0
299661,731277,-1029639,1299,462515,1125496,-1587594,417,0
974386,-91654,-880133,2599,1479715,-141185,-1338112,418,0
-136506,96853,41601,1948,-1586337,1128848,458535,1046,0
0,0,0,0,0,0,0,0,1
-646,457,188,-1,-1223,866,357,0,1
-1084241,489468,598672,3899,-1630117,734411,896752,1046,0
0,0,0,0,0,0,0,0,1
366613,-558371,192407,649,1053228,-1608332,554474,-630,0
-949036,24050,930184,5198,-1430699,33725,1397811,837,0
-427717,532369,-104654,-2,-1236937,1542556,-304364,1255,0
-1062790,332812,731927,1949,-1595554,498754,1097636,836,0
-9414,7356,2058,0,-26899,21019,5880,0,1
88,439,-528,-1,2555,12694,-15249,0,1
222115,-31380,-190735,0,287443,-40610,-246833,0,1
126754,-120255,-5201,1298,1452064,-1373722,-78972,-630,0
867132,-1003638,138455,1949,1299778,-1506947,206749,-420,0
352313,-1042640,693575,3248,538973,-1605190,1065797,-420,0
141705,-90354,-49402,1949,1612730,-1029978,-583172,-420,0
1006887,-174857,-828782,3248,1528941,-267078,-1261654,209,0
-48752,951635,-903534,-651,-72478,1449969,-1376446,1045,0
426415,-703327,279510,2598,979284,-1622157,642452,-421,0
-453717,1067990,-612973,1300,-692308,1627812,-934458,1046,0
-286011,-750779,1041989,5199,-437379,-1144350,1581937,208,0
12350,115054,-126105,1299,133224,1343767,-1475945,1046,0
-3251,-938636,945785,3898,-7123,-1411427,1418339,-211,0
26650,926934,-952286,1298,40009,1394878,-1433841,1046,0
220358,339962,-561622,-1302,636587,984731,-1620691,627,0
5587,-2027,-3559,1,16133,-5853,-10279,1,1
-962687,686425,274310,-1952,-1584871,1134713,450994,836,0
80603,-978937,900283,1949,120656,-1471337,1350470,-211,0
-1075,-257,1333,1,-12420,-2976,15397,1,1
284060,-327613,44851,1298,1303548,-1504643,200465,-630,0
-1344,294,1050,0,-15534,3396,12138,0,1
-799530,-231409,1036138,5199,-1205306,-351077,1557429,1046,0
48101,462817,-510920,-2,135947,1342300,-1477202,1045,0
-1040039,248959,793679,2599,-1563295,373280,1190642,627,0
-68903,888583,-819681,-1,-113954,1468613,-1353822,837,0
-685126,1070590,-383515,1949,-1032491,1612730,-579192,1047,0
491418,-1086841,598022,2599,733782,-1631374,897171,-421,0
-73,-67,141,1,-8534,-7793,16328,1,1
-6429,-3304,9733,0,-18369,-9441,27810,0,1
-347,-317,664,0,-657,-600,1258,1,1
-973737,93603,884683,4549,-1478459,139508,1339996,1045,0
0,489,-489,0,0,14145,-14145,0,1
-505069,1059539,-553171,1299,-779239,1633468,-852973,1256,0
-878833,993887,-113755,1299,-1319050,1493749,-173653,1046,0
677325,-520020,-155356,1949,1559943,-1199022,-361341,-420,0
655224,423165,-1076441,1948,986616,634283,-1620272,627,0
-364014,555770,-191108,648,-1052391,1608540,-554894,1255,0
132604,-113755,-17551,1298,1507155,-1298731,-208845,-421,0
55252,83853,-138456,649,627999,992062,-1619434,627,0
120,-124,3,-1,13927,-14354,427,0,1
-63053,-77353,143655,3249,-742372,-888793,1631163,-2,0
0,0,0,0,0,0,0,0,1
-68253,887933,-821631,-1951,-111859,1467984,-1355079,1046,0
-124805,117654,8450,1299,-1451856,1373931,79180,1255,0
-559021,358813,200857,649,-1611474,1035214,577306,1046,0
878832,113754,-992588,-2,1322191,169463,-1491446,208,0
-87754,-253510,341912,648,-408472,-1165716,1573558,-630,0
-90354,138455,-46152,1949,-1057209,1607283,-549028,1046,0
960735,-689676,-271711,-652,1583404,-1137437,-446806,-839,0
30000,30000,30000,90000,60000,60000,60000,180000,1
-895734,959435,-61103,2598,-1362830,1461281,-96777,1674,0
-316562,-653275,971136,1299,-522635,-1078994,1601418,-211,0
768978,280160,-1049140,-2,1157965,418735,-1576073,627,0
378964,-707877,332162,3249,869730,-1632840,762480,-630,0
567471,518069,-1084891,649,854858,778400,-1632421,837,0
-4823,-148,4971,0,-13927,-427,14354,0,1
-141313,-97786,239099,0,-182875,-126546,309422,1,1
1375,-401,-973,1,15882,-4639,-11243,0,1
0,0,0,0,0,0,0,0,1
0,0,0,0,0,0,0,0,1
-471268,1080990,-609073,649,-711370,1629488,-916862,1256,0
881433,110504,-990638,1299,1325124,164436,-1489351,209,0
-703327,1067990,-363364,1299,-1057838,1607074,-548191,1045,0
293811,-1051090,759228,1949,438216,-1582148,1143720,-212,0
841781,-874933,35101,1949,1384614,-1442848,57395,-839,0
-237456,86157,151298,-1,-307296,111497,195798,-1,1
33,-135,102,0,3813,-15661,11848,0,1
-1260,74,1186,0,-14553,854,13698,-1,1
-884,5281,-4396,1,-2555,15249,-12694,0,1
143005,-62403,-77353,3249,1628440,-708228,-920423,-211,0
85803,-526520,442666,1949,243197,-1520772,1277364,-211,0
646,-457,-188,1,1223,-866,-357,0,1
431,221,-653,-1,817,420,-1237,0,1
-725428,-321113,1051739,5198,-1104131,-490167,1594715,417,0
-2310,-7180,9491,1,-6602,-20516,27119,1,1
0,489,-489,0,0,14145,-14145,0,1
70492,-30441,-40050,1,112788,-48706,-64081,1,1
30000,30000,30000,90000,60000,60000,60000,180000,1
625973,-29252,-596723,-2,1445989,-65565,-1380426,-2,0
127404,-120255,-6501,648,1454578,-1370999,-84209,-630,0
1074490,-393265,-679926,1299,1614196,-592389,-1021808,-1,0
-5639,3204,2435,0,-16283,9251,7032,0,1
139105,-41602,-95554,1949,1588221,-465449,-1123193,-421,0
-537,420,117,0,-15534,12138,3396,0,1
129354,-542771,413415,-2,370347,-1563295,1192528,-420,0
136505,-106604,-27952,1949,1551354,-1218294,-333481,-421,0
-6999,9562,-2562,1,-19999,27320,-7320,1,1
-56124,-174391,230515,0,-72631,-225683,298314,0,1
949035,-16901,-928885,3249,1428813,-29327,-1399278,208,0
-605823,-471918,1084240,6499,-914768,-714093,1629488,627,0
235308,110504,-344513,1299,1084440,515512,-1599534,418,0
-155,-482,637,0,-293,-912,1206,1,1
1748,3785,-5533,0,5047,10929,-15977,-1,1
44,466,-510,0,1281,13461,-14742,0,1
-433567,-98804,532369,-2,-1249086,-285931,1535853,836,0
-205408,-807331,1018588,5849,-315257,-1230653,1545908,-2,0
0,0,0,0,0,0,0,0,1
334112,-1063440,731927,2599,498963,-1597020,1097636,-421,0
136505,-990638,859332,5199,201931,-1505062,1303339,208,0
-5547,-58274,63822,1,-8876,-93239,102115,0,1
-575922,983486,-408866,-1302,-948702,1626345,-676388,1255,0
-295762,963336,-670176,-2602,-488700,1594715,-1104969,1046,0
-89704,137155,-46802,649,-1054905,1607912,-551961,1046,0
1041339,-352964,-688376,-1,1605608,-545677,-1060561,-630,0
594772,479067,-1071891,1948,903036,727289,-1629698,627,0
544720,-665625,122204,1299,1253484,-1534178,280274,-420,0
-58503,967236,-908085,648,-88817,1457510,-1367648,1045,0
120,3,-124,-1,13927,427,-14354,0,1
457,-516,59,0,13214,-14922,1707,-1,1
-450467,-244410,699426,4549,-1042127,-568090,1610007,-210,0
-141313,-97786,239099,0,-182875,-126546,309422,1,1
1084240,-491419,-592173,648,1630744,-739439,-891726,-421,0
659774,404315,-1063440,649,1003793,614592,-1617339,1046,0
431,-653,221,-1,817,-1237,420,0,1
-1076441,654574,425115,3248,-1620481,984102,637634,1255,0
254809,-564872,312011,1948,728546,-1630536,901989,-1,0
655874,421865,-1076441,1298,987454,633235,-1620062,627,0
-3325,-2300,5625,0,-9600,-6643,16244,1,1
76052,65002,-139106,1948,860094,772954,-1632212,836,0
67249,-14701,-52548,0,107599,-23522,-84077,0,1
-521970,1082290,-559671,649,-787618,1633677,-844594,1465,0
-370514,-185257,556420,649,-1068311,-535622,1604351,418,0
-48102,-911985,964636,4549,-74992,-1375817,1450807,-2,0
107,-133,25,-1,12420,-15397,2976,-1,1
794979,-1039389,246359,1949,1192318,-1563505,370976,-211,0
30000,30000,30000,90000,60000,60000,60000,180000,1
-216,-344,560,0,-6250,-9943,16194,1,1
172256,-553171,382214,1299,494355,-1595973,1100778,-840,0
947085,-934736,-9101,3248,1422319,-1407238,-15292,-211,0
-188508,-164457,355563,2598,-874339,-757663,1631792,-210,0
481668,-501169,19500,-1,1384614,-1442639,57395,-630,0
-544071,1082940,-539521,-652,-819667,1633886,-813173,1046,0
-45922,69526,-23603,1,-73476,111242,-37765,1,1
737777,319811,-1056290,1298,1113137,478854,-1591365,626,0
-986737,108554,884033,5850,-1487047,160037,1328056,1046,0
-876883,995187,-115705,2599,-1316955,1495006,-176795,1256,0
256109,83853,-338013,1949,1174303,395903,-1569998,208,0
11700,-128055,118304,1949,121703,-1471756,1349632,-421,0
-141313,-97786,239099,0,-182875,-126546,309422,1,1
-108555,966586,-858033,-2,-167160,1491236,-1323030,1046,0
254809,-566172,311361,-2,730221,-1630745,900313,-211,0
51351,-328913,280810,3248,228325,-1515116,1286581,-210,0
-911985,965286,-51352,1949,-1371628,1453949,-80857,1464,0
-11,127,-116,0,-1281,14742,-13461,0,1
30000,30000,30000,90000,60000,60000,60000,180000,1
37609,-224447,186838,0,48670,-290462,241791,-1,1
-614,86,527,-1,-1162,164,998,0,1
991937,-824881,-165757,1299,1524542,-1269614,-255348,-420,0
605172,478417,-1080991,2598,911625,718281,-1629279,627,0
-21451,-928885,953585,3249,-33935,-1397602,1431326,-211,0
1067990,-421216,-644825,1949,1621109,-639730,-981380,-1,0
530419,553170,-1082941,648,802280,831397,-1632840,837,0
-111155,967236,-856083,-2,-170930,1492911,-1320726,1255,0
-730628,-300312,1033538,2598,-1123821,-464192,1588221,208,0
0,0,0,0,0,0,0,0,1
1056289,-310712,-746228,-651,1589059,-468172,-1121098,-211,0
0,-8573,8573,0,0,-24494,24494,0,1
-33,135,-102,0,-3813,15661,-11848,0,1
-2164,5608,-3443,1,-6250,16194,-9943,1,1
120904,-664325,544720,1299,277132,-1532712,1255579,-1,0
0,0,0,0,0,0,0,0,1
-393265,1071890,-676676,1949,-593856,1615243,-1020342,1045,0
2955,-5654,2699,0,8534,-16328,7793,-1,1
963986,-287311,-676676,-1,1590526,-475085,-1115862,-421,0
522,-448,-73,1,15090,-12958,-2132,0,1
-2568,5649,-3080,1,-7415,16311,-8896,0,1
515469,571371,-1084241,2599,774839,858000,-1632212,627,0
-125617,-114716,240333,0,-162563,-148456,311020,1,1
204757,-352964,151455,3248,937180,-1627603,690003,-420,0
-1080341,637673,444616,1948,-1624252,958756,666751,1255,0
-309412,1054989,-744928,649,-466496,1589478,-1122146,836,0
-32502,-289261,323712,1949,-154172,-1331409,1485161,-420,0
1023138,-274311,-748829,-2,1577329,-423764,-1154195,-630,0
-458918,-598023,1059539,2598,-706133,-922518,1628650,-1,0
-50000,68301,-18301,0,-80000,109282,-29282,0,1
-457,516,-59,0,-13214,14922,-1707,1,1
110,-1276,1165,-1,1281,-14742,13461,0,1
676675,-520020,-156006,649,1559943,-1199651,-360503,-211,0
-119605,122854,-1951,1298,-1391109,1436773,-44409,1255,0
46801,-952286,910034,4549,67659,-1447457,1379796,-2,0
-460868,-617524,1082290,3898,-694612,-932992,1628021,417,0
109204,-133255,27301,3250,1239868,-1541301,301012,-421,0
11,-127,116,0,1281,-14742,13461,0,1
-102054,342562,-239859,649,-476760,1591782,-1113976,1046,0
-986087,106603,885333,5849,-1485790,156895,1329942,1047,0
30000,30000,30000,90000,60000,60000,60000,180000,1
30000,30000,30000,90000,60000,60000,60000,180000,1
5547,58274,-63822,-1,8876,93239,-102115,0,1
-697477,244409,455017,1949,-1608960,564109,1045478,627,0
73,-141,67,-1,8534,-16328,7793,-1,1
30000,30000,30000,90000,60000,60000,60000,180000,1
-54,140,-86,0,-6250,16194,-9943,1,1
-939286,742327,196307,-652,-1547375,1226462,321959,1046,0
332162,-563572,232058,648,954148,-1625718,670731,-839,0
-1026389,821630,206707,1948,-1542138,1236517,307086,1465,0
8008,1034,-9043,-1,22882,2956,-25838,0,1
-368564,1066039,-697477,-2,-556150,1608540,-1051553,837,0
130654,866482,-996488,648,197323,1306062,-1502548,837,0
497918,589572,-1084891,2599,748445,883346,-1631164,627,0
290560,-1050440,762478,2598,433398,-1580891,1147072,-421,0
-1012738,165756,849581,2599,-1521191,247387,1274850,1046,0
-88,-439,528,1,-2555,-12694,15249,0,1
676675,-521320,-153406,1949,1558057,-1203212,-355476,-631,0
-707227,347113,362713,2599,-1632631,800185,833491,1045,0
538220,-121555,-419266,-2601,1555334,-347516,-1208239,-421,0
0,8573,-8573,0,0,24494,-24494,0,1
1087490,-547971,-538871,648,1633258,-824276,-808984,-2,0
-140,80,60,0,-16283,9251,7032,0,1
749478,-937336,188507,649,1232537,-1544862,311695,-630,0
-128705,111154,19500,1949,-1508204,1296845,212195,836,0
-194500,-25130,219631,1,-251707,-32521,284228,0,1
-689026,481668,209957,2599,-1591365,1112928,479692,1255,0
67249,-52548,-14701,0,107599,-84077,-23522,0,1
5379,-1176,-4203,0,15534,-3396,-12138,0,1
-2164,5608,-3443,1,-6250,16194,-9943,1,1
-36402,-910035,951635,5198,-58443,-1384824,1443266,-1,0
91,47,-139,-1,10608,5452,-16060,0,1
30000,30000,30000,90000,60000,60000,60000,180000,1
-134,29,105,0,-15534,3396,12138,0,1
0,0,0,0,0,0,0,0,1
-504,29,474,-1,-14553,854,13698,-1,1
676675,-520670,-154706,1299,1559314,-1200907,-358827,-420,0
63052,269110,-330863,1299,284673,1250970,-1534807,836,0
-53302,138455,-84504,649,-623810,1619852,-994996,1046,0
-635074,585671,49401,-2,-1465052,1357383,108716,1047,0
451766,243109,-695527,-652,1046106,563272,-1608960,418,0
-140406,78652,62402,648,-1627603,926916,701733,1046,0
354913,-183957,-170307,649,1632839,-842919,-790341,-421,0
1016638,-838532,-176157,1949,1528522,-1262911,-265821,-210,0
-365314,555120,-189808,-2,-1055324,1607912,-551752,836,0
266509,-336713,70852,648,1225624,-1548423,322168,-631,0
-286011,-750779,1042639,5849,-437798,-1143931,1581937,208,0
0,0,0,0,0,0,0,0,1
-571372,-514170,1088140,2598,-859048,-773583,1632630,-1,0
101403,554470,-655225,648,232933,1284277,-1516164,1046,0
-636374,1079690,-442667,649,-956872,1625298,-667380,1046,0
-280811,325012,-41602,2599,-1302083,1505480,-201932,1465,0
-642225,1049789,-407566,-2,-989131,1620690,-630304,1255,0
191107,161856,-351014,1949,874967,757034,-1631583,418,0
32101,-70613,38511,-1,51363,-112982,61618,-1,1
-138456,49401,91003,1948,-1613150,586732,1026835,417,0
-126,118,7,-1,-14553,13698,854,-1,1
470,172,-642,0,890,325,-1215,0,1
-102054,-553821,659124,3249,-238799,-1280088,1518676,-211,0
0,0,0,0,0,0,0,0,1
-291211,563571,-272361,-1,-843128,1633677,-789503,1046,0
141313,97786,-239099,0,182875,126546,-309422,-1,1
721527,343212,-1062790,1949,1085906,513836,-1599115,627,0
769628,-1018589,251559,2598,1181007,-1568113,386896,-210,0
-328263,704626,-374415,1948,-762272,1632839,-869312,1255,0
-977637,628573,348413,-651,-1611055,1038775,572907,627,0
729327,301611,-1030289,649,1124449,463772,-1587803,418,0
-822281,1025088,-202158,649,-1235680,1542975,-306040,1255,0
-642,1412,-770,0,-7415,16311,-8896,0,1
2955,2699,-5654,0,8534,7793,-16328,-1,1
0,0,0,0,0,0,0,0,1
430,103,-533,0,12420,2976,-15397,-1,1
56124,-230515,174391,0,72631,-298314,225683,0,1
913284,-790430,-121555,1299,1503385,-1304177,-199628,-420,0
-280811,325012,-42252,1949,-1301873,1505270,-202351,1046,0
1007537,-176157,-828132,3248,1529569,-269382,-1260188,-1,0
-599323,-27952,627273,-2,-1381263,-63261,1444942,418,0
1052389,-648725,-402366,1298,1618176,-999185,-619411,-420,0
-980887,366613,615573,1299,-1615663,602652,1013847,836,0
1548,-9241,7693,0,4424,-26405,21981,0,1
968536,-59803,-908735,-2,1457929,-91331,-1366600,-2,0
-658475,-414716,1079040,5849,-992063,-627371,1619642,208,0
239675,-103501,-136173,1,310167,-133943,-176224,0,1
-2164,5608,-3443,1,-6250,16194,-9943,1,1
669525,-137156,-530420,1949,1545698,-316723,-1229186,-211,0
-156137,-80252,236390,1,-202060,-103856,305917,1,1
-314612,-390665,707226,1949,-725404,-904504,1629906,-2,0
-5547,63822,-58274,1,-8876,102115,-93239,0,1
261959,436166,-698127,-2,606004,1010705,-1616292,417,0
539520,-122205,-418616,-1301,1556172,-348982,-1206982,208,0
408865,295111,-702677,1299,943674,683090,-1625927,837,0
-1072541,568771,508969,5199,-1631583,864074,769183,1674,0
985436,-568772,-417966,-1302,1626764,-938438,-688537,-211,0
0,0,0,0,0,0,0,0,1
-1066690,422515,648074,3899,-1620900,640148,981798,1046,0
133905,-989338,859982,4549,199208,-1504014,1304805,-1,0
794979,-1038739,246359,2599,1193156,-1563295,370138,-1,0
-43,138,-94,1,-5047,15977,-10929,1,1
314611,-301612,-10401,2598,1441800,-1385872,-56558,-630,0
-72153,139755,-65653,1949,-848365,1633468,-784266,837,0
-45922,-23603,69526,1,-73476,-37765,111242,1,1
-1017289,772228,245709,648,-1563505,1189804,374956,1255,0
8008,1034,-9043,-1,22882,2956,-25838,0,1
-980887,362713,618173,-1,-1614825,597206,1018246,627,0
117004,230108,-345163,1949,535412,1068729,-1603723,418,0
521319,551870,-1073191,-2,794320,839357,-1632631,1046,0
30000,30000,30000,90000,60000,60000,60000,180000,1
-49999,-18301,68301,1,-79999,-29282,109282,1,1
-662,286,376,0,-1254,541,712,-1,1
0,0,0,0,0,0,0,0,1
143005,-72803,-68903,1299,1633049,-822390,-810869,-210,0
1075790,-412766,-663025,-1,1618804,-622134,-996672,-2,0
-733228,-296412,1032238,2598,-1128220,-458327,1586755,208,0
-107255,-25351,135205,2599,-1245735,-291586,1537529,208,0
-263260,-436167,702026,2599,-608100,-1009030,1616710,-420,0
75402,-143006,68902,1298,851506,-1633259,781333,-420,0
-114405,-232059,349713,3249,-534365,-1069987,1603722,-630,0
-1033539,807980,225558,-1,-1551774,1216407,336622,1255,0
599322,456967,-1056940,-651,926078,702361,-1627813,626,0
60290,1850,-62141,-1,96465,2961,-99426,0,1
-461518,-54603,516119,-2,-1328057,-158781,1487675,837,0
-1035489,767028,273010,4549,-1573769,1164668,410356,1255,0
30000,30000,30000,90000,60000,60000,60000,180000,1
-591523,-478418,1075140,5199,-901361,-728547,1630535,627,0
534320,551220,-1082941,2599,805213,828464,-1632840,837,0
-460218,-55903,516119,-2,-1326172,-161923,1488512,417,0
222115,-190735,-31380,0,287443,-246833,-40610,0,1
1065389,-352314,-711127,1948,1603513,-533737,-1069987,-211,0
1084240,-561622,-523270,-652,1632839,-846270,-786989,-420,0
60290,-62141,1850,-1,96465,-99426,2961,0,1
34451,102053,-134556,1948,381868,1184986,-1565809,1045,0
-204988,-6293,211281,0,-265279,-8144,273423,0,1
-16507,67798,-51291,0,-26411,108478,-82066,1,1
-521320,451116,70202,-2,-1503595,1304176,200465,1046,0
969186,-915885,-51352,1949,1451645,-1374770,-77505,-630,0
34451,-135856,104653,3248,375375,-1564761,1188757,-629,0
-662,376,286,0,-1254,712,541,-1,1
-192408,997787,-805381,-2,-296614,1540043,-1242174,1255,0
796279,-1026389,232058,1948,1205096,-1558058,352961,-1,0
-73,141,-67,1,-8534,16328,-7793,1,1
-1054340,345162,713076,3898,-1600791,522215,1079412,836,0
1060189,-507019,-552521,649,1632630,-781962,-850669,-1,0
0,0,0,0,0,0,0,0,1
-807981,-92304,901583,1298,-1330571,-154172,1485580,837,0
-685776,194357,494668,3249,-1583614,447643,1136389,418,0
-789130,1023788,-232709,1949,-1200698,1559524,-357361,1465,0
-911335,791729,118954,-652,-1501710,1307319,195228,837,0
-137,40,97,0,-15882,4639,11243,0,1
567471,81253,-648075,649,1311089,188106,-1498359,836,0
-299012,963986,-667576,-2602,-493518,1595972,-1101408,1046,0
-7527,-1804,9331,0,-21507,-5154,26661,0,1
30000,30000,30000,90000,60000,60000,60000,180000,1
-170957,551220,-380915,-652,-495194,1596181,-1100361,626,0
-666275,1060189,-391965,1949,-1015734,1615872,-598883,1255,0
-1035489,232058,807330,3899,-1555126,347305,1209076,1255,0
54,-140,86,0,6250,-16194,9943,-1,1
-982187,887933,98153,3899,-1480344,1337483,144536,1675,0
-536921,422515,114404,-2,-1548842,1223320,326567,1045,0
141313,-239099,97786,0,182875,-309422,126546,-1,1
0,8573,-8573,0,0,24494,-24494,0,1
492068,-1086191,598022,3899,735039,-1631374,895705,-630,0
-973737,94903,883383,4549,-1479716,142441,1338530,1255,0
662,-286,-376,0,1254,-541,-712,1,1
986086,-101404,-882734,1948,1485789,-155220,-1330152,417,0
6429,-9733,3304,0,18369,-27810,9441,0,1
-633774,585671,49401,1298,-1465052,1357592,108716,1256,0
505,121,-626,0,957,229,-1186,0,1
1034188,-810581,-222309,1298,1551564,-1217875,-334109,-420,0
-839832,-157306,1002987,5849,-1277784,-241523,1519933,626,0
-1053040,647424,407565,1949,-1618596,995623,624647,1674,0
-550571,163806,388064,1299,-1590317,474036,1116908,627,0
-759879,-169657,930834,1298,-1251809,-281951,1534387,627,0
0,122,-122,0,0,14145,-14145,0,1
84503,810580,-896384,-1301,139927,1339996,-1479087,836,0
-3788,9814,-6026,0,-10823,28042,-17218,1,1
841131,139755,-978937,1949,1295798,213243,-1508623,418,0
425115,-703977,280810,1948,976980,-1622785,644966,-839,0
566,17,-584,-1,1073,32,-1106,-1,1
9414,-7356,-2058,0,26899,-21019,-5880,0,1
-965937,292510,675375,1948,-1591783,479901,1112090,208,0
566,-584,17,-1,1073,-1106,32,-1,1
-698127,247009,453066,1948,-1609798,568508,1041917,627,0
30000,30000,30000,90000,60000,60000,60000,180000,1
330,1025,-1355,0,3813,11848,-15661,0,1
30000,30000,30000,90000,60000,60000,60000,180000,1
443,4661,-5105,-1,1281,13461,-14742,0,1
-565522,245709,319811,-2,-1628441,710740,918537,836,0
431,-653,221,-1,817,-1237,420,0,1
937985,-742978,-195008,-1,1547584,-1226044,-321751,-211,0
0,0,0,0,0,0,0,0,1
0,0,0,0,0,0,0,0,1
1056289,-310062,-746228,-1,1588640,-466496,-1122355,-211,0
-23401,-926935,954885,4549,-37915,-1395508,1433212,-211,0
0,0,0,0,0,0,0,0,1
482968,-499219,16250,-1,1388803,-1438868,49226,-839,0
-310712,299011,13650,1949,-1439916,1387337,53625,1046,0
21850,47314,-69165,-1,34961,75703,-110664,0,1
1260,-74,-1186,0,14553,-854,-13698,1,1
103,-620,516,-1,196,-1175,978,-1,1
-132,542,-410,0,-3813,15661,-11848,0,1
-707227,345812,364013,2598,-1632631,798928,834539,836,0
-564222,1084240,-520670,-652,-848155,1633468,-784057,1256,0
-349064,131954,220358,3248,-1616920,610612,1006516,208,0
1409,-801,-608,0,16283,-9251,-7032,0,1
-1066040,420565,649374,3899,-1620481,637844,983683,1046,0
502468,-477768,-24701,-1,1449341,-1377074,-72897,-630,0
84503,-141706,59802,2599,956033,-1625299,668846,-420,0
-495319,-589573,1087490,2598,-743210,-887746,1631373,417,0
-2955,5654,-2699,0,-8534,16328,-7793,1,1
-137,40,97,0,-15882,4639,11243,0,1
-139,88,50,-1,-16133,10279,5853,-1,1
169999,-232224,62224,-1,219999,-300525,80525,-1,1
-228809,1031588,-802781,-2,-344583,1555544,-1209915,1046,0
-9414,2058,7356,0,-26899,5880,21019,0,1
30000,30000,30000,90000,60000,60000,60000,180000,1
885983,-59803,-826181,-1,1461700,-99919,-1361573,208,0
-928885,-22751,955535,3899,-1394879,-37496,1433002,627,0
1062139,-718277,-342563,1299,1600371,-1083393,-517189,-211,0
657824,-557721,-99454,649,1515953,-1284696,-231677,-420,0
60452,-967887,911334,3899,88397,-1456883,1368275,-211,0
599972,456967,-1056290,649,925659,702780,-1628022,417,0
85153,-141706,59802,3249,959175,-1624880,665494,-211,0
566,17,-584,-1,1073,32,-1106,-1,1
314611,-301612,-9751,3248,1441381,-1386291,-55930,-840,0
-898334,974386,-73453,2599,-1352775,1468822,-114582,1465,0
-767679,1016638,-247660,1299,-1181845,1567484,-384383,1256,0
512869,573321,-1084241,1949,771068,861980,-1632212,836,0
-451117,1067339,-615574,648,-688328,1627393,-938229,836,0
941885,-923685,-15601,2599,1427556,-1401582,-26185,-211,0
66302,-642875,578521,1948,149772,-1483696,1333712,-212,0
143005,-72803,-68903,1299,1632839,-819877,-813173,-211,0
431,-653,221,-1,817,-1237,420,0,1
1033538,-258710,-772879,1949,1569578,-393809,-1175352,417,0
660424,404315,-1064090,649,1003374,614592,-1617339,627,0
666274,380914,-1045890,1298,1028091,585057,-1612940,208,0
-9145,7853,1292,0,-26131,22439,3691,-1,1
-48752,-462818,513519,1949,-142023,-1338531,1480343,-211,0
-576572,1057589,-479718,1299,-889003,1631792,-741115,1674,0
314611,390664,-704627,648,726241,904293,-1629698,836,0
141,-70,-70,1,16334,-8167,-8167,0,1
256,-564,308,0,7415,-16311,8896,0,1
3900,486868,-492069,-1301,9635,1410170,-1418968,837,0
-1025089,824230,203457,2598,-1540672,1239240,302478,1046,0
93603,-140406,48751,1948,1058884,-1606656,547561,-211,0
-192408,-828782,1023788,2598,-288863,-1248039,1536901,-1,0
-134556,29901,106603,1948,-1554288,344373,1210752,837,0
332,-562,230,0,9600,-16244,6643,-1,1
0,0,0,0,0,0,0,0,1
-1062140,510269,553170,1299,-1632421,784265,848992,836,0
162506,763128,-926935,-1301,270638,1260397,-1529989,1046,0
-349714,131954,219708,1948,-1617339,614173,1003793,627,0
-596723,1069290,-470618,1949,-909950,1629906,-718701,1255,0
-1005588,144955,864532,3899,-1509251,215128,1294960,837,0
-269761,1021188,-750779,648,-416851,1576700,-1158803,1046,0
63003,-59302,-3700,1,100805,-94884,-5921,0,1
278860,-703327,427065,2598,639939,-1622157,981798,-420,0
108554,-133906,27301,1949,1237145,-1542557,304573,-839,0
891833,90353,-980237,1949,1343348,133224,-1475945,627,0
-65328,9229,56098,-1,-104525,14767,89757,-1,1
30000,30000,30000,90000,60000,60000,60000,180000,1
1008187,-178757,-826181,3249,1531035,-272943,-1257675,417,0
-239675,136173,103501,-1,-310167,176224,133943,0,1
-31852,-102704,137155,2599,-386897,-1181217,1567903,-211,0
-311362,298361,14300,1299,-1442639,1384614,59280,1255,0
0,0,0,0,0,0,0,0,1
256,-564,308,0,7415,-16311,8896,0,1
-967237,913934,53952,649,-1451227,1374559,77714,1046,0
737127,-1049790,315911,3248,1114185,-1591993,477597,-211,0
-10401,-117005,130004,2598,-135529,-1342301,1477201,-629,0
704626,248959,-954236,-651,1164877,408890,-1573559,208,0
1414,-707,-707,0,16334,-8167,-8167,0,1
747528,-937986,191107,649,1229814,-1546118,316094,-210,0
1039388,-248960,-789780,648,1564551,-376632,-1188130,-211,0
-88,528,-439,1,-2555,15249,-12694,0,1
-420566,-657175,1080990,3249,-631770,-988712,1620480,-2,0
-916535,919134,-1951,648,-1411009,1418130,-5866,1255,0
0,0,0,0,0,0,0,0,1
0,0,0,0,0,0,0,0,1
-182813,-43812,226626,1,-236582,-56698,293281,1,1
662,-286,-376,0,1254,-541,-712,1,1
-42902,-94904,139755,1949,-511323,-1088211,1598695,-839,0
-943186,934735,11700,3249,-1421063,1407865,14872,1674,0
-88,528,-439,1,-2555,15249,-12694,0,1
-3325,-2300,5625,0,-9600,-6643,16244,1,1
-980237,364663,617523,1949,-1615244,599929,1016152,837,0
3673,-5562,1888,-1,10608,-16060,5452,0,1
254,-658,404,0,481,-1247,766,0,1
3250,486868,-490769,-651,7331,1411426,-1418131,626,0
-69840,25340,44499,-1,-111744,40544,71199,-1,1
336062,-267811,-65653,2598,1543813,-1233376,-311067,-630,0
8820,-8302,-518,0,25201,-23721,-1480,0,1
649374,-85154,-565522,-1302,1501290,-194601,-1306901,-212,0
-5172,-4723,9896,1,-14778,-13496,28274,0,1
130,-18,-112,0,15090,-2132,-12958,0,1
-492069,-191758,687725,3898,-1137856,-445549,1583404,-1,0
267160,-337363,70852,649,1224367,-1549051,324263,-421,0
91,47,-139,-1,10608,5452,-16060,0,1
728677,321762,-1047190,3249,1106015,487652,-1593250,417,0
-993238,876232,119604,2598,-1493750,1318630,176376,1256,0
102053,35101,-134556,2598,1159850,415803,-1575445,208,0
121554,2600,-122205,1949,1395088,37705,-1432794,-1,0
-33,135,-102,0,-3813,15661,-11848,0,1
237456,-86157,-151298,1,307296,-111497,-195798,1,1
-239209,-711127,952935,2599,-396113,-1174304,1570626,209,0
-853482,-148856,1007537,5199,-1286372,-227488,1514696,836,0
755328,-1055640,302261,1949,1131361,-1586547,454555,-631,0
-919135,917184,3250,1299,-1414151,1414569,837,1255,0
988687,-501169,-489469,-1951,1632839,-827418,-806051,-630,0
0,0,0,0,0,0,0,0,1
44851,92953,-136506,1298,507971,1090724,-1598068,627,0
-661725,-398465,1066039,5849,-1008193,-608728,1617338,417,0
-1086191,564221,522619,649,-1632212,849411,784056,1255,0
-9101,126104,-115705,1298,-127569,1474478,-1345863,1046,0
22100,-317212,297711,2599,95729,-1460444,1364295,-420,0
-91,-47,139,1,-10608,-5452,16060,0,1
336712,-1064090,729327,1949,502943,-1597858,1094494,-421,0
-937336,921084,18850,2598,-1426509,1402000,25765,1256,0
3059,6624,-9683,0,8740,18925,-27666,-1,1
-445267,1077090,-631174,649,-672408,1625926,-952263,1255,0
110,1165,-1276,-1,1281,13461,-14742,0,1
294461,-566172,272360,649,847107,-1633469,786150,-212,0
-1409,608,801,0,-16283,7032,9251,0,1
806030,94253,-899634,649,1331827,152915,-1484533,209,0
127404,-9101,-117005,1298,1457929,-91959,-1365972,-2,0
1026388,-823581,-200208,2599,1540671,-1240079,-301222,-630,0
0,0,0,0,0,0,0,0,1
-538871,121554,417965,648,-1556592,351285,1206143,836,0
290560,29901,-319162,1299,1337483,142860,-1480135,208,0
0,0,0,0,0,0,0,0,1
312661,-1057590,747528,2599,465867,-1589270,1122564,-839,0
531719,136505,-668226,-2,1229604,316722,-1545490,836,0
-102054,342562,-239209,1299,-477808,1591992,-1113348,836,0
66952,-643525,578521,1948,151448,-1484324,1332665,-211,0
300961,-1043940,746877,3898,451413,-1585709,1134085,-211,0
-312662,-391965,706576,1949,-721843,-907855,1629906,208,0
432266,-1055640,625973,2599,661724,-1624671,962526,-421,0
0,0,0,0,0,0,0,0,1
60290,1850,-62141,-1,96465,2961,-99426,0,1
-1075141,689025,387414,1298,-1611474,1034585,577725,836,0
-592,34,557,-1,-1121,65,1055,-1,1
-1748,5533,-3785,0,-5047,15977,-10929,1,1
522619,464767,-989338,-1952,864284,768345,-1632002,627,0
-74753,335412,-258710,1949,-353800,1558267,-1203631,836,0
0,0,0,0,0,0,0,0,1
-100,-36,136,0,-11550,-4227,15777,0,1
0,0,0,0,0,0,0,0,1
5040,-4744,-296,0,14553,-13698,-854,1,1
-210608,-479718,690975,649,-484511,-1108739,1593249,-1,0
120904,-663675,544720,1949,276922,-1532712,1255579,-211,0
-760529,-170957,931484,-2,-1250762,-283836,1535015,417,0
942535,-212558,-731278,-1301,1556801,-351915,-1205097,-211,0
25350,927584,-951636,1298,37495,1395925,-1432375,1045,0
-469,642,-172,1,-889,1215,-325,1,1
-107905,-880783,991287,2599,-163808,-1325963,1489350,-421,0
174,-553,378,-1,5047,-15977,10929,-1,1
-5172,-4723,9896,1,-14778,-13496,28274,0,1
-61753,639623,-577222,648,-144956,1482228,-1335808,1464,0
-481019,497268,-16251,-2,-1388385,1439286,-49646,1255,0
-47452,-464768,512869,649,-138043,-1340835,1478458,-420,0
-505069,678625,-171607,1949,-1169487,1572720,-401769,1464,0
826830,-990638,168356,4548,1268776,-1525800,256394,-630,0
915234,-135856,-781330,-1952,1513440,-225812,-1287629,-1,0
918,-1390,472,0,10608,-16060,5452,0,1
-550571,165756,386764,1949,-1590736,476550,1114813,627,0
-3325,5625,-2300,0,-9600,16244,-6643,1,1
482,-497,14,-1,13927,-14354,427,0,1
690325,-481669,-208658,-2,1592201,-1110834,-482207,-840,0
45922,23603,-69526,-1,73476,37765,-111242,-1,1
-233773,165491,68281,-1,-302530,214165,88364,-1,1
-291211,564221,-273011,-1,-842709,1633677,-789922,1046,0
9145,-7853,-1292,0,26131,-22439,-3691,1,1
-390,661,-270,1,-739,1251,-511,1,1
36946,-70686,33740,0,59113,-113098,53984,-1,1
564871,-323713,-239859,1299,1627183,-933201,-694402,-420,0
567471,80603,-647425,649,1311299,187687,-1498359,627,0
209307,479067,-688376,-2,483672,1109786,-1592621,837,0
530419,529769,-1060190,-2,818409,815477,-1632840,1046,0
371163,183306,-555771,-1302,1070195,533317,-1603095,417,0
62402,269760,-330213,1949,281950,1253065,-1533760,1255,0
-114,-14,129,1,-13214,-1707,14922,1,1
-887284,64352,826180,3248,-1462958,103688,1360106,836,0
-254160,-85804,341912,1948,-1175771,-393809,1569788,208,0
0,0,0,0,0,0,0,0,1
614,-527,-86,1,1162,-998,-164,0,1
-939936,919134,22750,1948,-1429233,1399068,31630,1465,0
-521970,1082290,-560321,-1,-786989,1633677,-845223,1465,0
2568,3080,-5649,-1,7415,8896,-16311,0,1
-9868,4261,5607,0,-28197,12176,16020,-1,1
566821,-287311,-280161,-651,1633049,-824066,-809193,-210,0
458267,529119,-988688,-1302,757243,874967,-1631793,417,0
-634424,585671,49401,648,-1465262,1357173,109554,1465,0
0,0,0,0,0,0,0,0,1
