0,1,2,3,4,5,6,7,class
-988038,108554,883383,3899,-1487466,160665,1327847,1046,0
-447867,1077090,-627924,1299,-677435,1626345,-947864,1046,0
52,547,-599,0,98,1037,-1136,-1,1
-63053,-77353,143655,3249,-741115,-889840,1630954,-1,0
-295,-269,565,1,-8534,-7793,16328,1,1
-280811,324362,-41602,1949,-1303968,1504223,-199000,1255,0
-687076,191107,495968,-1,-1581938,441777,1140788,627,0
87103,893783,-980237,649,130920,1345024,-1474898,1046,0
-526520,1071890,-544721,649,-802700,1633886,-830141,1045,0
768328,-1053040,287310,2598,1149795,-1580262,430256,-211,0
-304212,-3251,309411,1948,-1407238,-14035,1421272,-1,0
237456,-151298,-86157,1,307296,-195798,-111497,1,1
141705,-52002,-87754,1949,1613358,-588409,-1025160,-211,0
-141313,239099,-97786,0,-182875,309422,-126546,1,1
100753,-137806,38351,1298,1149586,-1580053,430256,-211,0
-675376,-393265,1074490,5849,-1018666,-596369,1615243,208,0
-523920,76052,447866,-2,-1511136,220784,1291608,1256,0
260009,784579,-1042640,1948,390457,1178912,-1568323,1046,0
-165107,1011437,-845682,648,-248435,1522656,-1273385,836,0
-483619,-11701,496618,1298,-1396136,-35401,1431955,418,0
0,0,0,0,0,0,0,0,1
-564222,324362,239858,-2,-1626765,936552,691678,1465,0
0,0,0,0,0,0,0,0,1
-20801,-110505,133254,1948,-259747,-1266891,1526427,-211,0
-182813,-43812,226626,1,-236582,-56698,293281,1,1
662,-376,-286,0,1254,-712,-541,1,1
414715,-1079691,666924,1948,619201,-1619015,999394,-420,0
-840482,872982,-32502,-2,-1385243,1442428,-56139,1046,0
30000,30000,30000,90000,60000,60000,60000,180000,1
-969187,60452,913284,4549,-1456464,88816,1368066,418,0
204988,-211281,6293,0,265279,-273423,8144,0,1
-222115,31380,190735,0,-287443,40610,246833,0,1
-955536,924334,33801,2599,-1436774,1390898,47131,1255,0
559670,-208008,-352314,-652,1614615,-596998,-1018247,-630,0
1058239,-310062,-746878,1299,1588850,-466706,-1122355,-211,0
1396,-506,-889,1,16133,-5853,-10279,1,1
709826,-1040689,332812,1949,1087791,-1599534,511322,-421,0
75402,-143006,69552,1948,851296,-1633469,781333,-840,0
713076,-1039389,327612,1299,1093028,-1598068,504410,-630,0
1056939,-705927,-349064,1948,1603094,-1072291,-531014,-211,0
1205,37,-1242,0,13927,427,-14354,0,1
301,362,-663,0,571,685,-1256,0,1
9145,-1292,-7853,0,26131,-3691,-22439,1,1
137805,405615,-543421,-1,394227,1175979,-1569789,417,0
284060,-327613,43551,-2,1305643,-1503177,197113,-421,0
-177457,-376365,554470,648,-515094,-1085069,1599742,-421,0
1080340,-633124,-447217,-1,1625298,-952682,-672827,-211,0
83853,-979587,898983,3249,124426,-1472803,1348585,208,0
-537,-69,607,1,-1018,-131,1149,0,1
334112,226858,-562922,-1952,965878,657744,-1623204,418,0
116354,13650,-127405,2599,1325124,164436,-1489142,418,0
1144,-1291,147,0,13214,-14922,1707,-1,1
-532370,-135856,671475,3249,-1228977,-316514,1545908,417,0
21850,-69165,47314,-1,34961,-110664,75703,0,1
0,0,0,0,0,0,0,0,1
492068,-1086191,597372,3249,735458,-1631374,895495,-421,0
831,575,-1406,0,9600,6643,-16244,-1,1
-70203,889233,-819031,-1,-116886,1470079,-1352147,1046,0
-5547,-58274,63822,1,-8876,-93239,102115,0,1
35101,-136506,104003,2598,377469,-1565390,1187291,-630,0
493368,-1086191,596072,3249,737134,-1631374,893819,-421,0
855432,152105,-1004938,2599,1287838,226230,-1513650,418,0
-313312,1055639,-741028,1299,-472571,1590945,-1117328,1046,0
-100,-36,136,0,-11550,-4227,15777,0,1
4494,-9885,5391,0,12840,-28245,15404,-1,1
736477,-1049790,316561,3248,1113766,-1592202,477807,-629,0
558370,-208008,-352964,-2602,1614196,-594693,-1020132,-629,0
-969837,113104,860632,3899,-1491865,171558,1320934,627,0
-3325,5625,-2300,0,-9600,16244,-6643,1,1
650024,321112,-971137,-1,1074804,527661,-1602257,208,0
432916,98153,-531720,-651,1249085,286977,-1535645,417,0
-768329,1015988,-246360,1299,-1182893,1567274,-382707,1674,0
-296412,1040688,-743628,648,-452252,1585917,-1132410,1255,0
445266,-989338,544720,648,731269,-1630745,899266,-210,0
-649375,82553,569421,2599,-1499197,189572,1310042,417,0
511569,573971,-1084241,1299,770440,862189,-1632002,627,0
67602,-888584,822280,1298,109973,-1466728,1356335,-420,0
-301,-362,663,0,-571,-685,1256,0,1
339312,723477,-1064090,-1301,512579,1087372,-1599115,836,0
143005,-72153,-68903,1949,1633049,-817363,-815687,-1,0
1086840,-547321,-538871,648,1633049,-823438,-810031,-420,0
-221,-1099,1320,0,-2555,-12694,15249,0,1
-558,202,355,-1,-16133,5853,10279,-1,1
868432,-1002988,136505,1949,1301244,-1505900,203816,-840,0
147555,-921085,775479,1949,241522,-1519934,1278411,-1,0
30000,30000,30000,90000,60000,60000,60000,180000,1
-707227,348413,362063,3249,-1632631,802280,831606,1255,0
494668,188507,-683826,-651,1142882,439054,-1581729,207,0
-799530,-230759,1036788,6499,-1205725,-350658,1557219,836,0
-928235,-23401,956185,4549,-1394670,-37915,1433002,417,0
748178,-938636,189807,-651,1230652,-1545909,314837,-420,0
-1344,294,1050,0,-15534,3396,12138,0,1
353613,-1043290,692275,2598,541067,-1605609,1064121,-421,0
727377,323062,-1048490,1949,1104968,489328,-1593669,627,0
0,0,0,0,0,0,0,0,1
757278,172256,-930835,-1301,1251599,283416,-1534178,837,0
841131,159905,-999088,1948,1278202,241731,-1519096,837,0
137,-40,-97,0,15882,-4639,-11243,0,1
104003,553170,-656525,648,239636,1280297,-1518677,1256,0
-506369,33801,473217,649,-1459816,96357,1364086,627,0
-445917,1077090,-631174,-1,-673455,1625717,-951425,837,0
-634424,1079690,-445267,-1,-954149,1625717,-670313,1255,0
770278,280810,-1049790,1298,1157755,418945,-1576492,208,0
-39652,507018,-468668,-1302,-116467,1469660,-1352566,627,0
-118955,661724,-542771,-2,-277133,1533130,-1255161,836,0
0,0,0,0,0,0,0,0,1
255459,-564872,311361,1948,730640,-1630745,899894,-211,0
16507,51291,-67798,0,26411,82066,-108478,-1,1
306811,1300,-304862,3249,1409332,10054,-1419387,-1,0
102053,35101,-134556,2598,1157127,419573,-1576492,208,0
-911985,965286,-51352,1949,-1372256,1453112,-79810,1046,0
-889884,-53302,947085,3899,-1369952,-84418,1454997,627,0
646,-188,-457,1,1223,-357,-866,0,1
373764,-981537,608422,649,613964,-1618177,1004002,-211,0
0,0,0,0,0,0,0,0,1
135855,406915,-543421,-651,389828,1179331,-1568323,836,0
293811,-566822,273660,649,843755,-1633469,789293,-421,0
216,344,-560,0,6250,9943,-16194,-1,1
603222,-1075141,473867,1948,911415,-1630117,718491,-211,0
-848282,1008187,-157956,1949,-1277993,1520143,-240894,1256,0
372463,-1068641,700726,4548,555102,-1608541,1053019,-420,0
378964,668225,-1046540,649,585266,1028301,-1612731,836,0
-1017939,770928,248959,1948,-1565180,1186243,379983,1046,0
-72153,139755,-66303,1299,-847736,1633468,-784476,1256,0
88,-528,439,-1,2555,-15249,12694,0,1
380264,689025,-1068641,648,572698,1038775,-1610636,837,0
63702,-642225,579821,1298,145374,-1482020,1336435,-211,0
-56124,-174391,230515,0,-72631,-225683,298314,0,1
531069,528469,-1059540,-2,820085,813591,-1632840,836,0
141313,97786,-239099,0,182875,126546,-309422,-1,1
-138456,-841132,981536,1948,-212615,-1296427,1508831,-211,0
-577222,1056939,-479068,649,-889840,1631792,-740277,1675,0
330862,-707227,379614,3249,759757,-1632631,872244,-630,0
330,1025,-1355,0,3813,11848,-15661,0,1
-103,620,-516,1,-196,1175,-978,1,1
0,0,0,0,0,0,0,0,1
470,172,-642,0,890,325,-1215,0,1
-11051,-850882,863232,1299,-18853,-1405143,1423995,-1,0
884033,-60453,-825531,-1951,1462119,-101176,-1361154,-211,0
92003,146356,-238359,0,119063,189402,-308465,0,1
647424,-1053690,408865,2599,991853,-1620272,627370,-1049,0
-1088791,548620,542120,1949,-1632631,823646,810449,1464,0
-2568,5649,-3080,1,-7415,16311,-8896,0,1
537,69,-607,-1,1018,131,-1149,0,1
0,0,0,0,0,0,0,0,1
-448517,1077090,-628574,-1,-676597,1626345,-948702,1046,0
-91004,-892484,985436,1948,-136996,-1341254,1478248,-2,0
1012087,-166407,-844382,1298,1523494,-251996,-1271290,208,0
0,0,0,0,0,0,0,0,1
-1076441,653924,427716,5199,-1620691,982426,639729,1464,0
205,444,-650,-1,388,842,-1231,-1,1
-598673,-24701,627273,3899,-1382520,-60957,1444104,627,0
987386,-432917,-554471,-2,1628859,-715769,-913511,-421,0
5172,-9896,4723,-1,14778,-28274,13496,0,1
1017938,-770929,-243760,3249,1564551,-1187711,-377470,-630,0
-139,50,88,-1,-16133,5853,10279,-1,1
-574622,983486,-410166,-1302,-947445,1626555,-677854,1256,0
-60453,967236,-908085,-1302,-89445,1457720,-1367229,1046,0
256109,-564872,311361,2598,731059,-1630745,899685,-1,0
-211258,-479068,691625,1299,-488072,-1106016,1593877,-211,0
0,0,0,0,0,0,0,0,1
-272361,1023138,-749479,1298,-420831,1577748,-1155871,1046,0
0,-122,122,0,0,-14145,14145,0,1
-1748,5533,-3785,0,-5047,15977,-10929,1,1
-156006,-519370,677325,1949,-358199,-1201117,1559105,-211,0
-368564,976986,-611023,-2601,-608938,1617757,-1007774,1045,0
65328,-56098,-9229,1,104525,-89757,-14767,1,1
982836,-890534,-91004,1298,1477829,-1341464,-136996,-631,0
1023788,-277561,-746878,-651,1578586,-427534,-1151262,-210,0
139105,-98804,-38352,1949,1586336,-1129268,-457489,-421,0
958135,-875583,-81254,1298,1473221,-1347538,-126313,-630,0
-7527,9331,-1804,0,-21507,26661,-5154,0,1
127404,-120255,-5851,1298,1452693,-1373303,-79810,-420,0
-988038,108554,884033,4549,-1487047,159827,1327847,627,0
857382,150155,-1004288,3249,1290561,222041,-1512184,418,0
-5639,3204,2435,0,-16283,9251,7032,0,1
-402366,-143656,547320,1298,-1160479,-414756,1575653,418,0
-9777,3547,6229,-1,-27936,10136,17799,-1,1
338012,-79953,-257410,649,1560990,-364692,-1196299,-1,0
32101,38511,-70613,-1,51363,61618,-112982,-1,1
1077090,-432917,-643525,648,1622994,-654184,-969021,-211,0
122204,2600,-122205,2599,1393831,40428,-1434051,208,0
18862,-216996,198133,-1,24410,-280818,256407,-1,1
813830,-1032889,221658,2599,1219131,-1551565,332014,-420,0
274960,771578,-1045890,648,414755,1161316,-1575026,1045,0
689025,-1073191,388064,3898,1030815,-1613150,581496,-839,0
0,0,0,0,0,0,0,0,1
884,4396,-5281,-1,2555,12694,-15249,0,1
-91004,-47452,140405,1949,-1065169,-539602,1604770,-1,0
-1058240,312661,748828,3249,-1588432,466286,1122564,418,0
1002987,-141706,-861283,-2,1509460,-214291,-1294751,418,0
-565522,1084890,-518720,648,-849831,1633258,-781962,1465,0
1006887,-174857,-828782,3248,1528941,-267078,-1261654,209,0
-456968,-620774,1081640,3898,-689585,-937600,1627393,208,0
826830,-991938,167706,2598,1269195,-1525381,255766,-420,0
108554,-967237,860632,1949,166530,-1490818,1324286,-2,0
375064,-1069291,697476,3249,560758,-1609379,1048620,-1,0
-7151,-853482,861282,649,-12150,-1408914,1420853,-211,0
-3059,-6624,9683,0,-8740,-18925,27666,1,1
-326313,705276,-377015,1948,-756406,1632630,-874758,1466,0
-558,202,355,-1,-16133,5853,10279,-1,1
204988,-211281,6293,0,265279,-273423,8144,0,1
1038088,-246360,-791080,648,1563294,-372443,-1191062,-211,0
-731928,1058239,-325663,648,-1102665,1595134,-491214,1255,0
-518720,-552521,1077090,5849,-790341,-842709,1633258,208,0
-362064,-344513,708526,1949,-836006,-796835,1632839,-2,0
65652,75402,-139106,1948,748236,883346,-1631164,418,0
-932785,31201,905483,3899,-1436145,45665,1391108,628,0
-570072,-516770,1088140,1298,-854230,-778192,1632630,208,0
-19501,315261,-293161,2599,-97824,1461490,-1362830,836,0
-850232,-14301,866482,1949,-1400954,-25766,1427346,626,0
707876,362063,-1067991,1948,1063283,542324,-1605190,417,0
-937336,-2601,945135,5198,-1410799,-6285,1417501,417,0
-691626,957485,-265860,-1,-1142255,1582566,-439474,837,0
541,860,-1402,-1,6250,9943,-16194,-1,1
-447217,1077090,-628574,1299,-675969,1626345,-949121,1255,0
504,-474,-29,1,14553,-13698,-854,1,1
290560,-1050440,762478,2598,433398,-1580891,1147072,-421,0
-575922,1057589,-481669,-2,-887955,1631792,-742581,1256,0
30000,30000,30000,90000,60000,60000,60000,180000,1
-333463,266509,68902,1948,-1544024,1232956,311904,836,0
525219,462817,-988688,-652,868054,764575,-1631793,836,0
-1006238,179406,832031,5199,-1529570,270848,1259978,1256,0
-213208,-812531,1029638,3899,-323217,-1224997,1548631,417,0
451766,-1080341,632473,3898,675339,-1625927,950796,208,0
109204,-966587,861282,3899,165483,-1490399,1324705,-211,0
-1062140,722177,343212,3249,-1598906,1086115,514255,1464,0
-138456,88403,52001,1948,-1612521,1029977,583171,627,0
1083590,-468018,-615574,-2,1628440,-704876,-923775,-211,0
848281,-1010788,163806,1299,1275060,-1522029,246758,-211,0
3788,6026,-9814,0,10823,17218,-28042,-1,1
-127405,539520,-412116,-1,-371396,1563713,-1191691,626,0
255459,83853,-338013,1299,1175560,394018,-1569579,-1,0
-226209,691625,-464118,1298,-525567,1602675,-1076271,837,0
-290561,563571,-273661,-651,-841452,1633886,-791179,1255,0
484918,9100,-495969,-1951,1399277,29535,-1428814,-2,0
876232,-958786,85803,3249,1344605,-1475526,130501,-420,0
0,0,0,0,0,0,0,0,1
30000,30000,30000,90000,60000,60000,60000,180000,1
-256,564,-308,0,-7415,16311,-8896,0,1
431,-653,221,-1,817,-1237,420,0,1
5818,4026,-9845,-1,16625,11504,-28129,0,1
35101,-135856,104003,3248,374956,-1564761,1189176,-629,0
661074,403015,-1063440,649,1005468,612707,-1617339,836,0
605172,478417,-1080991,2598,911415,718491,-1629279,627,0
233773,-165491,-68281,1,302530,-214165,-88364,1,1
88,-528,439,-1,2555,-15249,12694,0,1
22,-132,109,-1,2555,-15249,12694,0,1
1074490,-496619,-576572,1299,1631582,-754940,-876853,-211,0
156655,-353614,198907,1948,716396,-1629907,913091,-420,0
222115,-31380,-190735,0,287443,-40610,-246833,0,1
49401,462817,-511570,648,138880,1340415,-1478668,627,0
-132605,-863233,1000387,4549,-202770,-1302292,1505270,208,0
1031588,-260010,-772229,-651,1570207,-396113,-1173885,209,0
144955,-1003638,861932,3249,216385,-1510508,1294122,-1,0
-137,97,40,0,-15882,11243,4639,0,1
799529,236608,-1033539,2598,1204258,353589,-1557220,627,0
-379615,-666925,1048489,1949,-584429,-1028930,1612939,-420,0
207357,-1024439,820980,3898,308762,-1543814,1234841,-211,0
347,-664,317,0,657,-1258,600,-1,1
44,-510,466,0,1281,-14742,13461,0,1
-484919,-9751,495968,1298,-1398440,-31002,1429860,418,0
126754,-120255,-6501,-2,1453112,-1372675,-81276,-839,0
-139,88,50,-1,-16133,10279,5853,-1,1
92003,-238359,146356,0,119063,-308465,189402,0,1
-537571,422515,115704,648,-1550098,1220597,330547,1046,0
530419,528469,-1059540,-652,819457,814220,-1632840,837,0
2310,-9491,7180,-1,6602,-27119,20516,-1,1
656,-238,-418,0,1243,-451,-792,0,1
-11,127,-116,0,-1281,14742,-13461,0,1
1950,120904,-120905,1949,2513,1413940,-1415198,1255,0
-502469,1058889,-554471,1949,-776306,1633468,-855906,1256,0
-1058240,749478,310061,1299,-1587385,1125706,462725,1046,0
-200858,351013,-148206,1949,-933620,1627812,-693355,837,0
-961387,688375,271710,-1302,-1583614,1137436,447224,1046,0
-776,-8158,8935,1,-2219,-23309,25528,0,1
380264,-1061490,685125,3899,572279,-1611683,1039403,-1,0
-691626,956835,-266510,-1301,-1142046,1582775,-439893,836,0
928884,-956836,31201,3249,1390898,-1437193,45665,-630,0
-132,-410,542,0,-3813,-11848,15661,0,1
430,-533,103,0,12420,-15397,2976,-1,1
-293812,1039388,-746228,-652,-447434,1584870,-1136180,1256,0
-323713,283410,41601,1298,-1496892,1314022,183917,1047,0
425765,-703327,280810,3248,976142,-1622576,646013,-421,0
-730628,1045889,-313312,1949,-1112300,1592201,-478646,1255,0
-897684,974386,-75403,1299,-1352147,1469450,-116258,1045,0
53768,12885,-66654,-1,86030,20617,-106647,0,1
1077740,-431617,-644175,1948,1622994,-653346,-969650,-2,0
-746878,935385,-188508,-1,-1231909,1545280,-311905,1466,0
-939286,0,944485,5199,-1412684,-2514,1415825,627,0
-521320,-549921,1077090,5849,-794321,-838729,1633258,208,0
5379,-1176,-4203,0,15534,-3396,-12138,0,1
23400,-318512,296411,1299,101594,-1462748,1361153,-1,0
-732578,-298362,1033538,2598,-1125916,-461678,1587593,-1,0
0,208206,-208206,0,0,269443,-269443,0,1
-650675,-320463,972436,1298,-1072291,-531223,1603303,-211,0
-3325,-2300,5625,0,-9600,-6643,16244,1,1
39001,-956186,921084,3899,55510,-1441801,1386499,208,0
0,0,0,0,0,0,0,0,1
-330213,1060839,-729328,1298,-497708,1596600,-1098266,626,0
-4576,-591,5167,0,-13214,-1707,14922,1,1
141,-70,-70,1,16334,-8167,-8167,0,1
-1081641,634423,447866,648,-1624461,954357,671150,1046,0
799529,235958,-1032889,2598,1204886,352961,-1557220,627,0
-1064740,356863,711776,3899,-1603304,534783,1069358,837,0
-1056290,435516,622723,1949,-1624461,668846,956242,627,0
-979587,83203,899633,3249,-1471546,123169,1349004,627,0
-133906,29901,107254,3249,-1553659,343116,1211590,1047,0
18862,-216996,198133,-1,24410,-280818,256407,-1,1
704626,-297062,-406266,1298,1626345,-685814,-940952,-421,0
211907,477767,-688376,1298,487442,1106853,-1593459,836,0
60290,1850,-62141,-1,96465,2961,-99426,0,1
-497919,-586972,1087490,2599,-749284,-882090,1631792,418,0
-1065390,422515,648074,5199,-1620900,640567,981589,1256,0
1044589,-271061,-772879,649,1574187,-409729,-1164459,-1,0
-386765,-596073,983486,648,-637635,-983894,1621109,-420,0
136505,-31202,-103354,1949,1555334,-346887,-1208448,-1,0
-956836,923034,36401,2599,-1438659,1388803,51320,1464,0
912634,-791730,-119605,1299,1502128,-1306482,-195857,-211,0
0,0,0,0,0,0,0,0,1
1083590,-507019,-575272,1299,1632211,-765833,-866380,-2,0
92003,146356,-238359,0,119063,189402,-308465,0,1
140,-60,-80,0,16283,-7032,-9251,0,1
-248960,1040038,-790430,648,-373490,1564342,-1189805,1047,0
-546021,1083590,-536271,1298,-822809,1633886,-809822,1255,0
157305,-353614,198907,2598,718281,-1630117,911415,-421,0
40301,-956836,921084,4549,56976,-1442639,1385661,-2,0
-7527,-1804,9331,0,-21507,-5154,26661,0,1
-64,-77,141,0,-7415,-8896,16311,0,1
-20151,315261,-292511,2599,-101176,1462957,-1360735,1046,0
9625,-2811,-6814,0,27502,-8033,-19469,0,1
-194358,-828132,1023788,1298,-291377,-1246363,1537529,-211,0
-122855,993237,-870383,-1,-183918,1497939,-1312975,1046,0
-890534,-53302,947735,3899,-1369952,-84418,1454787,417,0
132,-542,410,0,3813,-15661,11848,0,1
726727,325012,-1049140,2599,1102454,492679,-1594507,626,0
-738428,-315912,1059539,5199,-1112929,-478646,1591992,417,0
986086,-432267,-554471,-652,1629069,-715769,-913511,-211,0
-430317,1053039,-622074,648,-664238,1625089,-959804,1047,0
60290,1850,-62141,-1,96465,2961,-99426,0,1
523269,-78003,-447217,-1951,1512392,-222879,-1289724,-211,0
-45922,-23603,69526,1,-73476,-37765,111242,1,1
-520670,451116,70202,648,-1503805,1303758,200884,837,0
477117,-1084241,611022,3898,711788,-1629279,917280,-211,0
-1038089,711126,328912,1949,-1596392,1095332,502106,1046,0
-128055,540170,-412116,-1,-373071,1564342,-1190643,628,0
0,0,0,0,0,0,0,0,1
967886,-58503,-909385,-2,1457092,-89655,-1367438,-1,0
-1043940,273010,776129,5199,-1573350,408681,1165506,837,0
248309,-345163,99453,2599,1134294,-1585709,450575,-840,0
-99454,-36402,137805,1949,-1159641,-415804,1575653,208,0
-588923,-392615,984786,3248,-971954,-650832,1622784,-2,0
-548621,391964,157955,1298,-1584871,1133666,452042,837,0
-431,-221,653,1,-817,-420,1237,0,1
-1083591,512219,575271,3899,-1631793,770650,862608,1465,0
1039388,-250260,-789130,-2,1564760,-377051,-1187920,-211,0
-765079,1049789,-282761,1949,-1150843,1579633,-427534,1256,0
-32502,133905,-101404,-1,-375795,1564970,-1188130,1045,0
-1008838,824880,187207,3249,-1533131,1253903,280693,1465,0
-4823,-148,4971,0,-13927,-427,14354,0,1
0,0,0,0,0,0,0,0,1
841781,174856,-1014038,2599,1265843,261631,-1526637,837,0
9777,-6229,-3547,1,27936,-17799,-10136,1,1
510919,-991288,481018,649,838309,-1633678,794948,-421,0
-143006,-838532,982836,1298,-218481,-1292866,1511345,-2,0
351663,-133255,-216459,1949,1617129,-610194,-1006936,-1,0
7527,1804,-9331,0,21507,5154,-26661,0,1
1023138,-274311,-749479,-652,1577538,-423554,-1154404,-420,0
-685776,193707,494018,1949,-1583195,447014,1137017,836,0
0,61237,-61237,0,0,97979,-97979,0,1
-22,132,-109,1,-2555,15249,-12694,0,1
41562,-70323,28760,-1,66500,-112517,46016,-1,1
-5500,1606,3893,-1,-15882,4639,11243,0,1
-459568,-618174,1081640,3898,-693565,-933830,1627812,417,0
0,0,0,0,0,0,0,0,1
-63003,3700,59302,-1,-100805,5921,94884,0,1
24700,927584,-951636,648,37914,1395925,-1432794,1045,0
0,0,0,0,0,0,0,0,1
854131,154055,-1005588,2598,1286162,228953,-1514697,418,0
841131,-875583,36401,1949,1383567,-1443896,59699,-630,0
-194500,219631,-25130,1,-251707,284228,-32521,0,1
0,0,0,0,0,0,0,0,1
-787830,-219059,1011437,4548,-1213266,-339975,1553449,208,0
969186,-915235,-52002,1949,1452274,-1373932,-78972,-630,0
638323,-975687,339312,1948,1049039,-1609170,559501,-630,0
0,0,0,0,0,0,0,0,1
325012,-286011,-38352,649,1496891,-1314651,-183080,-840,0
213858,135855,-349714,-1,985359,635749,-1620481,627,0
975686,-94904,-878183,2599,1481600,-145793,-1335389,418,0
-707227,347113,362713,2599,-1632421,801442,832444,1465,0
541,-1402,860,-1,6250,-16194,9943,-1,1
-522,73,448,-1,-15090,2132,12958,0,1
-47452,326312,-277561,1299,-223927,1513859,-1288676,1256,0
0,0,0,0,0,0,0,0,1
-139,50,88,-1,-16133,5853,10279,-1,1
-776,8935,-8158,1,-2219,25528,-23309,0,1
455017,532369,-988688,-1302,752006,879785,-1631374,417,0
-656525,554470,103353,1298,-1516164,1283229,234190,1255,0
52,547,-599,0,98,1037,-1136,-1,1
334112,-1063440,731277,1949,499801,-1597020,1096798,-421,0
182813,-226626,43812,-1,236582,-293281,56698,-1,1
-8820,518,8302,0,-25201,1480,23721,0,1
915234,-135856,-781330,-1952,1513859,-226440,-1287420,-1,0
1019238,-186557,-830732,1949,1535015,-284255,-1250552,208,0
-9777,6229,3547,-1,-27936,17799,10136,-1,1
-1056290,432266,626623,2599,-1623833,663818,960851,836,0
0,-1224,1224,0,0,-14145,14145,0,1
1054989,-707227,-347764,-2,1602884,-1073967,-529338,-421,0
122204,-125455,5850,2599,1391317,-1436774,44827,-630,0
-112455,128054,-13001,2598,-1320097,1493330,-171978,1255,0
-391965,1071240,-678626,649,-591551,1615034,-1022227,1256,0
-260660,-304212,565521,649,-752426,-879367,1631792,-1,0
-155,-482,637,0,-293,-912,1206,1,1
0,0,0,0,0,0,0,0,1
-375715,1056939,-681226,-2,-573118,1611682,-1037728,836,0
100,36,-136,0,11550,4227,-15777,0,1
482318,-499869,17550,-1,1387337,-1440335,52787,-211,0
30000,30000,30000,90000,60000,60000,60000,180000,1
137155,-31202,-104004,1949,1554077,-342698,-1211591,-212,0
9777,-6229,-3547,1,27936,-17799,-10136,1,1
-42252,-95554,140405,2599,-508600,-1090096,1598276,-420,0
458917,622073,-1079041,1949,691259,936342,-1626765,836,0
-39002,506368,-468668,-1302,-114163,1468822,-1353613,1046,0
577871,-1060190,486218,3899,885022,-1632212,746560,-630,0
-1065390,356863,712426,3899,-1603304,534993,1069358,1047,0
-525220,1072540,-544721,2599,-801234,1633886,-831188,1464,0
30000,30000,30000,90000,60000,60000,60000,180000,1
568771,-1088791,522619,2599,849830,-1633469,783427,-212,0
505718,-35752,-471918,-1952,1461071,-98662,-1362201,208,0
36946,33740,-70686,0,59113,53984,-113098,-1,1
-504419,1058889,-553171,1299,-778401,1633468,-853811,1256,0
-437467,-639624,1082290,5199,-659839,-964203,1623622,-420,0
597372,27301,-624024,649,1381262,64517,-1445362,417,0
-443,-4661,5105,1,-1281,-13461,14742,0,1
-565522,247659,317211,-652,-1629070,715977,913719,626,0
127404,-120255,-6501,648,1453321,-1372256,-81695,-630,0
0,0,0,0,0,0,0,0,1
213207,135855,-349064,-2,982845,638472,-1620900,417,0
-57203,-889234,947735,1298,-87979,-1368695,1456463,-211,0
-1084891,618823,468017,1949,-1627394,927754,700895,1255,0
254,404,-658,0,481,766,-1247,0,1
904833,68902,-970487,3248,1361572,100965,-1461701,836,0
-524570,1082290,-557721,-1,-790969,1633468,-841662,837,0
236608,713076,-950986,-1302,392970,1177027,-1569160,837,0
661724,402365,-1063440,649,1006516,611241,-1616920,837,0
-254160,-86454,341912,1298,-1174723,-395066,1569997,208,0
33,102,-135,0,3813,11848,-15661,0,1
30000,30000,30000,90000,60000,60000,60000,180000,1
-986737,109204,884033,6500,-1487466,160875,1327637,1046,0
1032888,-261310,-770929,649,1570835,-398418,-1172419,-2,0
30000,30000,30000,90000,60000,60000,60000,180000,1
1006237,-174857,-828782,2598,1529150,-267707,-1261236,207,0
2310,-9491,7180,-1,6602,-27119,20516,-1,1
-507670,987386,-481019,-1303,-839567,1633886,-792855,1464,0
9414,-2058,-7356,0,26899,-5880,-21019,0,1
365313,-557721,193057,649,1051343,-1608751,556778,-630,0
0,-208206,208206,0,0,-269443,269443,0,1
0,0,0,0,0,0,0,0,1
1060839,-329563,-729978,1298,1595553,-496660,-1099104,-211,0
-141313,-97786,239099,0,-182875,-126546,309422,1,1
-139756,79302,62402,1948,-1627603,928173,700686,1256,0
-59803,-272361,334112,1948,-283836,-1251181,1535015,-2,0
354263,-159906,-193058,1299,1630325,-732317,-898638,-630,0
-504,29,474,-1,-14553,854,13698,-1,1
703326,249609,-954886,-1951,1163411,410985,-1574188,208,0
295,269,-565,-1,8534,7793,-16328,-1,1
-277561,701376,-421216,2599,-643920,1622575,-977400,1255,0
-205,650,-444,1,-388,1231,-842,1,1
5500,-3893,-1606,1,15882,-11243,-4639,0,1
-74292,235162,-160869,1,-96143,304328,-208184,1,1
-566822,-82554,651974,2598,-1307529,-192715,1501081,837,0
1074490,-495969,-576572,1949,1631582,-754940,-877063,-421,0
348413,-228809,-120255,-651,1608331,-1049040,-559921,-630,0
-725428,-321113,1051739,5198,-1104131,-490167,1594715,417,0
-1038739,711126,328912,1299,-1596601,1094913,503153,1465,0
0,0,0,0,0,0,0,0,1
-534971,-547321,1086190,3898,-806889,-826370,1633468,209,0
624673,-27952,-598023,-1302,1444523,-62633,-1381682,208,0
110,1165,-1276,-1,1281,13461,-14742,0,1
214508,-560972,347763,1299,614173,-1618177,1003793,-211,0
-595423,1080990,-485569,-2,-897172,1630954,-732526,1256,0
-586972,-494669,1086190,4549,-885232,-745933,1631373,208,0
75402,-143006,68902,1298,849411,-1633469,783218,-840,0
30000,30000,30000,90000,60000,60000,60000,180000,1
-757929,-171607,931484,1948,-1249505,-285721,1535644,418,0
-845032,995187,-147556,2599,-1285953,1515325,-227697,1675,0
55252,-141706,88403,1949,619829,-1618805,998556,-420,0
-957486,874282,84503,1299,-1473431,1347118,127778,1465,0
975036,-77353,-898334,-651,1469869,-118143,-1351518,208,0
850231,-999088,151455,2598,1286371,-1515535,229163,-1,0
-841132,-135206,982186,5848,-1295799,-212196,1508622,627,0
-882084,-106604,992587,3899,-1325544,-162761,1488931,626,0
460217,53952,-515470,-1301,1328475,158989,-1486838,626,0
-524570,77352,447866,648,-1511555,221203,1291189,837,0
-458268,-597373,1060189,4548,-706761,-921890,1628650,-1,0
-219059,-341263,562271,1949,-632189,-988293,1620480,-2,0
-798880,-232709,1036788,5199,-1204259,-352753,1557638,626,0
0,0,0,0,0,0,0,0,1
-872333,958135,-83204,2598,-1342930,1476782,-132387,1465,0
380914,-1061490,684475,3899,573745,-1611683,1038146,208,0
979586,-874933,-104004,649,1487465,-1328476,-159200,-211,0
2310,-9491,7180,-1,6602,-27119,20516,-1,1
319161,-26001,-291861,1299,1467565,-113744,-1354241,-420,0
-256110,-785230,1044589,3249,-384383,-1182683,1567065,-1,0
34451,-136506,105303,3248,374327,-1564343,1189595,-421,0
-5547,-58274,63822,1,-8876,-93239,102115,0,1
-118305,661724,-542771,648,-276714,1532921,-1255370,837,0
0,0,0,0,0,0,0,0,1
-599973,-455018,1059539,4548,-924403,-703619,1628231,209,0
-369864,1066689,-695527,1298,-558874,1609169,-1049459,836,0
4576,591,-5167,0,13214,1707,-14922,-1,1
608422,-618824,11700,1298,1401791,-1427138,24927,-420,0
-126,7,118,-1,-14553,854,13698,-1,1
299011,753378,-1051740,649,451413,1134504,-1584661,1256,0
312011,656524,-969837,-1302,516978,1083392,-1599953,417,0
219058,341262,-561622,-1302,632188,988292,-1620062,418,0
-132,542,-410,0,-3813,15661,-11848,0,1
126,-118,-7,1,14553,-13698,-854,1,1
-1301,-940586,943835,1948,-2095,-1413732,1415825,-2,0
-796930,-234659,1037438,5849,-1202164,-355895,1558686,627,0
566171,-1088791,525219,2599,845641,-1633678,787617,-420,0
109204,-133255,27301,3250,1241754,-1540253,297870,-629,0
93603,46151,-137806,1948,1061607,544210,-1605399,418,0
534320,549270,-1083591,-1,807936,825950,-1633050,836,0
534320,551220,-1083591,1949,805213,828673,-1632840,1046,0
311361,657174,-969187,-652,515931,1084230,-1599743,418,0
-505069,678625,-171607,1949,-1169068,1572720,-402398,1254,0
768978,280810,-1049140,648,1157546,419364,-1576282,628,0
-976337,875582,105303,4548,-1485581,1330570,156266,1255,0
828131,196957,-1023139,1949,1245315,293052,-1537530,837,0
38351,-955536,921734,4549,54462,-1441592,1386918,-212,0
4576,591,-5167,0,13214,1707,-14922,-1,1
798229,-908735,111154,648,1313393,-1497730,183917,-420,0
-642,1412,-770,0,-7415,16311,-8896,0,1
-120,-3,124,1,-13927,-427,14354,0,1
1260,-74,-1186,0,14553,-854,-13698,1,1
213207,135855,-349064,-2,982217,639520,-1620900,837,0
-81904,139105,-56553,648,-954358,1625717,-670104,1255,0
8820,-8302,-518,0,25201,-23721,-1480,0,1
432916,96853,-531070,-1301,1251180,283835,-1534807,208,0
614,-527,-86,1,1162,-998,-164,0,1
-129355,17550,114404,2599,-1510089,217432,1293284,627,0
1060839,-328913,-730628,1298,1595553,-496241,-1099732,-420,0
1076440,-410166,-664325,1949,1618176,-619411,-999185,-420,0
758578,170306,-929535,-651,1253275,280693,-1533341,627,0
878832,-835932,-42902,-2,1448084,-1378331,-70174,-421,0
482318,-499869,17550,-1,1387756,-1439916,51949,-211,0
-709177,-356214,1071240,5849,-1066007,-538555,1604770,208,0
30000,30000,30000,90000,60000,60000,60000,180000,1
658474,417315,-1075791,-2,991434,628627,-1619643,418,0
107,25,-133,-1,12420,2976,-15397,-1,1
30000,30000,30000,90000,60000,60000,60000,180000,1
-73,141,-67,1,-8534,16328,-7793,1,1
141705,-52652,-88404,649,1613568,-588200,-1025579,-211,0
-57206,64597,-7391,0,-91529,103355,-11826,0,1
731927,300311,-1029639,2599,1126334,461049,-1587175,208,0
-85804,-811231,897033,-2,-140557,-1339369,1479715,-211,0
-8440,8699,-259,0,-24116,24856,-740,0,1
-932135,29901,906133,3899,-1435307,43779,1392155,627,0
-427066,533019,-105954,-1,-1234423,1543813,-307925,1465,0
282110,-703327,424465,3248,645594,-1622576,976352,-630,0
33,102,-135,0,3813,11848,-15661,0,1
-686426,194357,493368,1299,-1583614,448690,1135760,836,0
566171,83203,-648725,649,1307737,193343,-1500872,208,0
-5040,296,4744,0,-14553,854,13698,-1,1
-139756,79302,62402,1948,-1627184,930896,697125,837,0
0,0,0,0,0,0,0,0,1
0,0,0,0,0,0,0,0,1
-3999,5464,-1464,1,-11549,15777,-4227,1,1
-512870,-570072,1086840,3898,-773164,-859257,1632630,209,0
30000,30000,30000,90000,60000,60000,60000,180000,1
-707227,1036138,-326963,1948,-1090934,1598905,-506505,1466,0
-420566,700726,-278211,1949,-974048,1623203,-647900,1255,0
918,-1390,472,0,10608,-16060,5452,0,1
300961,-967237,668225,1949,492679,-1595344,1101826,-839,0
287960,752078,-1038089,1949,437797,1144349,-1581310,836,0
529769,-1084891,559020,3898,793482,-1633678,840194,-2,0
-182813,-43812,226626,1,-236582,-56698,293281,1,1
0,208206,-208206,0,0,269443,-269443,0,1
-99,136,-36,1,-11549,15777,-4227,1,1
-313312,-391965,707226,1949,-722681,-907017,1629906,208,0
111154,-967887,859982,3249,168834,-1491656,1322820,-2,0
63003,-59302,-3700,1,100805,-94884,-5921,0,1
492068,190457,-684476,-1951,1139112,443872,-1582986,-2,0
-71503,139755,-66303,1949,-847318,1633468,-785314,836,0
204988,6293,-211281,0,265279,8144,-273423,0,1
-154056,351013,-195658,1299,-715140,1629697,-913720,837,0
484268,11050,-497269,-1951,1395716,36448,-1432165,-1,0
-138456,88403,52001,1948,-1612312,1030186,583171,1045,0
67249,-14701,-52548,0,107599,-23522,-84077,0,1
25350,-930185,907433,2598,37286,-1433213,1395716,-211,0
827481,-991288,167056,3249,1269404,-1525171,255347,-420,0
587622,497268,-1082941,1949,885441,746141,-1631164,418,0
-1051740,764428,289260,1948,-1579425,1149167,431513,1255,0
256759,-565522,310061,1298,735249,-1631374,895495,-630,0
-9751,-117005,129354,2598,-129664,-1345653,1474478,-839,0
-729978,-299662,1033538,3898,-1124031,-463983,1588012,-2,0
-403666,-142356,546670,648,-1164459,-409520,1574187,208,0
976336,-631824,-344513,-1,1609588,-1042756,-567671,-839,0
-432267,-100104,532369,-2,-1247201,-288863,1536901,837,0
674725,400415,-1071891,3249,1015523,600139,-1615454,208,0
986736,-432267,-555771,-1302,1628859,-714093,-914977,-211,0
1067339,-418616,-647425,1298,1620690,-636797,-984103,-210,0
-66953,887283,-821631,-1301,-109974,1466727,-1356127,626,0
-739728,-313962,1058889,5199,-1115652,-475085,1590945,208,0
1056289,-311362,-746878,-1951,1588850,-467544,-1121727,-421,0
194500,-219631,25130,-1,251707,-284228,32521,0,1
335412,-1064090,730627,1949,501268,-1597649,1095751,-630,0
537570,-424466,-112455,649,1549259,-1222483,-327197,-421,0
0,0,0,0,0,0,0,0,1
297711,-1043290,749478,3899,447014,-1584661,1137227,-420,0
-440717,985436,-546021,-1302,-728547,1630744,-901571,626,0
-140406,-211258,352963,1299,-650204,-972792,1622784,-212,0
-92304,-436817,529119,-2,-267916,-1261654,1529360,-210,0
92003,-238359,146356,0,119063,-308465,189402,0,1
-551221,165106,387414,1299,-1590317,475502,1115651,836,0
-348414,224908,123504,-2,-1608541,1047782,561805,1046,0
-919135,138455,781329,649,-1514279,228115,1286581,417,0
-92304,-436817,529119,-2,-267288,-1261864,1529150,-2,0
125617,114716,-240333,0,162563,148456,-311020,-1,1
-281461,325012,-40952,2599,-1304387,1503594,-198371,836,0
127404,-120255,-5851,1298,1453949,-1371418,-83580,-1049,0
-5547,-58274,63822,1,-8876,-93239,102115,0,1
-88,528,-439,1,-2555,15249,-12694,0,1
-54,-86,140,0,-6250,-9943,16194,1,1
237456,-151298,-86157,1,307296,-195798,-111497,1,1
0,4898,-4898,0,0,14145,-14145,0,1
504,-29,-474,1,14553,-854,-13698,1,1
551220,-1086841,539520,3899,824275,-1633887,809192,-420,0
57206,-64597,7391,0,91529,-103355,11826,0,1
1084240,-618174,-463468,2598,1627812,-930059,-697963,-210,0
-1054990,705276,352963,3249,-1603095,1070614,533526,1045,0
794329,-1027039,235308,2598,1202373,-1559106,356941,208,0
301,-663,362,0,571,-1256,685,0,1
-946436,217108,729977,649,-1558058,356103,1202792,837,0
-390,-270,661,1,-739,-511,1251,1,1
101403,-137806,38351,1948,1152728,-1578796,425439,-629,0
295,269,-565,-1,8534,7793,-16328,-1,1
-709177,-356864,1071240,5199,-1064960,-540021,1605189,208,0
18862,-216996,198133,-1,24410,-280818,256407,-1,1
-134556,29901,107254,2599,-1553659,342697,1212008,1046,0
-656525,-416666,1079690,6499,-989340,-630723,1620271,208,0
-637024,1080340,-442667,649,-957500,1625298,-666752,1046,0
-5040,4744,296,0,-14553,13698,854,-1,1
-1375,973,401,-1,-15882,11243,4639,0,1
-521320,451116,70202,-2,-1503595,1304176,200465,1046,0
-430,-103,533,0,-12420,-2976,15397,1,1
-215159,1017288,-802131,-2,-327197,1549888,-1221645,1046,0
-520020,-551871,1077090,5199,-791388,-841871,1633258,-1,0
-245710,341262,-95554,-2,-1134714,1585079,-449110,1255,0
-9777,3547,6229,-1,-27936,10136,17799,-1,1
8820,-518,-8302,0,25201,-1480,-23721,0,1
-189158,-164457,355563,1948,-877063,-754731,1631792,-2,0
-349714,130654,221008,1948,-1616501,608727,1008192,418,0
-174,553,-378,1,-5047,15977,-10929,1,1
1081640,-635724,-444617,1299,1624879,-956662,-668637,-420,0
750778,-936686,186556,648,1234003,-1544024,309600,-421,0
254,-658,404,0,481,-1247,766,0,1
-54,140,-86,0,-6250,16194,-9943,1,1
143655,-72153,-68253,3249,1633049,-820924,-812336,-211,0
-2310,9491,-7180,1,-6602,27119,-20516,1,1
-301,663,-362,0,-571,1256,-685,0,1
53768,12885,-66654,-1,86030,20617,-106647,0,1
-16507,67798,-51291,0,-26411,108478,-82066,1,1
-43,138,-94,1,-5047,15977,-10929,1,1
1038088,-766379,-269111,2598,1574606,-1163412,-411195,-1,0
22750,108554,-130655,649,260374,1266681,-1526218,837,0
-8820,518,8302,0,-25201,1480,23721,0,1
0,0,0,0,0,0,0,0,1
995187,-876883,-116355,1949,1494168,-1318422,-176377,-631,0
57206,-64597,7391,0,91529,-103355,11826,0,1
-470,642,-172,0,-890,1215,-325,0,1
109146,-240086,130940,0,141248,-310700,169451,-1,1
-445267,1077090,-630524,1299,-672827,1625926,-951844,1255,0
-253510,562921,-309412,-1,-733574,1631373,-896334,1465,0
-918,1390,-472,0,-10608,16060,-5452,0,1
48101,-951636,908734,5199,68916,-1448085,1379168,-1,0
-140406,-211258,352963,1299,-650832,-972163,1622575,-420,0
1074490,-494019,-578522,1949,1631582,-751798,-879786,-2,0
-301,663,-362,0,-571,1256,-685,0,1
-91004,-46802,140405,2599,-1066007,-538345,1604560,208,0
1056289,-309412,-746878,-1,1588640,-465868,-1122984,-212,0
4550,937985,-943836,-1301,8169,1411008,-1418131,1046,0
-559671,205407,354913,649,-1613988,591760,1022645,417,0
-664975,1060189,-393265,1949,-1014058,1616291,-600768,1465,0
1041989,-356214,-685776,-1,1606446,-549657,-1057000,-211,0
-788480,-217759,1010787,4548,-1215152,-337042,1552611,417,0
-633774,587622,47451,1299,-1463167,1360106,104317,1256,0
443,4661,-5105,-1,1281,13461,-14742,0,1
-872333,957485,-84504,648,-1342720,1476782,-132806,1256,0
443,-5105,4661,-1,1281,-14742,13461,0,1
-237456,86157,151298,-1,-307296,111497,195798,-1,1
-1027039,278210,749478,649,-1578168,427114,1152099,1045,0
-21850,-47314,69165,1,-34961,-75703,110664,0,1
169999,-232224,62224,-1,219999,-300525,80525,-1,1
-229459,1032888,-801481,1948,-346678,1556172,-1208239,1255,0
338662,-79953,-257410,1299,1561409,-366159,-1195252,-2,0
334762,225558,-562272,-1952,967554,655649,-1622995,208,0
-541471,663024,-118955,2598,-1252647,1534177,-280275,1255,0
-559671,206057,354263,649,-1614197,593855,1020969,627,0
0,0,0,0,0,0,0,0,1
266509,-337363,72152,1298,1221435,-1550517,328243,-839,0
1059539,-506369,-553171,-1,1632420,-781543,-851297,-420,0
234658,111154,-344513,1299,1082135,518235,-1600372,-2,0
1060839,-505069,-553821,1949,1632420,-780077,-852973,-630,0
339312,-80604,-257410,1298,1561618,-366578,-1194833,207,0
-1066040,418615,650674,3249,-1620272,635959,985359,1046,0
482318,-499219,16900,-1,1389013,-1438868,49016,-839,0
-88404,-807981,898333,1948,-146212,-1336227,1482019,-420,0
685125,-193058,-492719,-652,1582566,-442826,-1139951,-211,0
-48102,951635,-903534,-1,-73316,1450388,-1376027,1045,0
-542771,662374,-117655,1948,-1254323,1533340,-277971,1046,0
238558,711126,-951636,-1952,396112,1174722,-1570208,626,0
-5201,-302912,311361,3248,-30584,-1399278,1429651,-211,0
1067990,-638324,-428367,1299,1622994,-971325,-651461,208,0
-637674,972436,-336713,-1951,-1050925,1609169,-556988,1256,0
713076,-1039389,328262,1949,1093028,-1598068,504619,-421,0
898983,-963987,68252,3248,1360944,-1463167,102013,-210,0
101403,-137156,37701,1948,1151680,-1579215,427114,-421,0
-9145,7853,1292,0,-26131,22439,3691,-1,1
-65328,9229,56098,-1,-104525,14767,89757,-1,1
597372,27301,-624674,-1,1381472,64098,-1444943,627,0
-47452,-912635,963986,3899,-73944,-1376446,1450388,-2,0
221,-1320,1099,0,2555,-15249,12694,0,1
211257,-1025739,819030,4548,313161,-1545281,1232118,-2,0
284060,-326313,44201,1948,1305852,-1502967,196904,-211,0
5500,-3893,-1606,1,15882,-11243,-4639,0,1
155,482,-637,0,293,912,-1206,-1,1
-648075,-322413,973086,2598,-1069987,-533737,1603722,-2,0
273010,56552,-330213,-651,1259978,270429,-1529570,837,0
690975,-481019,-209308,648,1592830,-1108530,-484930,-630,0
898333,-963987,67602,1948,1360944,-1462958,101803,-211,0
35101,-135856,104653,3898,375584,-1564761,1188757,-420,0
-831,-575,1406,0,-9600,-6643,16244,1,1
-442017,986086,-545371,-1302,-730432,1630744,-899686,626,0
-1034189,810580,224908,1299,-1551355,1217874,334737,1256,0
1056289,-751429,-302912,1948,1586336,-1130106,-456651,-421,0
797579,-909385,113104,1298,1311089,-1499197,187897,-211,0
-332,562,-230,0,-9600,16244,-6643,1,1
521969,553820,-1073191,2598,792016,841661,-1632631,1046,0
-364014,555770,-191108,648,-1051972,1608750,-555732,1046,0
649374,-86454,-564872,-1952,1502338,-197114,-1305644,-420,0
-10401,-117655,130004,1948,-130921,-1344606,1475735,208,0
-705277,297061,409515,1299,-1626137,686023,940951,837,0
-230759,1032888,-800831,1298,-348773,1556801,-1207192,836,0
0,0,0,0,0,0,0,0,1
55252,888583,-944486,-651,85255,1370579,-1454788,1046,0
-1031589,261959,776129,6499,-1569579,395065,1175351,837,0
0,0,0,0,0,0,0,0,1
-888584,-74103,969186,6499,-1352775,-115001,1468613,837,0
1017938,-187208,-830082,648,1535644,-285512,-1249715,417,0
669525,-138456,-529770,1299,1546746,-319237,-1227301,208,0
911984,-792380,-119605,-1,1501919,-1306482,-195857,-420,0
795629,-1038089,245059,2599,1193994,-1562667,368462,-211,0
1073190,-389365,-683176,649,1613358,-586943,-1026626,-211,0
390,270,-661,-1,739,511,-1251,-1,1
-956836,874932,84503,2599,-1472593,1348166,125683,1256,0
0,0,0,0,0,0,0,0,1
-4823,4971,-148,0,-13927,14354,-427,0,1
983486,-889234,-92954,1298,1478877,-1340207,-139300,-630,0
174,-553,378,-1,5047,-15977,10929,-1,1
-1260,74,1186,0,-14553,854,13698,-1,1
49401,584371,-633124,648,111858,1355916,-1466728,1046,0
142355,-53302,-87104,1949,1613987,-592389,-1022018,-420,0
78002,-338013,262609,2598,353589,-1558058,1204049,-420,0
1052389,-648725,-402366,1298,1618176,-999185,-619411,-420,0
523269,-450467,-70853,1949,1505899,-1300616,-206122,-839,0
0,0,0,0,0,0,0,0,1
736477,-1049790,317211,3898,1112718,-1592412,479692,-2,0
940585,-741028,-199558,-1,1549469,-1222064,-327825,-420,0
946435,-935386,-8451,2598,1421691,-1408076,-13826,-211,0
237456,-151298,-86157,1,307296,-195798,-111497,1,1
137,-40,-97,0,15882,-4639,-11243,0,1
30000,30000,30000,90000,60000,60000,60000,180000,1
-537571,422515,114404,-652,-1548632,1223529,326148,1045,0
0,0,0,0,0,0,0,0,1
0,0,0,0,0,0,0,0,1
-4301,-1030,5332,1,-12420,-2976,15397,1,1
162506,763778,-926285,-1,269172,1261025,-1529570,627,0
-141706,-211258,353613,649,-653136,-970069,1622784,-421,0
647424,325012,-971787,649,1069986,533526,-1603095,417,0
1033538,-228159,-804731,648,1555125,-345421,-1209705,-1,0
-1064740,355563,713076,3899,-1602885,532270,1071662,1047,0
-323713,282760,42251,1298,-1498778,1311299,188525,1046,0
44851,-139756,97503,2598,497288,-1596392,1098474,-630,0
-132605,105303,30551,3249,-1551355,1217455,335156,1256,0
-457,516,-59,0,-13214,14922,-1707,1,1
0,0,0,0,0,0,0,0,1
-469,642,-172,1,-889,1215,-325,1,1
0,0,0,0,0,0,0,0,1
108554,24700,-131305,1949,1242801,296822,-1538787,836,0
522,-73,-448,1,15090,-2132,-12958,0,1
577871,-987387,409515,-1,949330,-1626137,676387,-420,0
482,-497,14,-1,13927,-14354,427,0,1
-237909,-712427,952285,1949,-392762,-1176818,1569578,-2,0
986086,-100754,-884034,1298,1485370,-153963,-1330780,627,0
-69553,887933,-819681,-1301,-114582,1469031,-1353404,1045,0
646,-457,-188,1,1223,-866,-357,0,1
-100754,342562,-240510,1298,-473409,1590945,-1116699,837,0
-69840,25340,44499,-1,-111744,40544,71199,-1,1
1076440,-410166,-665625,649,1618176,-618154,-999814,208,0
204757,-352964,151455,3248,935086,-1627813,692097,-630,0
-790430,1037438,-245060,1948,-1190224,1563923,-372233,1466,0
-973737,95553,883383,5199,-1479297,141603,1338739,1045,0
-4576,-591,5167,0,-13214,-1707,14922,1,1
-978287,629223,349063,-1,-1611055,1038565,573326,836,0
564221,-324363,-239859,-1,1626974,-934668,-692936,-630,0
-46802,-913285,963986,3899,-73106,-1376864,1449760,-210,0
-276261,700726,-421866,2599,-641615,1622365,-979704,1046,0
-463468,692925,-227509,1948,-1072710,1603722,-529966,1046,0
-455668,-532370,988687,649,-752426,-879367,1631792,-1,0
826830,-1028339,204757,3248,1236307,-1543186,306668,-211,0
505068,-33152,-473218,-1302,1457929,-91959,-1366181,-211,0
-1005588,177456,832681,4549,-1528942,268334,1261444,836,0
-878833,833981,44851,-1,-1448714,1377911,71849,1046,0
484918,11050,-497269,-1301,1396763,34353,-1431118,-2,0
0,0,0,0,0,0,0,0,1
222115,-31380,-190735,0,287443,-40610,-246833,0,1
9100,851531,-861283,-652,14872,1407656,-1421901,627,0
-134556,29901,107254,2599,-1554497,345420,1209914,837,0
11700,-128055,118304,1949,121284,-1471756,1350051,-421,0
350363,-228809,-119605,1949,1608331,-1049249,-559921,-839,0
969186,-114405,-854132,649,1494378,-177424,-1317165,-211,0
-848932,-15601,867132,2599,-1400116,-27651,1428184,417,0
-599973,-24051,627273,3249,-1383358,-59072,1443057,627,0
294461,-566172,273010,1299,846060,-1633469,786988,-421,0
1044589,-271061,-773529,-1,1574187,-410357,-1163831,-1,0
-431,-221,653,1,-817,-420,1237,0,1
167056,185906,-351664,1298,766251,866379,-1632002,628,0
-131305,988037,-855433,1299,-201094,1504851,-1302502,1255,0
0,0,0,0,0,0,0,0,1
30000,30000,30000,90000,60000,60000,60000,180000,1
228649,-49985,-178664,0,295899,-64686,-231212,1,1
85153,-142356,60452,3249,953938,-1625509,670731,-840,0
-431,-221,653,1,-817,-420,1237,0,1
-61103,-271711,334112,1298,-286350,-1249505,1536063,208,0
3788,6026,-9814,0,10823,17218,-28042,-1,1
567471,-287961,-280161,-651,1633049,-826580,-806889,-420,0
-558371,356863,200857,-651,-1611893,1033747,578982,836,0
101403,-137156,39001,3248,1150005,-1580053,429628,-420,0
-295,-269,565,1,-8534,-7793,16328,1,1
-133906,-862583,1001037,4548,-202980,-1302292,1505270,-2,0
30000,30000,30000,90000,60000,60000,60000,180000,1
139,-50,-88,1,16133,-5853,-10279,1,1
135205,-989988,859982,5199,200255,-1504433,1304176,-2,0
56124,-230515,174391,0,72631,-298314,225683,0,1
-323063,284060,40951,1948,-1496054,1315488,181612,1046,0
-2164,-3443,5608,1,-6250,-9943,16194,1,1
-966587,913284,54602,1299,-1451437,1374140,78552,1255,0
1084890,-487519,-596073,1298,1630325,-734621,-896125,-421,0
119604,-663675,546020,1949,273152,-1531455,1258092,-211,0
1043939,-780030,-261310,2599,1569578,-1175771,-394228,-421,0
190457,-998438,810580,2599,291585,-1537949,1246153,-211,0
-646,188,457,-1,-1223,357,866,0,1
825530,-992588,169006,1948,1267309,-1526637,258698,-630,0
-738,1413,-674,1,-8534,16328,-7793,1,1
-967237,293160,675375,1298,-1591993,481368,1111252,627,0
-2568,-3080,5649,1,-7415,-8896,16311,0,1
-91004,-47452,140405,1949,-1062446,-542954,1605398,-2,0
254159,-1043290,791079,1948,378936,-1565809,1186662,-211,0
30000,30000,30000,90000,60000,60000,60000,180000,1
1082940,-508320,-573972,648,1632211,-768556,-864075,-420,0
-790430,1022488,-231409,649,-1202583,1558686,-354638,1465,0
-698127,245709,453716,1298,-1609170,565785,1044011,626,0
-979587,365963,615573,1949,-1615454,602024,1014266,836,0
125617,-240333,114716,0,162563,-311020,148456,-1,1
-174,-378,553,1,-5047,-10929,15977,1,1
900933,-975037,76702,2598,1354031,-1468614,114162,-421,0
-205408,-807981,1019238,5849,-314838,-1230862,1545908,208,0
537,69,-607,-1,1018,131,-1149,0,1
967886,-56553,-910035,1298,1456254,-87141,-1368486,627,0
30000,30000,30000,90000,60000,60000,60000,180000,1
-344513,104653,241159,1299,-1593459,488280,1105596,417,0
-1067340,423165,647424,3249,-1620900,641195,980960,1255,0
-776,8935,-8158,1,-2219,25528,-23309,0,1
1042639,-356864,-685126,649,1606655,-550914,-1055952,-211,0
194500,-219631,25130,-1,251707,-284228,32521,0,1
109146,130940,-240086,0,141248,169451,-310700,-1,1
-422516,700726,-276261,1949,-978657,1622365,-642453,1255,0
365963,-557721,193707,1949,1050505,-1608960,557825,-630,0
-918,1390,-472,0,-10608,16060,-5452,0,1
0,575,-575,0,0,1090,-1090,0,1
-312012,1055639,-742328,1299,-470267,1590316,-1119004,1045,0
50000,18301,-68301,0,80000,29282,-109282,0,1
130,-18,-112,0,15090,-2132,-12958,0,1
-1062790,721527,345162,3899,-1599534,1084440,516350,1256,0
-420566,-656525,1080340,3249,-632608,-987874,1620690,208,0
5587,-3559,-2027,1,16133,-10279,-5853,1,1
1344,-1050,-294,0,15534,-12138,-3396,0,1
579171,-644175,66952,1948,1332246,-1484743,152077,-420,0
533019,-1075791,546670,3898,804584,-1633678,829511,417,0
-822931,989987,-164457,2599,-1267729,1526217,-256814,1674,0
103,516,-620,-1,196,978,-1175,-1,1
223608,-947086,725427,1949,366577,-1562248,1195041,-630,0
-420566,700726,-278211,1949,-974048,1622994,-647900,1046,0
87753,-527820,442016,1949,246339,-1521820,1275269,-212,0
-846982,1009487,-159906,2599,-1275689,1521190,-244036,1465,0
801480,233358,-1032239,2599,1207819,348353,-1555754,418,0
-840482,-136506,981536,4548,-1294961,-213453,1508831,417,0
5639,-2435,-3204,0,16283,-7032,-9251,0,1
-88,528,-439,1,-2555,15249,-12694,0,1
567471,-287961,-278861,649,1632839,-828465,-804795,-421,0
436816,642224,-1077741,1299,657534,966297,-1623204,627,0
336062,224908,-562272,-1302,971534,651669,-1622576,627,0
-371814,976986,-607773,-2601,-614174,1618176,-1003584,418,0
167056,-1014038,848931,1949,248853,-1522867,1273803,-211,0
33801,102053,-134556,1298,381659,1185196,-1565809,1046,0
-1088141,547320,543420,2599,-1632631,821132,812544,1045,0
0,4898,-4898,0,0,14145,-14145,0,1
-356864,-707877,1069290,4549,-538345,-1066635,1604770,-210,0
-223609,347113,-122855,649,-1037100,1611892,-574165,627,0
163156,762478,-926935,-1301,270848,1259978,-1530198,628,0
-1054340,705276,353613,4549,-1603095,1070405,534155,1465,0
1396,-506,-889,1,16133,-5853,-10279,1,1
-369864,-185907,556420,649,-1066007,-538555,1604770,208,0
222308,-946436,725427,1299,363225,-1560991,1197555,-211,0
-418616,-657825,1080990,4549,-630304,-989968,1620271,-1,0
266509,-337363,70852,-2,1223948,-1549051,324473,-630,0
-538871,120254,419265,648,-1555335,347096,1209076,837,0
36946,33740,-70686,0,59113,53984,-113098,-1,1
-327613,704626,-376365,648,-758292,1632630,-873083,1255,0
30000,30000,30000,90000,60000,60000,60000,180000,1
11,-127,116,0,1281,-14742,13461,0,1
527819,-1084241,560971,4549,790340,-1633469,843337,208,0
-5587,2027,3559,-1,-16133,5853,10279,-1,1
70492,-40050,-30441,1,112788,-64081,-48706,1,1
1080340,-634424,-445917,-1,1625089,-954568,-670732,-211,0
-523270,1082290,-558371,649,-789294,1633677,-843338,1045,0
402365,141705,-544721,-651,1163411,411194,-1574188,417,0
-221659,944485,-723478,-652,-367416,1562666,-1194204,1046,0
-390665,-592823,982836,-652,-641825,-980123,1621737,-211,0
7150,301611,-306162,2599,28697,1400534,-1428185,1046,0
-5547,-58274,63822,1,-8876,-93239,102115,0,1
1054339,-431617,-621424,1298,1624251,-666752,-957710,-211,0
-49999,68301,-18301,1,-79999,109282,-29282,1,1
18862,198133,-216996,-1,24410,256407,-280818,-1,1
-35102,-910685,950985,5198,-56349,-1385872,1442219,-2,0
90353,249609,-339963,-1,411404,1163830,-1574188,1046,0
-966587,913284,53952,649,-1451227,1374350,78342,1465,0
-549921,162506,389364,1949,-1589479,470056,1119840,417,0
-871683,958135,-85804,648,-1341883,1477620,-134272,1465,0
-986737,107904,884033,5200,-1486628,158570,1328685,627,0
1055639,-707227,-347114,1298,1602675,-1073967,-529547,-839,0
155,-637,482,0,293,-1206,912,-1,1
-68756,48674,20082,0,-110011,77878,32132,-1,1
354263,-159256,-193708,1299,1629906,-728965,-901361,-420,0
1034838,-810581,-222959,1298,1551983,-1217037,-335576,-630,0
537,-420,-117,0,15534,-12138,-3396,0,1
436816,641574,-1078391,-1,658582,965459,-1623414,627,0
-564872,245709,319811,648,-1628441,709693,919585,837,0
12350,-128705,118304,1949,126521,-1473641,1347118,-2,0
-1073841,570721,507018,3898,-1631793,867007,766251,1465,0
494018,189157,-684476,-1301,1141835,440311,-1582148,-2,0
-356864,-708527,1069290,3899,-536879,-1067683,1604351,-211,0
563,-243,-320,0,16283,-7032,-9251,0,1
343212,-248960,-93604,648,1580471,-1146445,-434866,-840,0
30000,30000,30000,90000,60000,60000,60000,180000,1
-69840,25340,44499,-1,-111744,40544,71199,-1,1
-5818,-4026,9845,1,-16625,-11504,28129,0,1
709826,-1040039,332162,1949,1088210,-1599534,510484,-840,0
607122,475817,-1080341,2598,915395,714301,-1628860,836,0
598672,26000,-623374,1298,1383148,60537,-1443686,-1,0
-1548,9241,-7693,0,-4424,26405,-21981,0,1
-133906,29901,106603,2598,-1554288,344163,1210752,627,0
-947736,20800,931484,4548,-1427557,28069,1400534,1046,0
589572,393914,-982187,1299,974257,648527,-1622157,627,0
130,-18,-112,0,15090,-2132,-12958,0,1
64,-141,77,0,7415,-16311,8896,0,1
-572022,-513520,1088790,3248,-859676,-772745,1632630,209,0
216,344,-560,0,6250,9943,-16194,-1,1
-884,-4396,5281,1,-2555,-12694,15249,0,1
254,404,-658,0,481,766,-1247,0,1
30000,30000,30000,90000,60000,60000,60000,180000,1
-112455,128054,-13651,1948,-1317584,1495006,-176167,1255,0
-1033539,810580,224258,1299,-1550936,1218293,334108,1465,0
665624,381564,-1047190,-2,1027254,585895,-1612940,209,0
-674076,-395865,1075140,5199,-1015734,-599721,1615662,207,0
-114,129,-14,1,-13214,14922,-1707,1,1
697476,-959436,263909,1949,1145187,-1581310,435703,-420,0
8440,-8699,259,0,24116,-24856,740,0,1
-87104,-253510,342562,1948,-406587,-1166973,1573139,-421,0
433566,98153,-531720,-1,1249085,286768,-1535645,208,0
-4301,-1030,5332,1,-12420,-2976,15397,1,1
139,-88,-50,1,16133,-10279,-5853,1,1
122204,-125455,6500,3249,1390479,-1437612,46712,-421,0
125617,-240333,114716,0,162563,-311020,148456,-1,1
450466,-1079691,633123,3898,673873,-1625927,952053,-1,0
300311,-967237,668225,1299,492470,-1595344,1102245,-629,0
345812,-107905,-237909,-2,1593877,-489957,-1104341,-421,0
-558371,357513,200857,-1,-1611683,1034166,578354,837,0
0,0,0,0,0,0,0,0,1
650,-122855,124154,1949,-6704,-1411637,1417711,-630,0
757928,171606,-930185,-651,1252437,281950,-1533760,627,0
0,0,0,0,0,0,0,0,1
-32502,134555,-101404,649,-378308,1565808,-1186663,837,0
-427066,1053689,-624674,1949,-659211,1624460,-964203,1046,0
-299012,963986,-667576,-2602,-493518,1595972,-1101408,1046,0
-178107,352313,-172257,1949,-830141,1633886,-802490,1255,0
-458918,-530420,989337,-1,-755359,-876434,1632001,208,0
-664975,1060839,-393265,2599,-1013848,1616291,-601397,1046,0
-1085541,472567,615573,2599,-1628232,709693,919585,1046,0
850881,-997788,150155,3248,1287419,-1514697,227068,-210,0
-5172,-4723,9896,1,-14778,-13496,28274,0,1
494018,592172,-1084891,1299,742999,888792,-1630745,1046,0
-323063,283410,42251,2598,-1496892,1314231,184126,1465,0
30000,30000,30000,90000,60000,60000,60000,180000,1
150155,-1005588,858682,3249,222878,-1513231,1289932,-421,0
-543421,662374,-116355,2598,-1256418,1532502,-274829,1255,0
280160,-702677,425765,3248,641614,-1622157,980122,-421,0
795629,-1026389,232708,1948,1204886,-1557849,352961,-2,0
-220359,-339963,562271,1949,-637845,-983475,1621109,-211,0
849581,-999088,152755,3248,1285533,-1515954,230210,-211,0
-988688,826830,165106,3248,-1522448,1273384,250319,1255,0
273660,-1023789,754028,3899,417688,-1576701,1158593,-420,0
-1032889,263909,774829,5849,-1570208,398207,1173047,1046,0
-427717,1053039,-624674,648,-658792,1624460,-964203,1465,0
-709827,-356864,1071240,4549,-1065798,-538974,1604979,207,0
565521,-248310,-317212,-1,1628859,-713674,-915396,-211,0
-88,528,-439,1,-2555,15249,-12694,0,1
-326313,704626,-377015,1298,-757035,1632630,-874339,1256,0
-1084891,490118,598022,3249,-1630117,735668,895495,1046,0
578521,-644175,67602,1948,1331198,-1485581,154171,-212,0
-353614,180706,172256,-652,-1632421,842080,791178,837,0
-943186,934735,11050,2599,-1420854,1407656,14453,1255,0
-48752,-911985,964636,3899,-75620,-1375398,1451226,208,0
131954,-113755,-16901,1298,1506946,-1298731,-208635,-420,0
136505,-990638,859332,5199,201931,-1505062,1303339,208,0
0,0,0,0,0,0,0,0,1
6429,-9733,3304,0,18369,-27810,9441,0,1
2568,-5649,3080,-1,7415,-16311,8896,0,1
-2164,5608,-3443,1,-6250,16194,-9943,1,1
0,0,0,0,0,0,0,0,1
256109,-565522,310711,1298,732735,-1630955,898009,-211,0
437466,640273,-1077741,-2,660257,963783,-1623623,417,0
122204,2600,-122855,1949,1394878,38542,-1433213,207,0
-602573,-451767,1059539,5199,-928383,-699430,1628231,418,0
0,0,0,0,0,0,0,0,1
54,86,-140,0,6250,9943,-16194,-1,1
918,-1390,472,0,10608,-16060,5452,0,1
325012,-286011,-38352,649,1496891,-1314861,-182451,-421,0
418615,660424,-1076441,2598,628837,991434,-1619643,628,0
926284,27301,-954236,-651,1394459,39380,-1433422,417,0
92003,146356,-238359,0,119063,189402,-308465,0,1
-5639,2435,3204,0,-16283,7032,9251,0,1
890533,92953,-981537,1949,1340834,137623,-1478249,208,0
-327613,704626,-375715,1298,-759548,1632630,-871826,1256,0
-130005,986736,-856733,-2,-199000,1504013,-1303968,1045,0
0,-4898,4898,0,0,-14145,14145,0,1
748178,-938636,189157,-1301,1230442,-1545699,314627,-630,0
-888584,63052,826830,1298,-1462539,102641,1360734,836,0
-796930,-234659,1036788,5199,-1202164,-356104,1558686,418,0
697476,-247660,-449167,649,1610216,-569976,-1040661,-421,0
603872,454367,-1056290,1949,930477,697753,-1627394,836,0
578521,-644175,67602,1948,1330989,-1485581,154381,-211,0
741027,317861,-1055640,3248,1116070,474874,-1590527,417,0
-1077091,433566,647424,3899,-1621948,650831,972372,1255,0
-891834,-50702,946435,3899,-1371837,-80857,1453112,418,0
847631,18850,-865833,648,1399068,30164,-1428814,418,0
-513520,-570072,1086190,2598,-772745,-859467,1632630,418,0
-539521,120254,419915,648,-1555126,346677,1209285,836,0
-1075791,686425,390014,648,-1612102,1030815,582334,1047,0
-433567,-98804,532369,-2,-1249086,-285931,1535853,836,0
30000,30000,30000,90000,60000,60000,60000,180000,1
33,102,-135,0,3813,11848,-15661,0,1
1078390,-429667,-645475,3248,1622365,-649575,-973001,-211,0
503118,-477768,-26001,-651,1450807,-1375189,-76458,-840,0
1038738,-709827,-326963,1948,1597438,-1093448,-504620,-630,0
299011,-966587,669525,1949,489328,-1594507,1104758,-421,0
213207,-561622,347763,-652,612707,-1617968,1004840,-421,0
880132,-996488,118304,1948,1317792,-1495007,177004,-211,0
36946,33740,-70686,0,59113,53984,-113098,-1,1
566,17,-584,-1,1073,32,-1106,-1,1
609722,-618174,11050,2598,1403467,-1425672,21575,-630,0
23400,109204,-130655,1949,256604,1269404,-1524962,1046,0
-19501,315261,-292511,3249,-99709,1462328,-1361782,837,0
63702,269110,-330863,1949,287605,1249085,-1536064,626,0
457617,-1071891,618173,3899,690003,-1627603,937809,209,0
-65328,56098,9229,-1,-104525,89757,14767,-1,1
-1043290,358813,688375,3898,-1606447,550703,1056161,417,0
431,221,-653,-1,817,420,-1237,0,1
9777,-3547,-6229,1,27936,-10136,-17799,1,1
-1081641,633773,449816,1948,-1624671,952891,673035,1255,0
-957486,874282,84503,1299,-1473222,1347537,127149,1464,0
1042639,-355564,-686426,649,1606236,-549028,-1057628,-420,0
-1748,-3785,5533,0,-5047,-10929,15977,1,1
299661,265209,-564872,-2,864703,767926,-1632002,627,0
1024438,-275611,-748179,648,1578167,-425649,-1152938,-420,0
853481,152105,-1004288,1298,1288047,226021,-1513441,627,0
-140406,59152,81253,-1,-1627813,703828,924821,836,0
-191108,997787,-806031,648,-293891,1538995,-1243849,1255,0
-537,420,117,0,-15534,12138,3396,0,1
109146,130940,-240086,0,141248,169451,-310700,-1,1
1073190,-685776,-387415,-1,1612730,-1030606,-582544,-420,0
-880133,833331,46801,-1,-1449761,1376654,74362,1255,0
811230,-1034189,224908,1949,1215779,-1553240,337041,-420,0
-700727,1068640,-365314,2599,-1054486,1607912,-552380,1046,0
986736,-434867,-553171,-1302,1629069,-718492,-911416,-839,0
1034188,-228809,-805381,-2,1554915,-344793,-1209915,207,0
890533,53952,-943186,1299,1372046,81694,-1453113,627,0
348413,-229459,-118955,-1,1607493,-1052810,-555732,-1049,0
9868,-5607,-4261,0,28197,-16020,-12176,1,1
735177,-1049790,318511,3898,1111462,-1592831,481158,-211,0
-522,73,448,-1,-15090,2132,12958,0,1
424465,-703977,280810,1298,975723,-1622785,646432,-630,0
-471268,1080990,-609073,649,-709484,1629278,-918748,1046,0
-596073,1081640,-484919,648,-898219,1630954,-731689,1046,0
-61103,-271711,334112,1298,-286769,-1249296,1536063,-2,0
968536,-59803,-908735,-2,1457929,-91331,-1366600,-2,0
30000,30000,30000,90000,60000,60000,60000,180000,1
156137,80252,-236390,-1,202060,103856,-305917,-1,1
986086,-566172,-420566,-652,1626974,-934668,-692727,-421,0
0,0,0,0,0,0,0,0,1
132604,-20151,-110505,1948,1510717,-218062,-1292656,-1,0
776,-8935,8158,-1,2219,-25528,23309,0,1
-118955,123504,-1301,3248,-1390690,1436982,-45247,1045,0
70492,-30441,-40050,1,112788,-48706,-64081,1,1
709176,360763,-1067340,2599,1064959,540020,-1604771,208,0
967886,-915885,-51352,649,1451645,-1374351,-77924,-630,0
63003,-3700,-59302,1,100805,-5921,-94884,0,1
-36402,956185,-919135,648,-53626,1441172,-1386500,1046,0
-1045890,358813,687725,648,-1606447,550913,1055951,417,0
1075140,-410166,-664975,-1,1618176,-618154,-1000233,-211,0
143005,-81254,-59153,2598,1627812,-927546,-700268,-2,0
0,0,0,0,0,0,0,0,1
30000,30000,30000,90000,60000,60000,60000,180000,1
-136506,96203,41601,1298,-1587175,1126753,461468,1046,0
136505,-31202,-103354,1949,1553868,-341650,-1212219,-1,0
8820,-518,-8302,0,25201,-1480,-23721,0,1
-434217,-642875,1080990,3898,-655441,-967974,1623203,-212,0
-862583,1002337,-137806,1948,-1296846,1508622,-210311,1465,0
-5656,2828,2828,0,-16334,8167,8167,0,1
-165107,-761829,928884,1948,-272734,-1258512,1531035,-211,0
-1062790,721527,344512,3249,-1599534,1084859,515721,1046,0
134,-29,-105,0,15534,-3396,-12138,0,1
1006237,-146256,-858683,1298,1511764,-221204,-1290771,-211,0
-32101,70613,-38511,1,-51363,112982,-61618,1,1
-287311,1048489,-759879,1299,-433190,1580890,-1146654,1046,0
84503,55902,-139106,1299,963155,661095,-1623623,627,0
1085540,-562272,-522620,648,1632839,-846899,-786151,-211,0
-1414,707,707,0,-16334,8167,8167,0,1
475817,-1083591,611672,3898,710321,-1629279,918537,-421,0
-481019,497268,-16251,-2,-1388595,1439077,-49227,1255,0
492718,-1086191,595422,1949,737553,-1631374,893401,-420,0
-5587,2027,3559,-1,-16133,5853,10279,-1,1
336062,225558,-562272,-652,970068,653135,-1622785,418,0
347,317,-664,0,657,600,-1258,-1,1
53768,12885,-66654,-1,86030,20617,-106647,0,1
-347114,225558,122854,1298,-1607913,1050714,558035,836,0
30000,30000,30000,90000,60000,60000,60000,180000,1
83,57,-140,0,9600,6643,-16244,-1,1
141313,97786,-239099,0,182875,126546,-309422,-1,1
-3325,-2300,5625,0,-9600,-6643,16244,1,1
-1066690,640273,430316,3899,-1621948,972791,650622,1465,0
-400,-146,546,0,-11550,-4227,15777,0,1
348413,-229459,-119605,-651,1607702,-1052182,-556569,-1049,0
248309,-345163,99453,2599,1134085,-1585499,450785,-629,0
-215809,1016638,-802131,-1302,-328244,1550307,-1220807,1256,0
-558,355,202,-1,-16133,10279,5853,-1,1
902883,-974387,74752,3248,1355288,-1467566,112277,-1,0
-566,-17,584,1,-1073,-32,1106,1,1
5200,486218,-492719,-1301,12987,1408494,-1420644,837,0
-771579,-274961,1051739,5199,-1160060,-414966,1575653,627,0
30000,30000,30000,90000,60000,60000,60000,180000,1
-531720,-137806,671475,1949,-1227301,-319027,1546746,418,0
-666275,1072540,-404316,1949,-1005050,1617967,-611451,1466,0
-460868,-55903,516119,-652,-1326172,-161923,1488722,627,0
1075,257,-1333,-1,12420,2976,-15397,-1,1
0,0,0,0,0,0,0,0,1
116354,-130005,16900,3249,1320306,-1493331,172605,-420,0
215158,-560972,347113,1299,617734,-1618596,1000651,-211,0
299011,-966587,670175,2599,488490,-1594297,1105387,-420,0
21850,47314,-69165,-1,34961,75703,-110664,0,1
0,0,0,0,0,0,0,0,1
-1144,-147,1291,0,-13214,-1707,14922,1,1
55902,85153,-138456,2599,629674,990177,-1619643,208,0
495318,591522,-1084891,1949,744256,887535,-1630955,836,0
10400,-617524,609072,1948,21366,-1425462,1403467,-629,0
5226,-4487,-738,1,15090,-12958,-2132,0,1
592172,480367,-1071891,648,900732,730012,-1630117,627,0
45501,-139756,96853,2598,499173,-1597020,1097217,-630,0
-427717,1053039,-624024,1298,-659839,1624460,-963365,1256,0
-333463,1060839,-726728,648,-502316,1597857,-1094286,1255,0
-865833,999737,-132605,1299,-1301454,1505899,-202980,1465,0
30000,30000,30000,90000,60000,60000,60000,180000,1
799529,235958,-1032889,2598,1204467,353380,-1557220,627,0
-541,-860,1402,1,-6250,-9943,16194,1,1
1017288,-771579,-243110,2599,1564342,-1188549,-376213,-420,0
219058,341262,-561622,-1302,633445,987244,-1620272,417,0
93603,-140406,49401,2598,1057837,-1607075,548399,-839,0
0,0,0,0,0,0,0,0,1
5379,-4203,-1176,0,15534,-12138,-3396,0,1
-31852,-103354,137155,1949,-384592,-1182893,1566855,-630,0
-459568,-56553,516119,-2,-1325334,-163180,1489141,627,0
-795630,906783,-111805,-652,-1311928,1498986,-186012,1046,0
-5656,2828,2828,0,-16334,8167,8167,0,1
-633774,586321,47451,-2,-1462748,1360525,103688,1465,0
1058889,-580472,-477118,1299,1630535,-894868,-735669,-2,0
-605823,616223,-8451,1949,-1401163,1427346,-24928,1255,0
-705927,391964,315911,1948,-1629279,905969,724566,1256,0
-1058890,315261,746877,3248,-1589270,470685,1119422,837,0
-1066690,421865,648074,3249,-1620691,639729,982217,1255,0
-6429,-3304,9733,0,-18369,-9441,27810,0,1
5226,-4487,-738,1,15090,-12958,-2132,0,1
379614,-707877,330212,1949,872663,-1632631,759547,-421,0
-72153,139755,-66303,1299,-846689,1633677,-785523,1465,0
353613,-207358,-146256,-1,1625717,-947655,-678692,-630,0
122204,-126105,5850,1949,1388803,-1438868,49435,-630,0
-789780,1023138,-232059,1299,-1201326,1559105,-356314,1465,0
-5172,9896,-4723,1,-14778,28274,-13496,0,1
-980887,366613,616223,1949,-1615454,601815,1014476,837,0
700076,-439417,-260010,649,1615662,-1013848,-602444,-630,0
235308,111154,-344513,1949,1083183,517188,-1599953,418,0
104653,552520,-656525,648,239217,1280297,-1518468,1046,0
-260660,-304862,565521,-1,-750332,-881252,1631792,208,0
30000,30000,30000,90000,60000,60000,60000,180000,1
347,317,-664,0,657,600,-1258,-1,1
30000,30000,30000,90000,60000,60000,60000,180000,1
139755,839831,-978287,1299,215547,1294960,-1509461,1046,0
-1052390,646774,407565,1949,-1618596,995204,625066,1674,0
-63003,59302,3700,-1,-100805,94884,5921,0,1
207357,807980,-1015339,-2,315046,1231280,-1544652,1674,0
1083590,-490119,-592823,648,1630954,-738601,-892564,-211,0
-791730,1022488,-229459,1299,-1204678,1557848,-351496,1674,0
-863233,1001687,-137806,648,-1297265,1508412,-209892,1255,0
261309,437466,-697477,1298,603071,1013219,-1615873,417,0
-590223,-391965,984786,2598,-973420,-649156,1622575,-1,0
537,-420,-117,0,15534,-12138,-3396,0,1
30000,30000,30000,90000,60000,60000,60000,180000,1
-120,124,-3,1,-13927,14354,-427,0,1
91,47,-139,-1,10608,5452,-16060,0,1
-212558,1015988,-804081,-651,-321960,1548003,-1224997,1046,0
578521,-1060190,484268,2599,887326,-1631793,743837,-630,0
291210,29251,-319162,1299,1338949,140346,-1479087,208,0
-3325,5625,-2300,0,-9600,16244,-6643,1,1
22,-132,109,-1,2555,-15249,12694,0,1
735177,-1049790,317211,2598,1112509,-1592412,479901,-2,0
135205,406915,-543421,-1301,389619,1179540,-1568113,1046,0
-230759,1032888,-800831,1298,-348563,1556801,-1207192,1046,0
-1073841,569421,508319,3899,-1631793,864703,768345,1255,0
-831,-575,1406,0,-9600,-6643,16244,1,1
848931,-1011438,164456,1949,1275479,-1522029,246130,-420,0
-427717,1053039,-624024,1298,-659630,1624460,-963575,1255,0
-128705,111154,19500,1949,-1507366,1297683,210729,1046,0
-2164,-3443,5608,1,-6250,-9943,16194,1,1
841131,172906,-1014038,-1,1267100,259536,-1525800,836,0
906783,65652,-967887,4548,1364295,95519,-1459397,417,0
170306,-1014689,846981,2598,253880,-1524543,1270661,-2,0
-170307,550570,-380915,-652,-495194,1596181,-1100361,626,0
-2955,5654,-2699,0,-8534,16328,-7793,1,1
-191108,997137,-806031,-2,-293262,1538786,-1244268,1256,0
-565522,246359,319161,-2,-1628651,711788,917490,627,0
-133906,29901,106603,2598,-1553240,341021,1213056,837,0
0,0,0,0,0,0,0,0,1
35751,910034,-946436,-651,53625,1387337,-1440335,627,0
-27059,70105,-43045,1,-43295,112169,-68873,1,1
21850,-69165,47314,-1,34961,-110664,75703,0,1
83853,-980237,898983,2599,124845,-1473012,1348375,208,0
738,674,-1413,-1,8534,7793,-16328,-1,1
336712,727377,-1062790,1299,506295,1091981,-1597649,627,0
-886634,61752,827481,2599,-1461491,100337,1361991,837,0
849581,-1010788,163806,2599,1276107,-1521401,245083,-211,0
-790430,1036788,-245060,1298,-1190853,1563923,-371815,1255,0
1056939,-752079,-302262,2598,1586127,-1131362,-455185,-420,0
-536921,422515,115054,648,-1549051,1222692,327405,1046,0
-8820,8302,518,0,-25201,23721,1480,0,1
731277,299661,-1029639,1299,1127591,459583,-1586547,627,0
0,0,0,0,0,0,0,0,1
796929,-908735,113754,1948,1310670,-1499406,188525,-211,0
-459568,-596073,1059539,3898,-708228,-920423,1628859,208,0
-9625,6814,2811,0,-27502,19469,8033,0,1
1017938,-835932,-179407,2599,1530407,-1259560,-270849,-2,0
893133,73452,-963337,3248,1356335,110182,-1465890,627,0
1036138,-768329,-265860,1949,1573139,-1166973,-406378,-212,0
281460,-703327,423815,1948,645385,-1622576,976561,-630,0
362713,343862,-706577,-2,836633,796834,-1632631,836,0
-956186,924984,33801,2599,-1436774,1390898,46921,1045,0
-5547,-58274,63822,1,-8876,-93239,102115,0,1
-154056,351013,-196308,649,-714093,1629697,-914977,627,0
35101,-136506,104653,3248,379355,-1566018,1186034,-629,0
12350,-128055,118304,2599,127568,-1474269,1346490,-211,0
-917835,918484,0,649,-1412056,1416873,-3352,1465,0
-311362,299011,13650,1299,-1440544,1386918,54672,1046,0
73,-141,67,-1,8534,-16328,7793,-1,1
67602,-643525,577871,1948,151867,-1484743,1332455,-421,0
662,-286,-376,0,1254,-541,-712,1,1
-341263,245709,97503,1949,-1580891,1144558,437378,1045,0
36401,286010,-319812,2599,160246,1328056,-1487257,1045,0
-44,510,-466,0,-1281,14742,-13461,0,1
115054,13650,-127405,1299,1322820,168416,-1490818,418,0
-537,-69,607,1,-1018,-131,1149,0,1
159255,516769,-674076,1948,364691,1196717,-1560991,417,0
-665625,1060839,-392615,2599,-1014477,1616291,-600559,1255,0
273660,55252,-329563,-651,1262491,266239,-1528313,417,0
1056939,-310712,-746228,-1,1589059,-467544,-1121727,-212,0
991287,-825531,-164457,1299,1523704,-1271500,-252834,-630,0
-132605,104653,31201,3249,-1551774,1216407,336832,1465,0
649374,-86454,-564872,-1952,1502338,-197533,-1305225,-420,0
-460868,-55253,515469,-652,-1326382,-161294,1488303,627,0
-705277,-248310,955535,1948,-1162993,-411405,1574606,208,0
-205,-444,650,1,-388,-842,1231,1,1
999737,-196958,-803431,-652,1541718,-304574,-1237356,-212,0
0,0,0,0,0,0,0,0,1
522619,-452417,-69553,649,1504013,-1303549,-201094,-630,0
116354,-130005,16900,3249,1320725,-1492912,171558,-629,0
768978,-1019239,252209,1948,1180169,-1568532,387943,-420,0
110504,880132,-988688,1948,166530,1324495,-1489980,1045,0
-8008,-1034,9043,1,-22882,-2956,25838,0,1
0,0,0,0,0,0,0,0,1
0,0,0,0,0,0,0,0,1
-379615,-687726,1071890,4549,-572699,-1038776,1611263,-212,0
353613,-206708,-146256,649,1625926,-946608,-679949,-631,0
726077,323712,-1048490,1299,1103711,490794,-1594088,417,0
57206,-64597,7391,0,91529,-103355,11826,0,1
-685776,1070590,-383515,1299,-1032072,1612730,-579611,1047,0
-940586,741027,197607,-1952,-1548423,1224367,324892,836,0
173556,-680576,508969,1949,397998,-1571255,1172628,-629,0
9868,-4261,-5607,0,28197,-12176,-16020,1,1
-1306,1121,184,-1,-15090,12958,2132,0,1
279510,-702677,425765,2598,641614,-1622157,980332,-211,0
-430,-103,533,0,-12420,-2976,15397,1,1
-932785,10400,928884,6499,-1420644,13406,1408075,837,0
-563,320,243,0,-16283,9251,7032,0,1
-56124,-174391,230515,0,-72631,-225683,298314,0,1
30000,30000,30000,90000,60000,60000,60000,180000,1
313961,-300962,-9751,3248,1440543,-1387129,-54254,-840,0
-65328,56098,9229,-1,-104525,89757,14767,-1,1
-63003,3700,59302,-1,-100805,5921,94884,0,1
-120,124,-3,1,-13927,14354,-427,0,1
-221659,944485,-724128,-1302,-366997,1562456,-1194623,836,0
-641575,1049789,-407566,648,-989968,1620690,-629675,1047,0
-431,-221,653,1,-817,-420,1237,0,1
-558,202,355,-1,-16133,5853,10279,-1,1
30000,30000,30000,90000,60000,60000,60000,180000,1
233773,-68281,-165491,1,302530,-88364,-214165,1,1
-174,-378,553,1,-5047,-10929,15977,1,1
260009,304211,-566172,-1952,751797,879994,-1631374,417,0
5818,4026,-9845,-1,16625,11504,-28129,0,1
-541471,662374,-118955,1948,-1252647,1534177,-280484,1046,0
-36402,-910685,951635,4548,-59072,-1384615,1443476,-211,0
-45502,-913285,962686,3899,-70802,-1378121,1448713,-210,0
304861,727377,-1030939,1299,469637,1120469,-1589270,836,0
-154056,351013,-195658,1299,-716188,1629697,-912882,627,0
-204758,-807981,1019238,6499,-313581,-1231490,1545489,418,0
99,-136,36,-1,11549,-15777,4227,-1,1
-106604,132604,-24051,1949,-1239660,1541090,-300384,1046,0
-483619,-11701,497268,1948,-1395717,-36030,1432374,627,0
297711,-966587,670825,1949,487861,-1594088,1106015,-212,0
137805,839831,-978287,-651,214081,1295798,-1508832,1047,0
205,-650,444,-1,388,-1231,842,-1,1
-292511,564221,-271711,-1,-846061,1633677,-786361,1255,0
133905,-989988,859982,3899,199627,-1504014,1304805,418,0
332162,-563572,232708,1298,953519,-1625509,671778,-212,0
86453,-527170,442016,1299,246130,-1521610,1275479,-1,0
35101,286660,-320463,1298,155219,1330989,-1485371,837,0
55902,887283,-944486,-1301,87769,1369322,-1456045,1046,0
-1043290,358163,689025,3898,-1606028,549446,1057418,836,0
-328263,561621,-232709,649,-949750,1626136,-675550,836,0
30000,30000,30000,90000,60000,60000,60000,180000,1
48751,585021,-633124,648,110601,1356545,-1466309,837,0
141313,-239099,97786,0,182875,-309422,126546,-1,1
967886,-109205,-856733,1948,1491655,-170302,-1321145,208,0
-1060190,581771,479717,1298,-1630117,894867,736505,1255,0
-538871,120254,419265,648,-1555754,348772,1207610,628,0
56552,887283,-944486,-651,87559,1369322,-1455836,1045,0
-336063,-226209,562921,649,-969440,-653555,1623413,418,0
879482,-835282,-44202,-2,1448713,-1377702,-71431,-420,0
900283,-976987,78652,1948,1351936,-1470289,118142,-211,0
115704,-130005,16900,2599,1321353,-1492493,170929,-211,0
-600623,1069290,-467368,1299,-914139,1629697,-714093,1465,0
84503,811230,-895734,-1,139508,1340206,-1478878,836,0
-380265,-666275,1049139,2599,-585686,-1028092,1613149,-629,0
455017,531719,-988688,-1952,754730,877481,-1631583,628,0
-1144,-147,1291,0,-13214,-1707,14922,1,1
-1035489,230108,807980,2599,-1554497,344582,1210752,837,0
1042639,-781980,-259360,1299,1568740,-1178075,-391086,-421,0
-518070,-553821,1077090,5199,-789084,-843966,1633049,-1,0
380264,667575,-1046540,1299,586314,1027463,-1612940,837,0
735177,-1060840,328262,2599,1101826,-1595763,493727,-210,0
-919135,137155,781329,-651,-1513231,225811,1288047,627,0
69840,-44499,-25340,1,111744,-71199,-40544,1,1
-1005588,178106,833331,5849,-1528942,268334,1261653,1045,0
-367914,978286,-611023,-651,-608100,1617548,-1008611,837,0
0,-122,122,0,0,-14145,14145,0,1
-75403,335412,-258060,1949,-356942,1559105,-1201536,627,0
566821,-287311,-278861,649,1632839,-828046,-805842,-1049,0
-431,-221,653,1,-817,-420,1237,0,1
-252210,1040688,-787180,1298,-379565,1566017,-1185616,836,0
-400,546,-146,0,-11550,15777,-4227,0,1
-919135,138455,780679,-1,-1514069,228115,1286790,836,0
513519,572671,-1084241,1949,771906,860932,-1632212,626,0
771578,-1017939,248309,1948,1183939,-1566856,382078,-839,0
-387415,-595423,982836,-2,-637635,-983684,1620899,-420,0
127404,-120905,-5851,648,1453740,-1372047,-82323,-630,0
0,0,0,0,0,0,0,0,1
140,-60,-80,0,16283,-7032,-9251,0,1
-443,5105,-4661,1,-1281,14742,-13461,0,1
-128055,348413,-219059,1299,-599092,1615872,-1016153,627,0
503118,-478418,-24701,-1,1449132,-1377283,-72688,-839,0
-1063440,722177,343212,1949,-1599324,1085696,514674,1046,0
-558371,358163,200207,-1,-1611264,1036470,575630,836,0
0,0,0,0,0,0,0,0,1
56124,-230515,174391,0,72631,-298314,225683,0,1
614,-527,-86,1,1162,-998,-164,0,1
510919,-990638,481018,1299,838938,-1633678,794320,-420,0
174856,841131,-1015989,-2,264145,1264586,-1527685,1046,0
-206708,-807981,1019238,4549,-315466,-1230443,1546117,208,0
-660425,-400416,1066689,5848,-1005469,-611870,1617757,418,0
-947086,20150,932134,5198,-1427347,27231,1400743,627,0
-19501,130004,-108555,1948,-247597,1522447,-1273804,1046,0
30000,30000,30000,90000,60000,60000,60000,180000,1
642,770,-1412,0,7415,8896,-16311,0,1
137155,-106604,-26651,3900,1553239,-1213895,-339556,-212,0
-408866,-295762,705926,1298,-941580,-684767,1626345,-2,0
-233359,-112455,348413,2599,-1082136,-518236,1600371,-1,0
-156656,-518070,677325,2599,-362388,-1197975,1560362,-1,0
-1067340,638323,432916,3899,-1622785,970068,653973,1256,0
66952,-887934,822930,1948,109344,-1466309,1356754,-211,0
-100104,-555121,658474,3249,-233144,-1283649,1516582,-211,0
295111,-566822,273010,1299,846688,-1633469,786569,-212,0
-651,-939936,944485,3898,-2514,-1413522,1416035,-1,0
-118955,123504,-1951,2598,-1389223,1438448,-48179,1046,0
505068,-35102,-472568,-2602,1460234,-97196,-1363249,-211,0
343862,-250260,-92304,1298,1580052,-1147911,-432771,-630,0
0,-575,575,0,0,-1090,1090,0,1
-155,637,-482,0,-293,1206,-912,1,1
139105,-98804,-39002,1299,1587174,-1127173,-460631,-630,0
47451,585671,-632474,648,107250,1358639,-1464634,1255,0
-965937,291860,676025,1948,-1591574,479273,1112718,417,0
934084,-7151,-924985,1948,1421062,-12778,-1407866,418,0
-503769,679925,-173557,2599,-1166135,1573768,-406168,1465,0
-564222,1084890,-521320,-652,-847946,1633468,-784476,1046,0
600622,455667,-1056940,-651,927964,700267,-1627603,628,0
-565522,246359,319161,-2,-1628651,712416,916861,626,0
650,-123505,124154,1299,-1886,-1413732,1415197,-421,0
176156,-681876,507018,1298,404491,-1573350,1168019,-840,0
-289261,-31202,321762,1299,-1338950,-139719,1479086,417,0
-27059,-43045,70105,1,-43295,-68873,112169,1,1
-614,86,527,-1,-1162,164,998,0,1
0,0,0,0,0,0,0,0,1
-667576,1059539,-390015,1948,-1018038,1615453,-596160,1255,0
331512,-564222,233358,648,952053,-1625927,673245,-629,0
-222959,945135,-722828,-652,-368672,1563085,-1193366,1047,0
676675,397164,-1071241,2598,1018875,596159,-1614616,418,0
-388065,-593473,983486,1948,-640568,-981171,1621318,-421,0
-1066690,640273,430966,4549,-1622157,972162,651250,1255,0
336712,-1064090,729977,2599,503362,-1598068,1094075,-631,0
-27059,70105,-43045,1,-43295,112169,-68873,1,1
-586322,-495319,1086190,4549,-883975,-746980,1631373,418,0
607772,-618824,12350,1298,1400953,-1427557,25765,-839,0
237258,713076,-950336,-2,393599,1176608,-1569160,1047,0
141705,-90354,-50052,1299,1612939,-1029349,-583801,-211,0
266509,-338013,72802,1298,1220806,-1550727,329500,-421,0
84503,-142356,59802,1949,954567,-1625509,670522,-420,0
-675376,-392615,1074490,6499,-1018666,-595950,1615243,627,0
1080990,-632474,-447867,649,1625298,-952263,-673246,-211,0
34451,-136506,104653,2598,375584,-1564761,1188757,-420,0
-286011,-751429,1042639,5199,-435704,-1145816,1581518,-2,0
30000,30000,30000,90000,60000,60000,60000,180000,1
-297712,-267811,565521,-2,-859257,-773164,1632630,209,0
30000,30000,30000,90000,60000,60000,60000,180000,1
208657,807980,-1014689,1948,315884,1230442,-1545071,1255,0
-508320,987386,-481019,-1953,-838939,1633886,-793483,1464,0
139,-50,-88,1,16133,-5853,-10279,1,1
-750779,1053039,-300962,1298,-1130315,1586755,-455185,1255,0
-664,332,332,0,-1258,629,629,0,1
5172,4723,-9896,-1,14778,13496,-28274,0,1
-70492,40050,30441,-1,-112788,64081,48706,-1,1
516119,570071,-1084241,1949,775886,857162,-1632421,627,0
-564222,322412,241809,-1,-1627394,931106,696915,627,0
-671476,141705,532369,2598,-1547794,323635,1224786,627,0
674075,399114,-1071241,1948,1016989,598463,-1615035,417,0
982836,-889884,-91654,1298,1478667,-1340416,-138462,-211,0
-887934,-74753,969836,7149,-1351728,-117096,1469660,836,0
-7151,615573,-606473,1949,-19272,1424623,-1404305,1046,0
30000,30000,30000,90000,60000,60000,60000,180000,1
-334763,-226859,563571,1949,-966717,-656278,1623413,418,0
0,0,0,0,0,0,0,0,1
-4823,-148,4971,0,-13927,-427,14354,0,1
570721,514819,-1085541,-1,860304,772744,-1632212,836,0
737127,320462,-1056290,1299,1112299,479692,-1591574,417,0
-2568,-3080,5649,1,-7415,-8896,16311,0,1
-1951,-488819,492068,1298,-9008,-1410590,1418967,-631,0
505068,-1060840,559020,3248,773792,-1633259,858838,-629,0
793679,-1039389,247659,1949,1191061,-1564133,372651,-421,0
-303562,-728028,1033538,1948,-465868,-1123193,1588640,-421,0
-438117,985436,-548621,-1302,-724357,1630535,-905132,1046,0
-69840,44499,25340,-1,-111744,71199,40544,-1,1
-891834,-90354,984786,2598,-1339997,-138043,1478458,418,0
-1005588,146255,863232,3899,-1510299,217851,1293284,836,0
-489469,1082940,-593473,-2,-737135,1631582,-893192,1255,0
123504,859982,-984137,-651,189572,1310670,-1498987,1255,0
-1041340,782629,261959,3248,-1568532,1177655,392342,1465,0
-1006238,144955,864532,3249,-1509251,215337,1294541,627,0
-202158,351013,-147556,1299,-938438,1627183,-687909,836,0
355563,-183957,-170307,1299,1632839,-841871,-791179,-211,0
3325,-5625,2300,0,9600,-16244,6643,-1,1
-9101,126754,-115705,1948,-127779,1474687,-1345863,1045,0
-161857,-763779,926934,1298,-267916,-1261654,1529360,-210,0
-130005,17550,114404,1949,-1510089,217223,1293284,418,0
-1019239,191757,832031,4549,-1535435,286977,1249504,1046,0
-969837,112454,860632,3249,-1491446,170720,1321563,837,0
7527,-9331,1804,0,21507,-26661,5154,0,1
299661,265209,-565522,-652,864074,768345,-1632212,207,0
0,0,0,0,0,0,0,0,1
86453,894433,-980237,649,130710,1345024,-1474898,836,0
-178107,352313,-172257,1949,-829722,1633886,-802909,1255,0
-776,-8158,8935,1,-2219,-23309,25528,0,1
1019238,-188508,-829432,1298,1536063,-286978,-1248667,418,0
-850882,-13651,865832,1299,-1401163,-25137,1426718,418,0
30000,30000,30000,90000,60000,60000,60000,180000,1
770278,279510,-1048490,1298,1159012,417479,-1575864,627,0
452416,-1080341,631173,3248,677644,-1626346,948701,-1,0
352313,-134556,-215809,1948,1617338,-614174,-1003584,-420,0
-131305,-865183,1000387,3899,-200047,-1304177,1504223,-1,0
-364664,555120,-190458,-2,-1053858,1608331,-553427,1046,0
128054,-542121,413415,-652,367415,-1562457,1194622,-420,0
155355,518719,-673426,648,358198,1201744,-1558896,1046,0
-6999,9562,-2562,1,-19999,27320,-7320,1,1
0,61237,-61237,0,0,97979,-97979,0,1
-220359,-339963,562271,1949,-637216,-984313,1621109,-420,0
750778,-937336,187207,649,1233584,-1544233,310019,-630,0
-332,562,-230,0,-9600,16244,-6643,1,1
978286,-364014,-615574,-1302,1615243,-600978,-1014686,-421,0
804730,96203,-900934,-1,1328894,158151,-1486419,626,0
-27059,-43045,70105,1,-43295,-68873,112169,1,1
155,482,-637,0,293,912,-1206,-1,1
1058239,-313962,-743628,649,1590316,-472990,-1117328,-2,0
607772,473217,-1080341,648,917699,711997,-1628651,1045,0
0,0,0,0,0,0,0,0,1
-634424,586321,48101,-2,-1463586,1359477,105574,1465,0
0,0,0,0,0,0,0,0,1
182813,43812,-226626,-1,236582,56698,-293281,-1,1
205407,-353614,150155,1948,939275,-1627394,687070,-1049,0
-1075791,392614,685125,1948,-1613150,588199,1025787,836,0
932134,-29252,-902234,648,1436982,-46294,-1390480,208,0
-1002338,197607,807330,2599,-1540044,300593,1240078,627,0
375714,-1068641,698126,5199,559920,-1609170,1049248,-2,0
-257410,-785230,1044589,1949,-385430,-1182264,1567484,-210,0
919134,-921735,4550,1949,1411845,-1417083,4608,-630,0
-437,-946,1383,0,-5047,-10929,15977,1,1
-295112,1040038,-744928,-2,-449738,1585289,-1134295,1256,0
-219059,-341913,561621,649,-633865,-987036,1620480,-421,0
-92003,-146356,238359,0,-119063,-189402,308465,0,1
458267,599972,-1056290,1949,705713,923146,-1628232,627,0
1075140,-410816,-664975,-651,1618176,-618573,-999814,-211,0
-1041340,248959,793679,1298,-1563505,374118,1190223,836,0
926934,-958136,32501,1299,1389851,-1438240,47759,-630,0
-1053040,340612,716326,3898,-1599534,516559,1084230,1255,0
-62403,139755,-75403,1949,-735878,1631373,-894239,1256,0
141313,97786,-239099,0,182875,126546,-309422,-1,1
768978,-1053040,286010,1948,1150214,-1579844,429419,-211,0
1051089,-765729,-282761,2599,1578586,-1151891,-427115,-420,0
985436,-432267,-555771,-2602,1628859,-713883,-915396,-420,0
331512,-563572,232708,648,951634,-1625927,673873,-420,0
-274311,-770929,1049139,3899,-414128,-1161527,1575444,-211,0
30000,30000,30000,90000,60000,60000,60000,180000,1
27059,43045,-70105,-1,43295,68873,-112169,-1,1
227508,-694227,469317,2598,521586,-1601629,1079412,-631,0
-99454,135855,-35752,649,-1153357,1578586,-424183,1046,0
983486,-889884,-92304,1298,1479296,-1339788,-139719,-211,0
563,-320,-243,0,16283,-9251,-7032,0,1
567471,518719,-1086191,-1,855067,778191,-1632212,1046,0
-99,136,-36,1,-11549,15777,-4227,1,1
-592,34,557,-1,-1121,65,1055,-1,1
-988038,567471,419265,-1302,-1626765,937180,691050,1465,0
-810581,1029638,-219059,-2,-1218922,1551564,-331177,1465,0
-31202,-103354,137155,2599,-381450,-1185197,1566017,-630,0
798879,-909385,111154,648,1312974,-1497940,184545,-421,0
-141056,70202,71502,648,-1632631,821342,812335,1046,0
-4301,-1030,5332,1,-12420,-2976,15397,1,1
140,-80,-60,0,16283,-9251,-7032,0,1
-298362,-266510,566171,1299,-861562,-770860,1632630,208,0
-759229,-170307,930834,1298,-1251181,-282998,1534806,627,0
-5547,-58274,63822,1,-8876,-93239,102115,0,1
-490769,1083590,-592173,648,-739020,1631582,-891516,1046,0
-165107,-187858,355563,2598,-764785,-867427,1632211,-1,0
511569,573321,-1083591,1299,770859,862189,-1632002,1046,0
-567472,-83854,651324,-2,-1307110,-193344,1501290,836,0
206057,-352964,150805,3898,939066,-1627603,687698,-839,0
-109146,240086,-130940,0,-141248,310700,-169451,1,1
-840482,-155356,1001687,5849,-1280088,-237961,1518676,627,0
1016638,-772229,-242460,1949,1564132,-1189177,-375376,-421,0
0,0,0,0,0,0,0,0,1
-83854,525219,-442017,-652,-243827,1520981,-1276527,627,0
-1075791,685775,391314,1298,-1612521,1029558,584219,1256,0
-606473,-471918,1083590,5199,-915606,-713464,1629278,208,0
336062,-267811,-65653,2598,1543604,-1233795,-310648,-839,0
-110,-1165,1276,1,-1281,-13461,14742,0,1
-1075791,392614,684475,1298,-1613150,587989,1025997,836,0
771578,-1018589,248959,1948,1183730,-1566856,382706,-420,0
409515,294461,-702677,1299,944512,682462,-1625718,1256,0
1950,939285,-941886,-651,4189,1412683,-1416036,836,0
-8008,-1034,9043,1,-22882,-2956,25838,0,1
-141056,-210608,353613,1949,-652089,-971116,1622784,-421,0
0,0,0,0,0,0,0,0,1
-83204,-57853,141705,648,-965251,-657954,1623413,208,0
-103,-516,620,1,-196,-978,1175,1,1
-136506,96203,40951,648,-1586756,1127172,460630,1046,0
-989988,826180,165106,1298,-1522657,1272756,251157,1256,0
-91,139,-47,1,-10608,16060,-5452,0,1
141,-70,-70,1,16334,-8167,-8167,0,1
92003,-238359,146356,0,119063,-308465,189402,0,1
319161,-25351,-291861,1949,1466937,-112068,-1354870,-1,0
332812,-1063440,733227,2599,497078,-1596392,1099103,-211,0
-244410,341262,-96204,648,-1131572,1586336,-453509,1255,0
-687076,193707,494018,649,-1582986,446176,1137646,836,0
256109,-565522,310711,1298,731897,-1630955,898637,-421,0
914584,-967237,55902,3249,1371627,-1454160,82113,-420,0
-1065390,354263,715026,3899,-1602257,530594,1072919,1256,0
770928,-1018589,248959,1298,1183311,-1567066,383335,-420,0
-154706,351013,-196308,-1,-715350,1629906,-913720,836,0
120,3,-124,-1,13927,427,-14354,0,1
958785,-874933,-82554,1298,1473640,-1346700,-127779,-839,0
1073840,-685776,-386115,1949,1612520,-1031444,-581497,-421,0
109204,880782,-988688,1298,164436,1325962,-1489142,1256,0
-178107,351663,-172907,649,-826580,1633886,-806051,1255,0
588272,395214,-982837,649,973000,649993,-1622157,836,0
-731928,1045239,-312012,1299,-1113767,1591992,-476970,1255,0
218408,809280,-1027689,-1,329919,1221225,-1549889,1255,0
-731928,1045239,-311362,1949,-1114395,1591782,-476132,1255,0
30000,30000,30000,90000,60000,60000,60000,180000,1
-154056,351663,-195658,1949,-713674,1629488,-915396,418,0
-707227,348413,361413,2599,-1632631,802908,830978,1255,0
-880133,-110505,995187,4549,-1322611,-167998,1491026,417,0
-432917,-98804,532369,648,-1249505,-285721,1535853,627,0
-466068,691625,-224909,648,-1076900,1602256,-524311,1045,0
-550571,163806,388064,1299,-1589479,471523,1118793,837,0
-67249,52548,14701,0,-107599,84077,23522,0,1
-707227,345812,364013,2598,-1632631,798928,834539,836,0
-300962,-728678,1032888,3248,-463354,-1125078,1588221,-211,0
-1084241,491418,596072,3249,-1630117,737343,893819,1045,0
-981537,890533,94903,3899,-1478040,1340625,139089,1674,0
30000,30000,30000,90000,60000,60000,60000,180000,1
-705927,-360114,1071890,5849,-1061399,-544211,1605817,207,0
-114,-14,129,1,-13214,-1707,14922,1,1
-53768,66654,-12885,1,-86030,106647,-20617,0,1
30000,30000,30000,90000,60000,60000,60000,180000,1
1077090,-652625,-423166,1299,1620690,-984522,-636588,-420,0
-1080341,637023,445266,1948,-1624252,958128,667170,1046,0
30000,30000,30000,90000,60000,60000,60000,180000,1
235308,111154,-344513,1949,1082554,517816,-1600162,208,0
-685126,1070590,-383515,1949,-1032491,1612730,-579192,1047,0
1073840,-391965,-681876,-1,1613777,-589666,-1024112,-1,0
-219059,-341913,561621,649,-631770,-988502,1620480,208,0
0,0,0,0,0,0,0,0,1
-4301,5332,-1030,1,-12420,15397,-2976,1,1
41562,-70323,28760,-1,66500,-112517,46016,-1,1
228649,-178664,-49985,0,295899,-231212,-64686,1,1
336062,-268461,-65653,1948,1543813,-1233585,-310858,-630,0
-349714,131954,219708,1948,-1617339,614802,1003164,627,0
85153,-142356,59802,2599,955614,-1625509,669265,-630,0
355563,-183957,-170307,1299,1632839,-841871,-791598,-630,0
30000,30000,30000,90000,60000,60000,60000,180000,1
881433,109204,-989988,649,1326590,162131,-1488513,208,0
-46152,-913285,963336,3899,-71850,-1377493,1449550,207,0
-50000,68301,-18301,0,-80000,109282,-29282,0,1
-3673,5562,-1888,1,-10608,16060,-5452,0,1
-53768,-12885,66654,1,-86030,-20617,106647,0,1
457,-516,59,0,13214,-14922,1707,-1,1
432916,-1055640,624673,1949,663190,-1624671,961060,-421,0
537,-420,-117,0,15534,-12138,-3396,0,1
545370,-664975,122204,2599,1253903,-1533760,279646,-211,0
482,-497,14,-1,13927,-14354,427,0,1
-271711,-59153,333462,2598,-1259350,-270430,1529988,208,0
-47452,325662,-276261,1949,-225603,1514278,-1287839,836,0
826830,197607,-1023789,648,1244686,294099,-1538158,627,0
-576572,642224,-63703,1949,-1331409,1485161,-152916,836,0
214212,-12582,-201630,0,277216,-16283,-260933,0,1
120904,-663675,544720,1949,276922,-1532712,1255579,-211,0
550,-160,-389,1,15882,-4639,-11243,0,1
30000,30000,30000,90000,60000,60000,60000,180000,1
-352964,181356,172256,648,-1632421,842708,790549,836,0
-395865,546020,-148856,1299,-1146863,1580890,-432562,1465,0
-87754,-253510,342562,1298,-407634,-1166135,1573558,-211,0
-65328,9229,56098,-1,-104525,14767,89757,-1,1
-893784,961386,-65003,2599,-1360107,1463376,-101804,1465,0
1026388,-824231,-200858,1299,1541090,-1239031,-302270,-211,0
-962687,689025,271710,-1952,-1583405,1138274,446595,1464,0
-550571,164456,387414,1299,-1590108,473617,1117117,626,0
451116,243759,-696177,-1302,1044849,564947,-1609379,417,0
105303,-345813,242459,1949,476969,-1591993,1113975,-1049,0
-668876,138455,533669,3248,-1545909,317979,1228557,627,0
-378315,-687726,1072540,6499,-572489,-1038985,1611054,-420,0
-9145,1292,7853,0,-26131,3691,22439,-1,1
0,0,0,0,0,0,0,0,1
-300312,-749479,1054339,4548,-453299,-1132410,1585917,208,0
594122,478417,-1071891,648,903665,726870,-1629907,628,0
-205,-444,650,1,-388,-842,1231,1,1
121554,-126105,6500,1949,1389222,-1438659,48807,-630,0
482,14,-497,-1,13927,427,-14354,0,1
-950336,24050,930184,3898,-1430280,32677,1398230,627,0
143005,-72153,-68903,1949,1632839,-820505,-812755,-421,0
-43552,949685,-905484,649,-67032,1447456,-1379169,1255,0
-865183,1000387,-133255,1949,-1300616,1506318,-204236,1466,0
-831,-575,1406,0,-9600,-6643,16244,1,1
204107,-352964,152105,3248,933619,-1628022,693983,-420,0
30000,30000,30000,90000,60000,60000,60000,180000,1
237456,-151298,-86157,1,307296,-195798,-111497,1,1
-313312,-655875,970486,1299,-516770,-1083812,1600161,-421,0
942535,-211908,-731278,-651,1556591,-351286,-1205725,-420,0
-212558,1015988,-803431,-1,-323217,1548841,-1224368,1256,0
-8820,518,8302,0,-25201,1480,23721,0,1
1074490,-687076,-385465,1949,1612520,-1032701,-579821,-2,0
-88,528,-439,1,-2555,15249,-12694,0,1
-33,-102,135,0,-3813,-11848,15661,0,1
-254160,-86454,341912,1298,-1173257,-396742,1570626,627,0
4301,-5332,1030,-1,12420,-15397,2976,-1,1
-537571,423165,115054,648,-1549470,1221854,328662,1046,0
143005,-72153,-68903,1949,1633049,-817782,-815687,-420,0
-1056940,436166,623373,2599,-1624461,670103,955404,1046,0
-410166,1075140,-664325,649,-617317,1618595,-1000442,836,0
1063439,-353614,-710477,-652,1604141,-535413,-1068521,207,0
65328,-9229,-56098,1,104525,-14767,-89757,1,1
-426416,533669,-107255,-2,-1232119,1545070,-311696,1255,0
280160,-703327,425115,1948,642662,-1622366,979075,-629,0
599322,-1083591,487518,3249,897590,-1630955,733363,-2,0
514819,570721,-1084241,1299,775048,857581,-1632421,208,0
-1409,608,801,0,-16283,7032,9251,0,1
5818,-9845,4026,-1,16625,-28129,11504,0,1
-215159,1017288,-801481,648,-329082,1550726,-1220388,1256,0
504418,-33152,-473218,-1952,1458348,-92797,-1365762,-211,0
828781,-1027039,201507,3249,1240287,-1541301,300802,-212,0
564871,-247660,-317212,-1,1628859,-713883,-915396,-420,0
994537,-878833,-114405,1299,1492702,-1320516,-172815,-629,0
1004287,-867133,-135856,1298,1506108,-1301035,-205493,-420,0
182813,-226626,43812,-1,236582,-293281,56698,-1,1
115704,-130005,16900,2599,1319468,-1493750,174071,-211,0
-110,-1165,1276,1,-1281,-13461,14742,0,1
115704,13650,-128055,1299,1324076,166111,-1489980,207,0
4301,1030,-5332,-1,12420,2976,-15397,-1,1
-917835,137155,781329,649,-1513441,226649,1287628,836,0
-128705,540170,-412116,-651,-373700,1564551,-1189805,1046,0
1025088,-278211,-746228,649,1579214,-429420,-1149796,-2,0
69552,-889884,820980,648,114372,-1468614,1353821,-421,0
-178757,352313,-172257,1299,-831817,1633677,-801234,626,0
1024438,-276911,-748179,-652,1578586,-427115,-1151472,-1,0
-372464,1056939,-683826,649,-568928,1610844,-1041080,836,0
-108555,965936,-858033,-652,-166322,1490817,-1323658,837,0
-1014689,168356,848281,1948,-1522867,251157,1272337,627,0
-45922,-23603,69526,1,-73476,-37765,111242,1,1
30000,30000,30000,90000,60000,60000,60000,180000,1
646,-188,-457,1,1223,-357,-866,0,1
1032238,-257410,-773529,1299,1569159,-392133,-1176818,208,0
-521970,449816,70852,-1302,-1505271,1301453,205073,1255,0
109146,130940,-240086,0,141248,169451,-310700,-1,1
565,-282,-282,1,16334,-8167,-8167,0,1
-87104,-895084,982836,648,-129874,-1345444,1475316,-2,0
-326963,705276,-375065,3248,-760177,1632839,-871407,1255,0
648724,-1053040,407565,3249,993528,-1620062,625485,-1049,0
-1066040,358163,711126,3249,-1603514,536459,1067891,836,0
155,482,-637,0,293,912,-1206,-1,1
23400,927584,-950986,-2,36448,1396554,-1432165,837,0
-532370,-525870,1062789,4549,-820296,-812964,1633468,208,0
-401066,-143656,547320,2598,-1161108,-414337,1575444,-1,0
-523920,-464768,989987,1299,-863028,-769394,1632420,-2,0
1077740,-430317,-646125,1298,1622365,-650413,-972373,-421,0
131954,-114405,-16901,648,1506108,-1300197,-206541,-630,0
-946436,217758,729327,649,-1558687,357150,1201954,417,0
-1205,-37,1242,0,-13927,-427,14354,0,1
347,317,-664,0,657,600,-1258,-1,1
708526,361413,-1067991,1948,1064121,541277,-1604980,418,0
116354,-130655,16900,2599,1319049,-1493960,174700,-211,0
140405,-99454,-39002,1949,1586755,-1128011,-459374,-630,0
-494019,-189808,687075,3248,-1141836,-440103,1582147,208,0
840481,-876233,37051,1299,1382729,-1444315,60956,-630,0
558,-355,-202,1,16133,-10279,-5853,1,1
390,270,-661,-1,739,511,-1251,-1,1
354913,-159906,-193058,1949,1630116,-732317,-898429,-630,0
221,1099,-1320,0,2555,12694,-15249,0,1
124804,-993888,872982,3898,185802,-1498568,1312765,-1,0
251559,-1041990,793679,3248,374537,-1564552,1189595,-420,0
-8820,518,8302,0,-25201,1480,23721,0,1
579821,-644175,66302,1948,1333293,-1484114,150401,-420,0
1074490,-495319,-577872,1299,1631792,-753055,-878319,418,0
89053,892483,-981537,-1,134690,1342929,-1476364,1255,0
-4301,5332,-1030,1,-12420,15397,-2976,1,1
959435,-923685,-33802,1948,1439496,-1388595,-51321,-420,0
794979,-1038739,245709,1949,1193365,-1563295,369719,-211,0
120,-124,3,-1,13927,-14354,427,0,1
-632,138,493,-1,-1197,261,935,-1,1
30000,30000,30000,90000,60000,60000,60000,180000,1
-204758,-809281,1018588,4549,-314419,-1231281,1545698,-2,0
1038738,-709177,-327613,1948,1597438,-1093029,-504830,-421,0
192407,828131,-1020539,-1,290957,1246990,-1537111,836,0
-501169,1058889,-556421,1299,-773583,1633258,-858420,1255,0
346462,-109205,-236609,648,1594925,-493937,-1101408,-420,0
300961,751428,-1052390,-1,454346,1131990,-1585499,837,0
306161,1950,-306162,1949,1407237,14453,-1421482,208,0
727377,321762,-1048490,649,1106225,487442,-1593459,208,0
456967,600622,-1056290,1299,704456,924193,-1628022,627,0
48101,585671,-633124,648,108716,1357383,-1465262,837,0
30000,30000,30000,90000,60000,60000,60000,180000,1
-577222,641574,-62403,1949,-1332875,1484113,-149773,1465,0
30000,30000,30000,90000,60000,60000,60000,180000,1
-874283,956185,-79953,1949,-1345653,1474687,-127569,1465,0
-239675,103501,136173,-1,-310167,133943,176224,0,1
-1007538,182006,830731,5199,-1530827,274199,1257883,1255,0
-47452,950985,-903534,-1,-72897,1450179,-1376236,1046,0
44851,93603,-135856,2598,510065,1089048,-1598487,626,0
131954,-113755,-16901,1298,1507993,-1297474,-210730,-211,0
550,-160,-389,1,15882,-4639,-11243,0,1
726727,325012,-1048490,3249,1102664,492051,-1594507,208,0
-431,653,-221,1,-817,1237,-420,0,1
30000,30000,30000,90000,60000,60000,60000,180000,1
0,-489,489,0,0,-14145,14145,0,1
-759229,-170307,931484,1948,-1250971,-283627,1535015,417,0
-353614,180706,173556,648,-1632631,840194,793482,1045,0
-63703,-77353,142355,1299,-746771,-884604,1631373,-2,0
-336063,-226209,562921,649,-969650,-653346,1623203,207,0
-827482,-193708,1026388,5198,-1243849,-293891,1538576,836,0
878832,-835282,-44202,-652,1449132,-1377283,-72059,-210,0
-977637,628573,349713,649,-1611264,1036889,575211,836,0
-747529,934735,-187858,-652,-1232328,1544861,-311486,1047,0
30000,30000,30000,90000,60000,60000,60000,180000,1
677975,396514,-1071891,2598,1020550,594483,-1614406,627,0
460217,621423,-1079691,1949,693145,934667,-1626975,837,0
-9777,6229,3547,-1,-27936,17799,10136,-1,1
-39652,507018,-468018,-652,-116677,1469869,-1352356,836,0
-206708,1023788,-816431,649,-312115,1545070,-1232119,836,0
-301,-362,663,0,-571,-685,1256,0,1
668225,378314,-1046540,-1,1031443,581286,-1612102,627,0
-606473,616223,-7801,1949,-1402001,1426718,-23461,1256,0
672775,-1065390,396514,3899,1015942,-1616082,600139,-1,0
696826,-958786,262609,649,1146234,-1581100,434446,-420,0
48751,585021,-633124,648,108925,1357383,-1465471,837,0
-52,-547,599,0,-98,-1037,1136,1,1
-334763,-227509,562921,649,-965251,-658164,1623622,207,0
-574622,1057589,-482969,-2,-885860,1632001,-744466,1675,0
0,0,0,0,0,0,0,0,1
-599973,1069290,-468018,1299,-914349,1629488,-714302,837,0
-347,-317,664,0,-657,-600,1258,1,1
163156,762478,-927585,-1951,272314,1259140,-1530408,1046,0
-1073841,568771,508319,3249,-1631793,864284,768974,1465,0
117004,230108,-345813,1299,533736,1070405,-1603304,837,0
30000,30000,30000,90000,60000,60000,60000,180000,1
703976,-295112,-407566,1298,1626136,-682463,-943884,-211,0
-194500,-25130,219631,1,-251707,-32521,284228,0,1
736477,-1049790,316561,3248,1113766,-1592202,478435,-1,0
-339963,-722178,1067339,5198,-511952,-1087583,1599323,-212,0
851531,-1009488,159905,1948,1279040,-1519725,240474,-211,0
1005587,-144956,-859983,648,1511345,-219109,-1291819,417,0
-47452,326312,-276261,2599,-227069,1514906,-1287001,836,0
354913,-183307,-170957,649,1632630,-841452,-791807,-629,0
8440,-8699,259,0,24116,-24856,740,0,1
-977637,82553,899633,4549,-1471127,122332,1349423,628,0
-376365,704626,-326313,1948,-872245,1632630,-759339,1046,0
-313962,1054989,-741028,-1,-472990,1590945,-1117118,837,0
881433,-995188,115704,1949,1320096,-1493331,173024,-211,0
30000,30000,30000,90000,60000,60000,60000,180000,1
0,0,0,0,0,0,0,0,1
-402366,-143656,546670,648,-1161317,-413500,1575234,417,0
399,-546,146,-1,11549,-15777,4227,-1,1
60290,1850,-62141,-1,96465,2961,-99426,0,1
-1548,-7693,9241,0,-4424,-21981,26405,0,1
-443,5105,-4661,1,-1281,14742,-13461,0,1
1083590,-583072,-499869,649,1631792,-880205,-751589,-2,0
-171607,677975,-506369,-1,-398208,1571673,-1172210,1255,0
-1306,184,1121,-1,-15090,2132,12958,0,1
30000,30000,30000,90000,60000,60000,60000,180000,1
-443,5105,-4661,1,-1281,14742,-13461,0,1
-577222,640924,-62403,1299,-1333713,1483485,-148517,1255,0
-333463,265859,68902,1298,-1543814,1233165,311695,1046,0
91,-139,47,-1,10608,-16060,5452,0,1
378964,-707877,330862,1949,871196,-1632631,761014,-421,0
-130005,986736,-856733,-2,-197533,1503594,-1305015,1046,0
3325,-5625,2300,0,9600,-16244,6643,-1,1
-37052,956185,-919135,-2,-54463,1441800,-1386291,1046,0
-961387,688375,272360,-652,-1583823,1137017,447852,1046,0
34451,101403,-134556,1298,383335,1183939,-1566228,1046,0
54,-140,86,0,6250,-16194,9943,-1,1
788479,239858,-1025739,2598,1197555,363435,-1560153,837,0
603872,-1074491,473217,2598,912672,-1629907,717234,-1,0
34451,102053,-133906,2598,381240,1185405,-1565599,1046,0
-347,664,-317,0,-657,1258,-600,1,1
-640925,-437467,1083590,5198,-963784,-660049,1623832,-1,0
4494,-9885,5391,0,12840,-28245,15404,-1,1
132604,-989338,859982,3248,198370,-1503805,1305224,-211,0
-330863,1060839,-728678,1298,-499383,1597019,-1097009,627,0
-1409,801,608,0,-16283,9251,7032,0,1
840481,139755,-978287,1949,1295798,213452,-1508623,627,0
0,0,0,0,0,0,0,0,1
-83854,979586,-896384,-652,-124637,1473221,-1347538,1046,0
163156,763128,-926935,-651,269800,1260816,-1529780,836,0
125617,-240333,114716,0,162563,-311020,148456,-1,1
399764,-547971,150155,1948,1149376,-1580053,430256,-421,0
-1306,184,1121,-1,-15090,2132,12958,0,1
-222115,31380,190735,0,-287443,40610,246833,0,1
-1085541,472567,614923,1949,-1628441,709274,920004,837,0
-228809,1032238,-802131,1298,-345630,1555963,-1209077,1256,0
-590223,-391315,984136,2598,-974258,-648109,1622575,208,0
1083590,-470618,-612973,-1,1628650,-708647,-920214,-211,0
0,0,0,0,0,0,0,0,1
-92003,-146356,238359,0,-119063,-189402,308465,0,1
286010,753378,-1037439,1949,434236,1147281,-1580053,1464,0
0,0,0,0,0,0,0,0,1
52,547,-599,0,98,1037,-1136,-1,1
-529770,-528470,1062789,4549,-815897,-817363,1633258,-2,0
1064089,-350364,-711777,1948,1602884,-530595,-1072501,-212,0
337362,727377,-1062140,2599,507761,1090933,-1597858,836,0
-1066040,420565,649374,3899,-1620481,637215,984102,836,0
27059,43045,-70105,-1,43295,68873,-112169,-1,1
45501,93603,-135856,3248,507552,1091352,-1597858,1046,0
-130,112,18,0,-15090,12958,2132,0,1
194500,-219631,25130,-1,251707,-284228,32521,0,1
-5587,3559,2027,-1,-16133,10279,5853,-1,1
82553,-979587,900283,3249,122541,-1472175,1349632,-2,0
1042639,-781980,-258710,1949,1568531,-1178913,-390039,-421,0
622073,-1082941,466067,5199,929430,-1628441,698591,-420,0
1069290,-703327,-365314,649,1606655,-1057419,-550076,-840,0
-876233,995187,-117655,1299,-1315908,1496053,-178681,1464,0
65652,-142356,78002,1298,740904,-1631583,890258,-421,0
-5656,2828,2828,0,-16334,8167,8167,0,1
73,67,-141,-1,8534,7793,-16328,-1,1
-332163,1061489,-728678,648,-499383,1597019,-1096799,837,0
-328263,704626,-375065,1298,-761853,1632839,-869731,1255,0
445266,624023,-1067991,1298,677015,949330,-1625090,1255,0
-360114,-705277,1069940,4549,-542535,-1063074,1605608,-1,0
1075140,-409516,-665625,-1,1617757,-617107,-1001070,-420,0
523269,464117,-989338,-1952,866797,766251,-1632002,1046,0
-241160,-709827,952935,1948,-396951,-1173885,1570835,-1,0
670175,-1066040,397814,1949,1013428,-1616501,602862,-211,0
589572,495968,-1083591,1949,887116,744465,-1630955,626,0
49999,18301,-68301,-1,79999,29282,-109282,-1,1
798229,-908735,112454,1948,1311927,-1498778,186430,-421,0
-9868,5607,4261,0,-28197,16020,12176,-1,1
-577872,640924,-62403,649,-1333923,1483276,-148098,1255,0
-831382,-191108,1025088,2598,-1246782,-289282,1536901,837,0
45922,-69526,23603,-1,73476,-111242,37765,-1,1
30000,30000,30000,90000,60000,60000,60000,180000,1
1052389,-646775,-403666,1948,1618385,-996881,-622344,-840,0
30000,30000,30000,90000,60000,60000,60000,180000,1
698126,-245060,-451117,1949,1609378,-566205,-1043803,-630,0
842431,173556,-1014038,1949,1266890,259536,-1526009,417,0
-473218,1080990,-607773,-1,-711579,1629488,-916862,1047,0
-136506,96203,41601,1298,-1587803,1124868,463772,837,0
507018,-1061490,555770,1298,777562,-1633259,855067,-630,0
-100,-36,136,0,-11550,-4227,15777,0,1
0,0,0,0,0,0,0,0,1
632,-138,-493,1,1197,-261,-935,1,1
247009,-344513,99453,1949,1132618,-1585918,452879,-421,0
-1027689,280160,748828,1299,-1578796,429419,1150214,837,0
100,36,-136,0,11550,4227,-15777,0,1
-796280,907433,-111805,-652,-1311509,1499196,-186431,1256,0
-1025089,823580,204107,2598,-1540672,1239030,302897,1255,0
-245060,341912,-95554,1298,-1134714,1585289,-449319,1256,0
66302,75402,-139106,2598,746979,884603,-1631164,418,0
0,0,0,0,0,0,0,0,1
0,0,0,0,0,0,0,0,1
137,-97,-40,0,15882,-11243,-4639,0,1
558,-202,-355,1,16133,-5853,-10279,1,1
399,-546,146,-1,11549,-15777,4227,-1,1
-53953,-87104,141055,-2,-627790,-992273,1619642,-421,0
-178107,-375715,555120,1298,-516979,-1083393,1600580,208,0
890533,55252,-943186,2599,1371417,82741,-1453741,417,0
3059,6624,-9683,0,8740,18925,-27666,-1,1
417965,661074,-1076441,2598,627789,992272,-1619643,418,0
-569422,-516120,1088790,3248,-855487,-777563,1632630,-420,0
75402,-143006,68902,1298,852344,-1633259,780704,-211,0
-370514,978286,-609073,-1301,-612289,1617967,-1005050,628,0
347,-664,317,0,657,-1258,600,-1,1
-280811,324362,-42252,1299,-1302292,1505270,-201723,1255,0
1375,-973,-401,1,15882,-11243,-4639,0,1
339312,724127,-1062790,649,511951,1087582,-1598906,627,0
280160,-703327,425115,1948,642452,-1622366,979284,-630,0
1034838,-809931,-222959,1948,1552192,-1216618,-336204,-630,0
46151,586321,-632474,-2,105155,1359687,-1463586,1256,0
304861,727377,-1030939,1299,469218,1120678,-1589060,836,0
771578,-1018589,248309,1298,1184149,-1566647,381868,-630,0
-912635,790429,122854,648,-1503386,1304386,200465,1465,0
-967237,912634,55252,649,-1452065,1373512,80018,1465,0
-341263,247009,96203,1949,-1580053,1147281,434236,1464,0
109204,23400,-130655,1949,1246362,291167,-1537111,418,0
-189158,-165107,355563,1298,-876015,-755778,1631792,-1,0
767678,-1053040,287310,1948,1148957,-1580472,431094,-421,0
-62403,139105,-75403,1299,-737554,1631582,-892773,1255,0
256,-564,308,0,7415,-16311,8896,0,1
217758,810580,-1028339,-1,331176,1220387,-1550098,1465,0
1017288,-770929,-244410,1949,1564760,-1187292,-378308,-840,0
330,1025,-1355,0,3813,11848,-15661,0,1
-523920,1082290,-557721,649,-790760,1633677,-841871,1046,0
-707227,-358164,1071240,5849,-1063493,-541697,1605608,418,0
361413,345162,-705927,648,834958,798509,-1632840,627,0
-670826,139755,533019,1948,-1546747,321121,1226462,836,0
1144,-1291,147,0,13214,-14922,1707,-1,1
-864533,1001037,-135856,648,-1298941,1507155,-206960,1254,0
273660,-1023789,753378,3249,419154,-1577330,1157755,-421,0
754678,-1056290,303561,1949,1129895,-1586966,456650,-421,0
982186,-889884,-91004,1298,1478248,-1340835,-137834,-421,0
-722178,-338013,1066039,5848,-1087792,-510904,1598905,209,0
0,208206,-208206,0,0,269443,-269443,0,1
13000,115054,-126105,1949,132805,1343976,-1475736,1045,0
-8008,-1034,9043,1,-22882,-2956,25838,0,1
399764,-547971,150155,1948,1149376,-1579844,430047,-421,0
-549921,391964,157955,-2,-1584871,1133875,451832,836,0
-351664,204107,149505,1948,-1625718,946607,680157,1046,0
-471268,1080340,-609073,-1,-709694,1629488,-918329,1465,0
-670176,-377015,1049139,1948,-1029978,-582754,1612730,-2,0
-969187,911334,57852,-1,-1453741,1371417,83789,1465,0
776,-8935,8158,-1,2219,-25528,23309,0,1
74752,-143656,68902,-2,850878,-1633259,781961,-420,0
-675376,-393265,1074490,5849,-1018876,-595741,1615243,626,0
1950,120904,-121555,1299,7122,1411636,-1417502,1256,0
-304212,-1951,308761,2598,-1408285,-11521,1420224,418,0
-570072,-516770,1088790,1948,-854230,-778401,1632839,208,0
30000,30000,30000,90000,60000,60000,60000,180000,1
-913285,964636,-49402,1949,-1373094,1452274,-77924,1256,0
-453717,1067339,-613623,-1,-691470,1627812,-935296,1046,0
-948386,19500,932134,3248,-1426928,26603,1401162,837,0
0,0,0,0,0,0,0,0,1
30000,30000,30000,90000,60000,60000,60000,180000,1
221658,-946436,726727,1949,362597,-1560991,1197974,-420,0
-3788,9814,-6026,0,-10823,28042,-17218,1,1
-214212,201630,12582,0,-277216,260933,16283,0,1
215158,-1018589,807980,4549,322168,-1548004,1226043,207,0
105303,-345163,243109,3249,478435,-1591993,1112928,-630,0
986736,-102704,-883384,648,1486627,-157105,-1329314,208,0
642,770,-1412,0,7415,8896,-16311,0,1
-5547,-58274,63822,1,-8876,-93239,102115,0,1
986086,-436167,-552521,-2602,1629278,-719539,-910369,-630,0
456967,599322,-1056290,-1,706132,922936,-1628232,836,0
1375,-973,-401,1,15882,-11243,-4639,0,1
3673,-5562,1888,-1,10608,-16060,5452,0,1
352963,-207358,-146256,-651,1625926,-946189,-680158,-421,0
47451,913934,-960736,649,71639,1378120,-1448504,1255,0
770928,-1052390,284060,2598,1153356,-1578796,425229,-211,0
67249,-14701,-52548,0,107599,-23522,-84077,0,1
-453067,1067339,-613623,649,-691260,1627602,-935506,836,0
510919,-991288,481668,1299,837890,-1633678,795158,-630,0
-390,-270,661,1,-739,-511,1251,1,1
-1014689,838531,178756,2598,-1528104,1262910,266449,1255,0
0,0,0,0,0,0,0,0,1
30000,30000,30000,90000,60000,60000,60000,180000,1
-1063440,719576,347763,3899,-1600372,1081088,520539,1255,0
-1054340,705926,352963,4549,-1602885,1071452,532479,1046,0
-132,542,-410,0,-3813,15661,-11848,0,1
640273,-975687,337362,1948,1051552,-1608751,556359,-840,0
128704,-542121,412765,-652,369300,-1562876,1193156,-420,0
-550571,163806,388064,1299,-1589689,472151,1118374,836,0
900933,-975687,78002,3248,1352565,-1469661,116885,-211,0
902233,-974387,75402,3248,1354869,-1467776,112905,-2,0
-41562,-28760,70323,1,-66500,-46016,112517,1,1
646,-188,-457,1,1223,-357,-866,0,1
-1060840,581121,480367,648,-1630326,894029,737343,1046,0
7527,1804,-9331,0,21507,5154,-26661,0,1
-136506,96203,41601,1298,-1587594,1125287,463144,837,0
-237456,86157,151298,-1,-307296,111497,195798,-1,1
-224259,-784580,1011437,2598,-345421,-1210124,1555125,-420,0
-177457,352313,-172907,1949,-825113,1633886,-807518,1255,0
-43,-94,138,1,-5047,-10929,15977,1,1
0,8573,-8573,0,0,24494,-24494,0,1
355563,-183307,-170957,1299,1632839,-838939,-794530,-630,0
-139106,88403,52651,1948,-1612102,1031024,582124,1046,0
-98804,135855,-36402,649,-1150634,1579633,-428163,836,0
-894434,-87104,982836,1298,-1343139,-132387,1476154,628,0
70710,-35355,-35355,0,113137,-56568,-56568,1,1
534970,549920,-1083591,1299,806679,827207,-1632840,1046,0
-141313,-97786,239099,0,-182875,-126546,309422,1,1
-522,73,448,-1,-15090,2132,12958,0,1
-44852,-588923,634423,648,-104737,-1359478,1464214,-1,0
-614,527,86,-1,-1162,998,164,0,1
867132,-1003638,139105,2599,1298311,-1507785,208844,-630,0
1409,-608,-801,0,16283,-7032,-9251,0,1
86453,809280,-896384,-651,142650,1338530,-1480135,1045,0
30000,30000,30000,90000,60000,60000,60000,180000,1
-537571,421215,116354,-2,-1550936,1219131,332852,1047,0
-277561,-767679,1049139,3899,-419574,-1157547,1576700,-421,0
-48752,-911985,964636,3899,-75830,-1375398,1451226,-2,0
-174,553,-378,1,-5047,15977,-10929,1,1
-662,376,286,0,-1254,712,541,-1,1
-614,86,527,-1,-1162,164,998,0,1
0,0,0,0,0,0,0,0,1
352313,-133255,-217109,1949,1616710,-609775,-1007355,-420,0
3788,-9814,6026,0,10823,-28042,17218,-1,1
-301,663,-362,0,-571,1256,-685,0,1
-461518,-54603,515469,-652,-1328267,-158362,1487256,627,0
-132605,104003,31201,2599,-1552403,1214941,338298,836,0
30000,30000,30000,90000,60000,60000,60000,180000,1
-37609,224447,-186838,0,-48670,290462,-241791,1,1
-1066040,421215,648724,3899,-1620691,638472,983264,1045,0
1409,-801,-608,0,16283,-9251,-7032,0,1
876882,-958786,84503,2599,1345443,-1474898,129244,-211,0
127404,-120905,-5851,648,1452274,-1373303,-79810,-839,0
985436,-568772,-417316,-652,1626555,-938857,-687909,-211,0
-192408,998437,-805381,648,-296195,1539833,-1242592,1046,0
130004,-542771,412115,-652,374118,-1564343,1189804,-421,0
30000,30000,30000,90000,60000,60000,60000,180000,1
55252,83853,-138456,649,628627,991643,-1619643,627,0
-769629,-277561,1052389,5199,-1156918,-419365,1576700,417,0
1082940,-582422,-499869,649,1631582,-878529,-753055,-2,0
-1144,-147,1291,0,-13214,-1707,14922,1,1
30000,30000,30000,90000,60000,60000,60000,180000,1
8820,-8302,-518,0,25201,-23721,-1480,0,1
540170,-122855,-417966,-651,1557429,-353800,-1203840,-211,0
826830,197607,-1023139,1298,1244896,293471,-1537949,418,0
876232,-958786,85153,2599,1345233,-1475107,129454,-420,0
-1069941,703976,366613,648,-1606028,1058674,548818,1464,0
-642875,1050439,-405616,1948,-991435,1620480,-627581,1464,0
345812,-107905,-237259,648,1594087,-491004,-1103712,-629,0
-312012,298361,14950,1299,-1442639,1384404,59699,1464,0
-967887,911984,57852,1949,-1453741,1371627,83160,1046,0
103,-620,516,-1,196,-1175,978,-1,1
1043289,-780030,-261310,1949,1569369,-1176609,-393181,-421,0
45501,92953,-136506,1948,511532,1088001,-1598906,627,0
-494019,-191108,687075,1948,-1139741,-443035,1582775,-1,0
-72153,139755,-66303,1299,-849412,1633468,-783009,1047,0
-986087,106603,885333,5849,-1486000,157313,1329732,1045,0
0,0,0,0,0,0,0,0,1
-354264,1041989,-687076,649,-545677,1606655,-1060351,627,0
-437,1383,-946,0,-5047,15977,-10929,1,1
109146,130940,-240086,0,141248,169451,-310700,-1,1
-550,389,160,-1,-15882,11243,4639,0,1
-550,389,160,-1,-15882,11243,4639,0,1
57206,7391,-64597,0,91529,11826,-103355,0,1
510919,-991288,481018,649,838728,-1633678,794529,-421,0
-352314,203457,148855,-2,-1625509,946188,680576,1255,0
-36946,-33740,70686,0,-59113,-53984,113098,1,1
1036788,-712427,-323063,1298,1595762,-1098266,-498127,-631,0
226858,-349064,126104,3898,1037518,-1611893,573745,-630,0
-967237,913934,53952,649,-1451227,1374559,77714,1046,0
30000,30000,30000,90000,60000,60000,60000,180000,1
-928235,-22751,956185,5199,-1394879,-37287,1433002,836,0
-522,73,448,-1,-15090,2132,12958,0,1
-707227,347763,362063,2599,-1632631,802489,831187,1045,0
-918,-472,1390,0,-10608,-5452,16060,0,1
-27302,930184,-904184,-1302,-40429,1434887,-1393413,1045,0
-676026,-393265,1075140,5849,-1017828,-597207,1615453,418,0
-1064740,355563,713726,4549,-1602885,532898,1071033,1046,0
92003,-238359,146356,0,119063,-308465,189402,0,1
1074490,-495319,-577222,1949,1631582,-753474,-878110,-2,0
140,-60,-80,0,16283,-7032,-9251,0,1
40951,-508970,468667,648,115000,-1469032,1353612,-420,0
-470,642,-172,0,-890,1215,-325,0,1
-376365,704626,-326963,1298,-872454,1632630,-758920,1256,0
-656,238,418,0,-1243,451,792,0,1
-537,607,-69,1,-1018,1149,-131,0,1
-980887,365313,616873,1299,-1615244,599720,1016152,628,0
-4823,-148,4971,0,-13927,-427,14354,0,1
-20801,130654,-108555,1298,-252415,1524123,-1271081,627,0
-976987,873632,107254,3899,-1486628,1328894,159199,1465,0
-214212,201630,12582,0,-277216,260933,16283,0,1
980236,-876883,-100754,2599,1485789,-1330990,-154801,-2,0
-36402,954885,-919785,-1302,-53416,1440962,-1386710,836,0
-1375,401,973,-1,-15882,4639,11243,0,1
825530,-992588,170306,3248,1266471,-1526847,259955,-421,0
0,0,0,0,0,0,0,0,1
711126,-1039389,329562,1299,1091143,-1598487,506923,-421,0
-299012,-266510,566171,649,-861981,-770441,1632630,208,0
30000,30000,30000,90000,60000,60000,60000,180000,1
-877533,835281,41601,-651,-1446409,1380425,67031,1047,0
425115,-703977,280810,1948,976980,-1622785,644966,-839,0
-62403,139755,-75403,1949,-738392,1631582,-892145,1045,0
221658,339312,-562272,-1302,637215,983893,-1620691,417,0
-315912,-653925,970486,649,-520540,-1080880,1600999,-421,0
492068,-1086191,597372,3249,736087,-1631374,894657,-630,0
-846982,1009487,-159906,2599,-1275899,1521400,-243827,1674,0
-709177,1036788,-326313,1298,-1091772,1598276,-505458,1046,0
-74292,-160869,235162,1,-96143,-208184,304328,1,1
-558371,358163,200857,649,-1611474,1035842,576259,627,0
0,0,0,0,0,0,0,0,1
30000,30000,30000,90000,60000,60000,60000,180000,1
43,94,-138,-1,5047,10929,-15977,-1,1
-141,70,70,-1,-16334,8167,8167,0,1
-726078,-319812,1051089,5199,-1105597,-488491,1594087,-1,0
-11061,66014,-54952,1,-17698,105622,-87924,0,1
468667,-694227,227508,1948,1077736,-1602257,523891,-630,0
893133,90353,-980237,3249,1343348,132805,-1475945,208,0
-275611,701376,-422516,3249,-639940,1622156,-980961,1255,0
-939936,919134,22750,1948,-1428604,1399696,30792,1884,0
-1051740,764428,289260,1948,-1579634,1149167,431513,1046,0
30000,30000,30000,90000,60000,60000,60000,180000,1
-432917,-98154,531719,648,-1250133,-284464,1535225,628,0
0,0,0,0,0,0,0,0,1
470,-642,172,0,890,-1215,325,0,1
-263260,-435517,701376,2599,-609566,-1007774,1617129,-211,0
654574,421865,-1076441,-2,986825,634073,-1620272,626,0
274310,772228,-1045890,648,413499,1162154,-1575026,627,0
-1041340,252859,791079,2598,-1564761,378936,1186872,1047,0
9414,-2058,-7356,0,26899,-5880,-21019,0,1
-430,533,-103,0,-12420,15397,-2976,1,1
-312662,-391965,707226,2599,-722472,-907227,1629697,-2,0
-766379,1049789,-282111,1299,-1151472,1579214,-426906,836,0
30000,30000,30000,90000,60000,60000,60000,180000,1
1025088,-275611,-748179,1298,1577957,-425649,-1152938,-630,0
88,439,-528,-1,2555,12694,-15249,0,1
437466,641574,-1078391,649,659001,964831,-1623414,418,0
-91,139,-47,1,-10608,16060,-5452,0,1
-1051740,650024,404965,3249,-1617968,999394,620039,1465,0
700726,-438767,-261310,649,1616291,-1011335,-605377,-421,0
537570,-423816,-114405,-651,1549678,-1221645,-328663,-630,0
-261960,-437467,701376,1949,-604748,-1011754,1616291,-211,0
-291211,563571,-272361,-1,-843547,1633468,-789294,627,0
-173557,-841782,1017938,2599,-260585,-1266263,1527055,207,0
-8820,8302,518,0,-25201,23721,1480,0,1
-1062140,506368,557070,1298,-1632002,779028,854229,1255,0
-926935,-24701,956835,5199,-1394041,-39381,1433840,418,0
1054339,-341913,-710477,1949,1600999,-520540,-1080251,208,0
30000,30000,30000,90000,60000,60000,60000,180000,1
-484269,-11701,497268,1298,-1396345,-34773,1431745,627,0
313311,656524,-969187,648,517188,1083392,-1599953,627,0
-646,188,457,-1,-1223,357,866,0,1
1548,-9241,7693,0,4424,-26405,21981,0,1
593472,480367,-1071891,1948,900732,730221,-1629907,1046,0
214212,-201630,-12582,0,277216,-260933,-16283,0,1
453066,243109,-695527,648,1046525,562853,-1608960,418,0
-170957,677975,-505069,1949,-398627,1571673,-1172000,1046,0
143655,-72153,-68253,3249,1632839,-821762,-811498,-421,0
204107,-353614,152105,2598,933619,-1628022,693773,-630,0
-528470,1071890,-542771,649,-805423,1633886,-826789,1674,0
-431,-221,653,1,-817,-420,1237,0,1
83,57,-140,0,9600,6643,-16244,-1,1
801480,233358,-1032239,2599,1208028,348353,-1555754,627,0
936685,5850,-942536,-1,1410798,7541,-1417921,418,0
-224259,690975,-465418,1298,-521797,1602047,-1078994,1256,0
-541,-860,1402,1,-6250,-9943,16194,1,1
-140406,78652,62402,648,-1627394,929639,698591,836,0
-1002338,197607,806680,1949,-1540463,302059,1239240,836,0
811880,-1033539,224258,2599,1216826,-1552612,335575,-211,0
-380265,-686426,1072540,5849,-575422,-1036262,1611682,-2,0
235308,110504,-344513,1299,1083602,516559,-1599743,418,0
-882084,-107905,994537,4548,-1324915,-164018,1489350,417,0
-228649,49985,178664,0,-295899,64686,231212,-1,1
-166407,-186557,355563,2599,-770022,-862609,1632211,-420,0
-460218,-55903,516119,-2,-1325963,-162132,1488722,627,0
-92003,-146356,238359,0,-119063,-189402,308465,0,1
960735,-689676,-271711,-652,1583404,-1137437,-446806,-839,0
-1086841,564221,523919,1299,-1632212,847735,785522,1045,0
0,0,0,0,0,0,0,0,1
-845032,995187,-148206,1949,-1286372,1515115,-227278,1465,0
30000,30000,30000,90000,60000,60000,60000,180000,1
531069,529119,-1058890,1298,819457,814429,-1633050,836,0
-1396,889,506,-1,-16133,10279,5853,-1,1
273010,57202,-330863,-651,1258092,273152,-1530617,627,0
0,-489,489,0,0,-14145,14145,0,1
841131,175506,-1014689,1948,1265005,262678,-1527056,627,0
44,466,-510,0,1281,13461,-14742,0,1
796279,-1038739,244409,1949,1194203,-1562876,368252,-421,0
337362,726727,-1062140,1949,507342,1091143,-1597858,627,0
-18862,-198133,216996,1,-24410,-256407,280818,1,1
-770279,-277561,1053039,5199,-1157337,-419155,1576910,418,0
-380265,-687076,1072540,5199,-574165,-1037519,1611473,-211,0
522619,-451767,-70853,-1,1504851,-1302083,-203189,-421,0
649374,321762,-971137,-1,1074175,528290,-1602257,208,0
-615574,1080990,-462168,3248,-928802,1628650,-698382,1466,0
676025,-520670,-154706,649,1558895,-1201745,-357570,-420,0
-141313,239099,-97786,0,-182875,309422,-126546,1,1
-856083,-146256,1006887,4548,-1288676,-223717,1513440,1047,0
5500,-1606,-3893,1,15882,-4639,-11243,0,1
586971,497268,-1083591,648,884603,746979,-1631164,418,0
-134556,29901,107254,2599,-1553869,342697,1211799,627,0
0,208206,-208206,0,0,269443,-269443,0,1
99,-136,36,-1,11549,-15777,4227,-1,1
-432267,-99454,533019,1298,-1248039,-287606,1536482,837,0
-927585,-23401,956185,5199,-1394251,-38753,1433631,627,0
155,482,-637,0,293,912,-1206,-1,1
30000,30000,30000,90000,60000,60000,60000,180000,1
50701,-328913,281460,3248,224345,-1514069,1288885,-839,0
114,14,-129,-1,13214,1707,-14922,-1,1
668875,-138456,-530420,-1,1546536,-319237,-1227510,-211,0
1033538,-812531,-219709,1298,1550516,-1219969,-331177,-630,0
-1066690,640273,430316,3899,-1621948,973000,650203,1255,0
639623,-1083591,447216,3248,955614,-1625509,669474,-421,0
-148206,919134,-772879,-1951,-244455,1521609,-1275899,1255,0
963336,-288611,-675376,-651,1591154,-478436,-1113138,-420,0
116354,-130655,17550,3249,1318630,-1494379,175328,-421,0
-178107,-375715,554470,648,-514884,-1085278,1599742,-420,0
122204,2600,-122855,1949,1393621,40637,-1434260,-2,0
-44,-466,510,0,-1281,-13461,14742,0,1
-664975,1060839,-393265,2599,-1013848,1616291,-601606,837,0
848281,-1011438,164456,1299,1274850,-1522029,247177,-2,0
141705,-52002,-87104,2599,1613149,-586943,-1026626,-420,0
932134,-31202,-901584,-652,1438448,-49227,-1388804,417,0
445916,621423,-1068641,-1302,680367,946607,-1625718,1256,0
333462,-1063440,732577,2599,497288,-1596811,1098684,-839,0
116354,-130005,16900,3249,1320725,-1492703,171558,-420,0
-522,73,448,-1,-15090,2132,12958,0,1
0,0,0,0,0,0,0,0,1
-640925,1050439,-408216,1298,-988502,1620899,-630932,1465,0
-1002338,200207,806030,3899,-1541301,304573,1237564,836,0
-8820,8302,518,0,-25201,23721,1480,0,1
847631,19500,-866483,648,1398858,30373,-1429023,208,0
-410816,1075140,-663675,649,-618573,1619014,-999395,1046,0
0,0,0,0,0,0,0,0,1
1006237,-144956,-859983,1298,1510926,-218271,-1292447,208,0
-172257,-842432,1017938,3249,-258490,-1267520,1526217,207,0
-122855,993237,-869733,649,-184965,1498358,-1312347,1046,0
893133,73452,-963337,3248,1356126,110811,-1466309,628,0
-256,-308,564,0,-7415,-8896,16311,0,1
-831,-575,1406,0,-9600,-6643,16244,1,1
-986737,569421,417965,649,-1626346,939485,688327,1466,0
1015988,-838532,-176157,1299,1528312,-1263540,-264983,-211,0
-3673,-1888,5562,1,-10608,-5452,16060,0,1
958785,-924985,-33152,648,1438867,-1389014,-50483,-630,0
-443,-4661,5105,1,-1281,-13461,14742,0,1
216,344,-560,0,6250,9943,-16194,-1,1
878832,-835932,-43552,-652,1448294,-1378121,-71012,-839,0
906783,65002,-967887,3898,1364924,94472,-1458978,418,0
23400,108554,-131305,649,261212,1266681,-1526428,1465,0
56124,174391,-230515,0,72631,225683,-298314,0,1
-504,474,29,-1,-14553,13698,854,-1,1
332,-562,230,0,9600,-16244,6643,-1,1
130004,-350364,222958,2598,594902,-1615244,1019922,-420,0
-686426,192407,495318,1299,-1582567,443872,1139531,836,0
559670,-207358,-352964,-652,1614615,-595531,-1019295,-211,0
-408216,-295762,705926,1948,-940952,-685395,1626345,-2,0
-1260,74,1186,0,-14553,854,13698,-1,1
30000,30000,30000,90000,60000,60000,60000,180000,1
156655,-353614,200207,3248,714301,-1629698,914976,-421,0
396514,-1075141,681225,2598,592179,-1614825,1022017,-629,0
-80604,978286,-898334,-652,-120028,1471126,-1350471,627,0
-558,202,355,-1,-16133,5853,10279,-1,1
-107255,-880133,991287,3899,-163808,-1325544,1489350,-2,0
0,0,0,0,0,0,0,0,1
-891834,-52652,947085,2599,-1370580,-83371,1454368,417,0
-295112,1040688,-744928,648,-449529,1585289,-1134505,1255,0
3059,6624,-9683,0,8740,18925,-27666,-1,1
180706,-354914,175506,1298,827836,-1633887,805422,-629,0
-390,661,-270,1,-739,1251,-511,1,1
280810,-703327,424465,1948,644756,-1622366,977399,-211,0
-650675,-319162,971786,1949,-1074386,-528500,1602884,-2,0
-417966,-659125,1080990,3899,-628419,-991435,1619852,-2,0
5200,486218,-492069,-651,12149,1409122,-1420225,1046,0
42901,-509620,468017,1298,119399,-1470708,1351308,-1,0
-748829,1053689,-302912,1948,-1127801,1587593,-458746,1046,0
-155,637,-482,0,-293,1206,-912,1,1
-632,493,138,-1,-1197,935,261,-1,1
432266,-1055640,625973,2599,661933,-1624671,962317,-421,0
-126,7,118,-1,-14553,854,13698,-1,1
318511,-25351,-291861,1299,1467146,-112487,-1354660,-1,0
157955,517419,-674726,648,363435,1197764,-1560572,627,0
-253510,-86454,342562,2598,-1174304,-395904,1570416,208,0
-140406,79302,62402,1298,-1627603,925450,703199,1046,0
-123505,993887,-869083,1299,-186222,1498986,-1311718,1046,0
-111155,967236,-856733,-652,-170092,1492492,-1321145,1255,0
0,-489,489,0,0,-14145,14145,0,1
-401066,-144956,546670,648,-1159432,-416432,1576072,208,0
214212,-201630,-12582,0,277216,-260933,-16283,0,1
88,439,-528,-1,2555,12694,-15249,0,1
-5818,9845,-4026,1,-16625,28129,-11504,0,1
125617,-240333,114716,0,162563,-311020,148456,-1,1
451116,244409,-695527,-2,1043383,566623,-1609589,417,0
222958,-946436,725427,1949,365529,-1561829,1195670,-630,0
949035,-18201,-928235,2599,1429232,-30374,-1399069,-211,0
-332,-230,562,0,-9600,-6643,16244,1,1
-140406,69552,72152,1298,-1632631,822180,811287,836,0
-421216,-656525,1080990,3249,-632189,-988083,1620480,208,0
132604,865182,-997788,-2,199836,1304805,-1503386,1255,0
30000,30000,30000,90000,60000,60000,60000,180000,1
-141056,70202,72152,1298,-1632840,821970,811706,836,0
0,0,0,0,0,0,0,0,1
-605823,616873,-9101,1949,-1400535,1427765,-25975,1255,0
-458268,-618824,1082290,5198,-692308,-934877,1627602,417,0
299661,753378,-1051740,1299,450994,1134713,-1584661,1046,0
3059,-9683,6624,0,8740,-27666,18925,-1,1
252859,-1042640,791729,1948,376631,-1565180,1188338,-211,0
0,0,0,0,0,0,0,0,1
120,3,-124,-1,13927,427,-14354,0,1
-1054340,705926,352313,3899,-1603095,1071452,532689,1046,0
769628,-1053040,286010,2598,1151261,-1579425,427952,-212,0
536270,549270,-1083591,1949,808774,825322,-1632840,1256,0
-252860,563571,-311362,-651,-730222,1630954,-899895,837,0
409515,293811,-702677,649,945978,680157,-1625509,626,0
-170000,-62224,232224,0,-220000,-80525,300525,0,1
5200,937985,-943186,-1,7750,1411217,-1417921,1046,0
85803,-142356,59152,2599,958965,-1625090,665704,-421,0
-120,124,-3,1,-13927,14354,-427,0,1
282110,-703327,423815,2598,646642,-1622785,975304,-839,0
-119605,122854,-1951,1298,-1390480,1437192,-45456,1256,0
11700,-128055,118304,1949,122332,-1471965,1349632,-1,0
-1025089,823580,204107,2598,-1540882,1238821,303106,1045,0
-276911,-768979,1049789,3899,-418108,-1158594,1576281,-421,0
214212,-12582,-201630,0,277216,-16283,-260933,0,1
343862,-248960,-93604,1298,1581099,-1145397,-436542,-840,0
1083590,-508970,-573972,648,1632420,-769184,-863656,-420,0
-650675,-320463,972436,1298,-1072501,-530804,1603094,-211,0
-33802,-287961,323712,1949,-158781,-1328686,1487465,-2,0
30000,30000,30000,90000,60000,60000,60000,180000,1
0,0,0,0,0,0,0,0,1
139755,-41602,-96204,1949,1588640,-465658,-1122984,-2,0
-92003,-146356,238359,0,-119063,-189402,308465,0,1
-1045890,358163,687725,-2,-1606237,550075,1056789,627,0
3059,6624,-9683,0,8740,18925,-27666,-1,1
-24051,929534,-904184,1299,-37496,1433421,-1394670,1255,0
30000,30000,30000,90000,60000,60000,60000,180000,1
-389365,-593473,983486,648,-641406,-980542,1621737,-211,0
-73,141,-67,1,-8534,16328,-7793,1,1
-585672,-495969,1086190,4549,-882928,-748446,1631582,208,0
-853482,-148856,1007537,5199,-1287210,-226440,1514278,628,0
300311,-967237,668875,1949,492679,-1595344,1102035,-630,0
-80604,978936,-897034,1298,-122123,1472174,-1349005,1046,0
0,0,0,0,0,0,0,0,1
566,-584,17,-1,1073,-1106,32,-1,1
313961,656524,-969187,1298,518444,1082135,-1600372,207,0
824880,-992588,169656,1948,1266890,-1526847,259536,-421,0
9625,-2811,-6814,0,27502,-8033,-19469,0,1
-643525,1050439,-405616,1298,-992063,1620480,-626743,1674,0
-514820,-568122,1086840,3898,-774840,-857582,1632630,208,0
30000,30000,30000,90000,60000,60000,60000,180000,1
0,-122,122,0,0,-14145,14145,0,1
-458268,-620124,1082290,3898,-689794,-937181,1627393,418,0
301611,-1044590,746877,3898,452461,-1586128,1133247,-420,0
213858,813180,-1027039,-1,325101,1224367,-1548423,1045,0
-1086841,562921,524569,649,-1632421,846060,787407,1046,0
-216,560,-344,0,-6250,16194,-9943,1,1
-591523,-477768,1075140,5849,-901990,-727918,1630535,627,0
237908,712426,-951636,-1302,395693,1175141,-1569998,836,0
-738428,-317212,1060189,4549,-1111882,-479693,1592411,836,0
-372464,1056289,-683826,-1,-567881,1610844,-1041918,1045,0
-44,-466,510,0,-1281,-13461,14742,0,1
-1038739,710476,330862,2599,-1597439,1092819,505876,1256,0
30000,30000,30000,90000,60000,60000,60000,180000,1
849581,-999088,152105,2598,1285743,-1515954,229791,-420,0
942535,-923685,-16251,2599,1427975,-1401163,-27232,-420,0
-537571,421215,117004,648,-1550936,1218712,333061,837,0
-249610,1040038,-790430,-2,-374538,1564760,-1189177,1045,0
-993888,875582,119604,1298,-1493750,1318421,176794,1465,0
-529120,1072540,-541471,1949,-806680,1633886,-825742,1464,0
30000,30000,30000,90000,60000,60000,60000,180000,1
9145,-1292,-7853,0,26131,-3691,-22439,1,1
-664,332,332,0,-1258,629,629,0,1
74292,-235162,160869,-1,96143,-304328,208184,-1,1
-642875,-436817,1082940,3248,-965251,-657954,1623622,417,0
5500,-1606,-3893,1,15882,-4639,-11243,0,1
-1409,801,608,0,-16283,9251,7032,0,1
256,308,-564,0,7415,8896,-16311,0,1
-1006238,148205,862582,4549,-1510927,220365,1291818,1256,0
-918,1390,-472,0,-10608,16060,-5452,0,1
674075,400415,-1072541,1949,1015104,600977,-1615244,837,0
-139756,-841132,981536,648,-213453,-1296008,1509460,-1,0
1038738,-709177,-327613,1948,1597438,-1092820,-505458,-840,0
-107,-25,133,1,-12420,-2976,15397,1,1
293160,-1050440,760528,3248,436541,-1581938,1144977,-420,0
0,0,0,0,0,0,0,0,1
219708,341262,-561622,-652,631769,988711,-1620062,418,0
5818,-9845,4026,-1,16625,-28129,11504,0,1
522619,465417,-989338,-1302,863655,769183,-1632002,836,0
-227509,1031588,-804081,-2,-342698,1554915,-1211381,836,0
93603,-140406,48751,1948,1059931,-1606447,546095,-421,0
378314,690325,-1068641,-2,570813,1040450,-1610427,836,0
1053689,-432917,-620774,-2,1624460,-668218,-956453,-211,0
-284711,-751429,1042639,6499,-434866,-1146445,1581309,-2,0
1748,-5533,3785,0,5047,-15977,10929,-1,1
-1057590,751428,306811,649,-1586337,1129686,457488,837,0
-140406,-210608,353613,2599,-651880,-971325,1622784,-421,0
-661075,-400416,1066689,5198,-1005050,-612499,1617757,208,0
-733228,-297712,1032888,1948,-1126964,-460003,1587174,207,0
0,0,0,0,0,0,0,0,1
266509,-337363,71502,648,1223739,-1549470,324892,-839,0
-174,-378,553,1,-5047,-10929,15977,1,1
-566172,285360,281460,648,-1632840,823646,810030,836,0
221008,339962,-562272,-1302,637215,983893,-1620691,417,0
-33,135,-102,0,-3813,15661,-11848,0,1
-332,562,-230,0,-9600,16244,-6643,1,1
21850,-69165,47314,-1,34961,-110664,75703,0,1
-327613,560971,-233359,-1,-948912,1626136,-676388,836,0
-986737,568121,418615,-1,-1626765,937809,690212,1256,0
522619,552520,-1073841,1298,793482,840194,-1632631,1045,0
1052389,-341263,-711127,-1,1600790,-519074,-1081508,208,0
0,0,0,0,0,0,0,0,1
26650,-930835,906783,2598,38961,-1434051,1394878,-212,0
880782,-995838,118304,3248,1318002,-1495007,176794,-211,0
-693576,956835,-263260,-1,-1145397,1581518,-435285,836,0
30000,30000,30000,90000,60000,60000,60000,180000,1
123504,860632,-984137,-1,187478,1312346,-1498149,1675,0
-633124,588272,45501,649,-1462329,1361153,102432,1256,0
-5040,296,4744,0,-14553,854,13698,-1,1
103,-620,516,-1,196,-1175,978,-1,1
8820,-8302,-518,0,25201,-23721,-1480,0,1
35101,287310,-320463,1948,153543,1332036,-1484533,1046,0
12350,115054,-126105,1299,135319,1342510,-1476992,837,0
116354,-130005,16900,3249,1318630,-1494169,175328,-211,0
379614,-1061490,685125,3249,571650,-1611474,1039822,-2,0
1032888,-261960,-770279,649,1571045,-398627,-1172419,-1,0
-664,332,332,0,-1258,629,629,0,1
217758,-1019239,806030,4549,326358,-1549679,1223320,-1,0
579821,-1060840,483618,2599,888373,-1631793,742580,-840,0
300961,729977,-1030289,649,464191,1124658,-1587803,1046,0
-21850,69165,-47314,1,-34961,110664,-75703,0,1
9145,-1292,-7853,0,26131,-3691,-22439,1,1
-32101,70613,-38511,1,-51363,112982,-61618,1,1
-918,-472,1390,0,-10608,-5452,16060,0,1
30000,30000,30000,90000,60000,60000,60000,180000,1
-156137,-80252,236390,1,-202060,-103856,305917,1,1
531069,136505,-668876,-1302,1228138,318817,-1546328,627,0
0,0,0,0,0,0,0,0,1
-123505,993887,-869083,1299,-186641,1499196,-1311300,1255,0
0,0,0,0,0,0,0,0,1
178756,373764,-554471,-1951,515302,1084859,-1599534,627,0
425115,-703977,281460,2598,975514,-1622995,646642,-839,0
0,0,0,0,0,0,0,0,1
84503,-980237,898983,3249,124636,-1473222,1348375,-211,0
-368564,976986,-611023,-2601,-608519,1617548,-1007983,1046,0
30000,30000,30000,90000,60000,60000,60000,180000,1
-738428,-315262,1059539,5849,-1113976,-476970,1591573,627,0
1034188,-812531,-219709,1948,1550516,-1220388,-330339,-211,0
533019,134555,-668226,-652,1231280,313790,-1544443,627,0
107,25,-133,-1,12420,2976,-15397,-1,1
-11061,66014,-54952,1,-17698,105622,-87924,0,1
-133906,29251,107254,2599,-1553659,342278,1212218,837,0
73,-141,67,-1,8534,-16328,7793,-1,1
-911985,965286,-52002,1299,-1371628,1454159,-81066,1465,0
297711,-966587,670825,1949,487442,-1594297,1106225,-630,0
125617,-240333,114716,0,162563,-311020,148456,-1,1
1067990,-423166,-643525,1299,1621528,-642453,-979285,-210,0
63052,269110,-331513,649,286139,1250132,-1535435,836,0
302261,728677,-1030939,-1,467124,1122145,-1588641,628,0
432266,98803,-531070,-1,1248457,287396,-1536064,-211,0
-119605,122854,-1951,1298,-1391109,1436773,-44409,1255,0
55252,-141706,87753,1299,621086,-1619015,997508,-421,0
-897034,975686,-76053,2599,-1351099,1470498,-118143,1256,0
30000,30000,30000,90000,60000,60000,60000,180000,1
1084240,-508970,-573972,1298,1632211,-768556,-864285,-630,0
-617524,1080340,-460868,1948,-931107,1628231,-696078,1046,0
-10401,-117005,129354,1948,-131968,-1344187,1475735,-420,0
0,0,0,0,0,0,0,0,1
1056939,-752079,-302262,2598,1586127,-1130944,-455394,-211,0
529769,529769,-1059540,-2,818409,815477,-1633050,836,0
56124,174391,-230515,0,72631,225683,-298314,0,1
-140,60,80,0,-16283,7032,9251,0,1
30000,30000,30000,90000,60000,60000,60000,180000,1
114,14,-129,-1,13214,1707,-14922,-1,1
-221009,-785880,1010787,3898,-341232,-1212847,1553868,-211,0
976986,-628574,-348414,-2,1611263,-1036681,-574794,-212,0
48101,585671,-632474,1298,107668,1358011,-1464843,836,0
-1076441,654574,425765,3898,-1620481,983474,638263,1256,0
705926,-1071241,368563,3248,1055323,-1607913,551960,-630,0
247659,-344513,98803,1949,1133456,-1585709,451413,-840,0
-707227,345162,364013,1948,-1632421,796415,837052,1046,0
892483,72802,-962687,2598,1356964,109344,-1465681,627,0
232708,-1034839,805380,3249,345420,-1555754,1209914,-420,0
826830,-991938,167706,2598,1268566,-1526009,257022,-421,0
43,94,-138,-1,5047,10929,-15977,-1,1
968536,-111155,-856083,1298,1492702,-173444,-1319469,-211,0
74292,-235162,160869,-1,96143,-304328,208184,-1,1
0,0,0,0,0,0,0,0,1
943835,-215159,-729978,-1302,1557638,-354847,-1203002,-211,0
-311362,298361,14300,1299,-1441382,1385871,56976,1465,0
-102054,342562,-239209,1299,-479483,1592411,-1112091,837,0
-457,516,-59,0,-13214,14922,-1707,1,1
50000,18301,-68301,0,80000,29282,-109282,0,1
511569,-991288,481018,1299,839566,-1633469,793692,-211,0
-368564,976986,-611023,-2601,-608100,1617548,-1008402,1046,0
256,-564,308,0,7415,-16311,8896,0,1
815130,-1032889,219708,1949,1220387,-1550936,329919,-630,0
30000,30000,30000,90000,60000,60000,60000,180000,1
803430,96853,-901584,-1301,1328266,158780,-1486838,208,0
-1077091,409515,668225,649,-1617549,615849,1002326,626,0
30000,30000,30000,90000,60000,60000,60000,180000,1
891833,93603,-981537,3899,1340834,137623,-1478040,417,0
558,-202,-355,1,16133,-5853,-10279,1,1
0,0,0,0,0,0,0,0,1
125617,114716,-240333,0,162563,148456,-311020,-1,1
-80604,978936,-897684,648,-121285,1471964,-1349633,1046,0
298361,-967237,670175,1299,488909,-1594507,1105387,-211,0
-9868,5607,4261,0,-28197,16020,12176,-1,1
-627274,27951,600622,1299,-1444734,63470,1381472,208,0
1051739,-647425,-403016,1298,1618595,-997300,-621925,-630,0
1409,-801,-608,0,16283,-9251,-7032,0,1
-2568,5649,-3080,1,-7415,16311,-8896,0,1
27059,-70105,43045,-1,43295,-112169,68873,-1,1
0,0,0,0,0,0,0,0,1
-607123,615573,-7151,1299,-1402839,1425671,-21367,1465,0
-87104,-253510,342562,1948,-406378,-1167182,1573139,-421,0
-749479,1053689,-303562,648,-1127383,1587593,-458955,1255,0
30000,30000,30000,90000,60000,60000,60000,180000,1
1010137,-825531,-182657,1949,1533968,-1253904,-280065,-1,0
-48102,326312,-276261,1949,-227069,1514906,-1287001,836,0
-1080991,636373,446566,1948,-1624252,957080,668427,1255,0
564221,-323713,-241160,-652,1627393,-932363,-695450,-420,0
30000,30000,30000,90000,60000,60000,60000,180000,1
-9751,126104,-115055,1298,-127988,1474687,-1345863,836,0
-154056,351013,-195658,1299,-715559,1629697,-913301,837,0
-729328,-300312,1033538,3898,-1123403,-465030,1588221,-212,0
-63703,640924,-575922,1299,-149983,1484323,-1332875,1465,0
-1006238,180706,831381,5849,-1530408,272942,1258721,1255,0
30000,30000,30000,90000,60000,60000,60000,180000,1
222115,-190735,-31380,0,287443,-246833,-40610,0,1
-63703,139105,-74753,649,-738392,1631373,-892145,836,0
-140406,79302,62402,1298,-1627184,931525,696915,1256,0
1054989,-432917,-621424,648,1624460,-668428,-956662,-630,0
-222115,31380,190735,0,-287443,40610,246833,0,1
-256110,-785230,1044589,3249,-385221,-1182264,1567484,-1,0
1083590,-469318,-613623,649,1628440,-706552,-922309,-421,0
0,-122,122,0,0,-14145,14145,0,1
-209308,-479718,691625,2599,-484930,-1108530,1593039,-421,0
-981537,889883,95553,3899,-1478668,1339787,140346,1465,0
568771,517419,-1085541,649,856533,776724,-1632212,1045,0
-1069291,701376,370513,2598,-1607075,1054066,554474,1465,0
-21451,-927585,953585,4549,-35611,-1396764,1431955,-420,0
22750,109204,-130655,1299,256604,1269195,-1524962,837,0
831,-1406,575,0,9600,-16244,6643,-1,1
482,-497,14,-1,13927,-14354,427,0,1
208007,-1025089,820330,3248,309810,-1544024,1234213,-1,0
988687,-501819,-488819,-1951,1632839,-829303,-803957,-421,0
147555,-1004938,860632,3249,218898,-1511346,1292655,207,0
550,-160,-389,1,15882,-4639,-11243,0,1
668225,-137806,-530420,-1,1546536,-318399,-1227929,208,0
290560,27951,-319162,-651,1339577,139508,-1478668,417,0
36401,910684,-946436,649,54462,1387128,-1440335,1255,0
-390,-270,661,1,-739,-511,1251,1,1
-3999,5464,-1464,1,-11549,15777,-4227,1,1
-221,1320,-1099,0,-2555,15249,-12694,0,1
-494669,-189808,687075,2598,-1142465,-439055,1581937,417,0
-533020,-135856,671475,2599,-1229186,-316304,1545908,418,0
22750,-317862,297061,1949,98242,-1461282,1362829,-211,0
458917,622723,-1079691,1949,690631,937180,-1626556,1255,0
-332,-230,562,0,-9600,-6643,16244,1,1
93603,46151,-137806,1948,1061398,544419,-1605609,208,0
-42252,137155,-94254,649,-500640,1597229,-1095962,627,0
30000,30000,30000,90000,60000,60000,60000,180000,1
900283,-977637,78652,1298,1351936,-1470080,117933,-211,0
299011,265859,-565522,-652,863236,769393,-1632212,417,0
1052389,-341913,-710477,-1,1600790,-520121,-1080670,-1,0
-592,557,34,-1,-1121,1055,65,-1,1
-494669,-189158,687075,3248,-1142255,-439474,1581937,208,0
63003,-3700,-59302,1,100805,-5921,-94884,0,1
0,0,0,0,0,0,0,0,1
92953,436166,-528470,649,264773,1264167,-1527894,1046,0
9777,-6229,-3547,1,27936,-17799,-10136,1,1
676675,-520670,-155356,649,1559314,-1200488,-359246,-420,0
1748,3785,-5533,0,5047,10929,-15977,-1,1
656,-418,-238,0,1243,-792,-451,0,1
-129355,17550,113754,1949,-1511346,220784,1291399,837,0
668225,-1075141,409515,2599,1002745,-1618386,615430,-211,0
-393915,1071890,-676676,1299,-594065,1615243,-1020342,836,0
22100,928234,-950336,-2,34353,1397601,-1431118,836,0
353613,-207358,-146906,-651,1625926,-946189,-680368,-631,0
-140,80,60,0,-16283,9251,7032,0,1
-539521,120254,418615,-652,-1555545,347724,1208238,417,0
130654,866482,-996488,648,197532,1306062,-1502339,1255,0
-447867,1077090,-628574,649,-677016,1626345,-948283,1046,0
11,116,-127,0,1281,13461,-14742,0,1
527169,-1084891,561621,3899,788874,-1633469,844384,-211,0
30000,30000,30000,90000,60000,60000,60000,180000,1
-585672,-495969,1086840,5199,-882718,-748656,1631373,-1,0
247659,-344513,99453,2599,1132409,-1586128,453089,-630,0
30000,30000,30000,90000,60000,60000,60000,180000,1
-82554,-57853,141705,1298,-962527,-661096,1623832,209,0
293811,-1050440,759878,3249,438635,-1582148,1143301,-212,0
-91,139,-47,1,-10608,16060,-5452,0,1
-1026389,822930,205407,1948,-1541510,1237355,305201,1046,0
-360764,-345813,708526,1949,-832864,-800186,1633258,208,0
131954,-113755,-16901,1298,1507574,-1298522,-209054,-2,0
9868,-5607,-4261,0,28197,-16020,-12176,1,1
30000,30000,30000,90000,60000,60000,60000,180000,1
-130655,988037,-856083,1299,-200466,1504851,-1302921,1464,0
240416,-120208,-120208,0,311126,-155563,-155563,0,1
-139106,88403,52001,1298,-1612731,1028720,585266,1255,0
-400,-146,546,0,-11550,-4227,15777,0,1
-8440,-259,8699,0,-24116,-740,24856,0,1
709176,-1040039,331512,649,1088629,-1599324,510065,-630,0
-56124,-174391,230515,0,-72631,-225683,298314,0,1
102053,-137806,38351,2598,1153147,-1578796,425229,-420,0
789779,218408,-1006238,1949,1217664,334108,-1551355,417,0
-1052390,343862,714376,5848,-1600372,519911,1081507,1046,0
65652,-643525,578521,648,149144,-1483486,1333712,-630,0
-54,140,-86,0,-6250,16194,-9943,1,1
44,466,-510,0,1281,13461,-14742,0,1
503118,-477768,-25351,-1,1449550,-1376655,-73525,-630,0
53768,12885,-66654,-1,86030,20617,-106647,0,1
0,0,0,0,0,0,0,0,1
-5172,9896,-4723,1,-14778,28274,-13496,0,1
-1086841,562921,525219,1299,-1632421,846269,786988,836,0
-670826,-375065,1048489,2598,-1032072,-580030,1612101,-1,0
215808,-561622,346462,648,617316,-1618805,1001069,-420,0
-705927,393914,312661,648,-1628860,911625,718491,1256,0
274310,55902,-329563,649,1262282,266239,-1528313,208,0
-271711,-59803,333462,1948,-1257884,-272524,1530826,418,0
-642,1412,-770,0,-7415,16311,-8896,0,1
-1072541,496618,580471,4548,-1631164,753892,878737,1465,0
599322,25350,-623374,1298,1383567,59490,-1443267,-210,0
1060189,-507019,-552521,649,1632630,-782800,-850041,-211,0
794329,-1038739,246359,1949,1192737,-1563505,370557,-211,0
-496619,-588273,1087490,2598,-745723,-885651,1631373,-1,0
228649,-178664,-49985,0,295899,-231212,-64686,1,1
-252210,563571,-311362,-1,-730222,1630954,-899895,837,0
-504,29,474,-1,-14553,854,13698,-1,1
-705927,392614,314611,1298,-1629279,907854,722680,1255,0
45922,-69526,23603,-1,73476,-111242,37765,-1,1
-934736,12350,928234,5848,-1422111,16129,1406818,836,0
566,-584,17,-1,1073,-1106,32,-1,1
-389365,-592823,982836,648,-642453,-979495,1621737,-211,0
-672776,-395865,1075140,6499,-1014686,-601187,1615872,-1,0
378314,-1060840,686425,3899,569137,-1610845,1041498,-210,0
30000,30000,30000,90000,60000,60000,60000,180000,1
-449817,1077090,-627274,-1,-679111,1626555,-946189,1255,0
535620,548620,-1083591,649,808564,825531,-1632840,1255,0
-304212,-3251,309411,1948,-1406400,-15292,1422110,418,0
-633774,585671,48101,-2,-1464215,1358849,106621,1255,0
372463,-1068641,700076,3898,555521,-1608541,1052600,-420,0
-313962,1055639,-741678,-1,-472571,1590945,-1117328,1046,0
-733228,1057589,-323713,648,-1104550,1594715,-488910,1255,0
101403,554470,-655225,648,232933,1284277,-1516164,1046,0
-128705,348413,-218409,1299,-601606,1616500,-1014058,836,0
-1058890,311361,749478,1949,-1588013,465657,1123192,836,0
-893134,-87104,982836,2598,-1343349,-132387,1476154,418,0
248309,-345163,98803,1949,1135551,-1585080,449109,-420,0
295111,-566172,273010,1949,847107,-1633678,785941,-630,0
824880,-992588,170306,2598,1266471,-1527056,260374,-211,0
-128055,348413,-219059,1299,-599930,1616081,-1015315,836,0
-559021,207357,353613,1949,-1614825,597416,1017827,418,0
482,-497,14,-1,13927,-14354,427,0,1
-301,663,-362,0,-571,1256,-685,0,1
-1044590,358163,688375,1948,-1606237,549656,1057418,837,0
-769629,-278211,1053039,5199,-1156709,-419784,1576910,417,0
434216,643524,-1077741,-1,656068,967763,-1622995,836,0
-37609,224447,-186838,0,-48670,290462,-241791,1,1
-347,664,-317,0,-657,1258,-600,1,1
30000,30000,30000,90000,60000,60000,60000,180000,1
850881,-998438,150805,3248,1287209,-1514907,227696,-2,0
958135,-924985,-32502,648,1438658,-1389433,-49855,-630,0
-299012,-750779,1054989,5198,-452671,-1133038,1585708,-1,0
-189808,997137,-806031,1298,-292215,1538367,-1245106,1046,0
41562,28760,-70323,-1,66500,46016,-112517,-1,1
93603,46151,-137806,1948,1063283,542115,-1604980,418,0
-373114,1057589,-682526,1949,-569347,1611263,-1040661,1255,0
-212558,559020,-346463,-1,-617107,1618595,-1000652,836,0
-564872,247659,317211,-2,-1628860,716396,913510,1046,0
-506369,34451,472567,649,-1460863,98661,1362829,627,0
0,0,0,0,0,0,0,0,1
-479718,498568,-18851,-1,-1384824,1442638,-56349,1465,0
-1075141,395864,683175,3898,-1613778,591969,1022436,627,0
-1066690,420565,648724,2599,-1620481,638263,983474,1256,0
-563,243,320,0,-16283,7032,9251,0,1
-659775,-399765,1067339,7799,-1005469,-611870,1617757,418,0
-45502,949685,-905484,-1301,-67451,1447665,-1378959,1255,0
0,0,0,0,0,0,0,0,1
9625,-6814,-2811,0,27502,-19469,-8033,0,1
-558,355,202,-1,-16133,10279,5853,-1,1
0,0,0,0,0,0,0,0,1
167706,186556,-351014,3248,765413,867216,-1632002,627,0
-5547,63822,-58274,1,-8876,102115,-93239,0,1
-707227,1036138,-327613,1298,-1090515,1598905,-507134,1256,0
-239675,103501,136173,-1,-310167,133943,176224,0,1
6429,-9733,3304,0,18369,-27810,9441,0,1
-126,7,118,-1,-14553,854,13698,-1,1
0,0,0,0,0,0,0,0,1
430,103,-533,0,12420,2976,-15397,-1,1
-178107,352313,-172907,1299,-828884,1633886,-803957,1045,0
-531070,-137806,671475,2599,-1226673,-320075,1547165,417,0
-5500,1606,3893,-1,-15882,4639,11243,0,1
926284,27951,-954236,-1,1394250,39799,-1433841,208,0
-1072541,498568,578521,4548,-1631164,756615,876014,1465,0
401715,141705,-545371,-1951,1162154,412870,-1574816,208,0
284060,-327613,44851,1298,1304595,-1504224,199208,-421,0
-986087,105953,885333,5199,-1485581,156057,1330361,837,0
233773,-165491,-68281,1,302530,-214165,-88364,1,1
1023788,-273661,-748829,1298,1577329,-423135,-1154823,-629,0
68756,-20082,-48674,0,110011,-32132,-77878,1,1
-297712,-751429,1054339,5198,-450157,-1134924,1585079,-2,0
563,-243,-320,0,16283,-7032,-9251,0,1
-838532,874282,-36402,-652,-1382311,1444942,-61376,1255,0
254,404,-658,0,481,766,-1247,0,1
-605173,-472568,1083590,5849,-913301,-715559,1629488,628,0
0,0,0,0,0,0,0,0,1
-846332,993887,-145606,1949,-1288258,1513859,-223927,1674,0
-893134,962036,-65653,3249,-1359269,1464004,-103480,1255,0
545370,-664325,120904,1949,1255998,-1532712,276503,-211,0
730627,299661,-1028989,1299,1126963,460420,-1586966,417,0
-114,-14,129,1,-13214,-1707,14922,1,1
-457,516,-59,0,-13214,14922,-1707,1,1
-295112,963336,-670176,-1952,-487862,1594296,-1105597,837,0
831,575,-1406,0,9600,6643,-16244,-1,1
-707227,-245060,954885,2598,-1166344,-406796,1573349,209,0
-507019,986736,-482319,-2602,-837891,1633886,-794740,1255,0
49999,-68301,18301,-1,79999,-109282,29282,-1,1
306161,1950,-306812,1299,1406190,16548,-1422739,-1,0
-783280,-259360,1045239,2599,-1177656,-390877,1568740,207,0
-658475,-414716,1079690,6499,-991854,-627581,1619642,207,0
-433567,-98804,532369,-2,-1249924,-285093,1535434,417,0
30000,30000,30000,90000,60000,60000,60000,180000,1
-675376,519369,157955,1948,-1558896,1201116,358617,837,0
-831,-575,1406,0,-9600,-6643,16244,1,1
-437,-946,1383,0,-5047,-10929,15977,1,1
-539521,120904,419265,648,-1555754,348562,1207610,418,0
881433,109854,-990638,649,1326381,162760,-1488513,628,0
74292,160869,-235162,-1,96143,208184,-304328,-1,1
11,-127,116,0,1281,-14742,13461,0,1
-825531,1023788,-197608,649,-1240498,1540671,-298709,1464,0
-391965,1071240,-677976,1299,-592180,1614824,-1021808,836,0
-800180,-230109,1035488,5199,-1206144,-349820,1557010,1046,0
70492,-30441,-40050,1,112788,-48706,-64081,1,1
-550,160,389,-1,-15882,4639,11243,0,1
1084240,-510920,-572672,648,1632211,-770651,-861771,-211,0
-648075,-322413,973736,3248,-1069778,-533737,1603932,417,0
-156137,236390,-80252,1,-202060,305917,-103856,1,1
482318,-499869,18200,649,1386290,-1441592,54672,-630,0
649374,-83854,-566172,-652,1500243,-191668,-1308576,-1,0
-204108,-809931,1018588,4549,-311486,-1233166,1544861,209,0
-9414,2058,7356,0,-26899,5880,21019,0,1
-57203,-887934,947735,2598,-89236,-1368067,1457301,-2,0
-276911,700726,-421216,2599,-643082,1622575,-978028,1465,0
217108,811880,-1027689,1299,326986,1222901,-1549260,627,0
30000,30000,30000,90000,60000,60000,60000,180000,1
1060189,-577872,-479718,2599,1630535,-891726,-739020,-211,0
-566,584,-17,1,-1073,1106,-32,1,1
592,-557,-34,1,1121,-1055,-65,1,1
-566,-17,584,1,-1073,-32,1106,1,1
-212558,-138456,352963,1949,-985569,-635122,1620690,-1,0
707226,-345813,-360764,649,1632839,-796835,-836215,-211,0
-3788,-6026,9814,0,-10823,-17218,28042,1,1
89703,250259,-339313,649,407214,1166553,-1573140,627,0
126,-118,-7,1,14553,-13698,-854,1,1
-21850,-47314,69165,1,-34961,-75703,110664,0,1
648074,-1053690,407565,1949,992691,-1620062,626532,-839,0
-129355,16900,115054,2599,-1508623,213662,1295588,627,0
642,770,-1412,0,7415,8896,-16311,0,1
401715,143005,-546021,-1301,1159640,416012,-1575654,-2,0
458917,599322,-1056290,1949,706341,922308,-1628232,417,0
-570072,-516770,1088790,1948,-854859,-777773,1632630,-2,0
30000,30000,30000,90000,60000,60000,60000,180000,1
-1033539,811230,222958,649,-1550308,1219340,332433,1465,0
0,0,0,0,0,0,0,0,1
332,-562,230,0,9600,-16244,6643,-1,1
-768979,1015988,-245060,1949,-1184150,1566646,-380822,1674,0
497918,588922,-1084891,1949,748864,882927,-1631374,417,0
239675,-136173,-103501,1,310167,-176224,-133943,0,1
482,-497,14,-1,13927,-14354,427,0,1
30000,30000,30000,90000,60000,60000,60000,180000,1
826830,-1027689,204757,3898,1236307,-1542976,306458,-211,0
690975,-482319,-208658,-2,1592411,-1110206,-483045,-840,0
-446567,1077740,-629874,1299,-674921,1625926,-950169,836,0
-390,-270,661,1,-739,-511,1251,1,1
-146256,919134,-774180,-1302,-240894,1520143,-1278203,1046,0
141705,-52002,-87754,1949,1612939,-585686,-1027674,-421,0
-675376,518069,158605,1298,-1559734,1199231,361340,837,0
-110,1276,-1165,1,-1281,14742,-13461,0,1
-168357,550570,-381565,648,-491004,1595134,-1103293,837,0
747528,-937986,191107,649,1229814,-1546118,316094,-210,0
-182813,-43812,226626,1,-236582,-56698,293281,1,1
-274961,-770929,1048489,2599,-413500,-1161736,1575234,-2,0
738,-1413,674,-1,8534,-16328,7793,-1,1
300311,-315262,16900,1949,1377492,-1449133,71220,-421,0
-800831,-230109,1036138,5198,-1205935,-349820,1557010,1255,0
847631,16250,-865183,-1302,1401581,25346,-1426719,208,0
-177457,-376365,555120,1298,-514675,-1085697,1599742,-630,0
141705,-90354,-48752,2599,1612520,-1031235,-581706,-421,0
-254810,-85804,341912,1298,-1176609,-392552,1569369,208,0
57206,-64597,7391,0,91529,-103355,11826,0,1
-1005588,863232,142355,-1,-1507575,1297683,210938,1046,0
349713,-228809,-120255,649,1608750,-1048202,-560968,-420,0
115704,13650,-127405,1949,1324495,165483,-1489770,208,0
736477,-1059540,325662,2599,1105387,-1594297,488909,-1,0
0,0,0,0,0,0,0,0,1
-222959,-784580,1012087,4548,-344583,-1210543,1554915,-211,0
-201508,351013,-148206,1299,-936134,1627602,-690632,836,0
60452,-967887,911334,3899,88816,-1457093,1368275,-2,0
0,0,0,0,0,0,0,0,1
-5226,4487,738,-1,-15090,12958,2132,0,1
30000,30000,30000,90000,60000,60000,60000,180000,1
-335413,-227509,562921,-1,-965879,-657535,1623622,208,0
-541,1402,-860,1,-6250,16194,-9943,1,1
0,0,0,0,0,0,0,0,1
-576572,1057589,-479718,1299,-888374,1632001,-742162,1465,0
587622,395864,-982837,649,971534,651460,-1622576,418,0
-370514,-185257,556420,649,-1067473,-536670,1604351,208,0
33801,101403,-134556,648,385010,1182892,-1566647,1255,0
35751,286660,-319812,2599,156895,1329942,-1486000,837,0
-57853,-887934,947735,1948,-89445,-1367857,1457092,-210,0
706576,-1071241,367913,3248,1056370,-1607703,550703,-630,0
917834,-921735,4550,649,1411217,-1417921,6074,-630,0
-1320,-4103,5423,0,-3813,-11848,15661,0,1
-288611,-31852,322412,1949,-1335808,-144956,1481390,626,0
49401,585021,-633774,648,111648,1356126,-1466728,1046,0
-8820,8302,518,0,-25201,23721,1480,0,1
158605,517419,-674076,1948,362387,1198602,-1560153,836,0
437,-1383,946,0,5047,-15977,10929,-1,1
514819,572021,-1084241,2599,773373,859466,-1632212,627,0
-740378,-313312,1058889,5199,-1116280,-474037,1590735,418,0
-118955,-3901,125454,2598,-1393832,-39381,1433631,418,0
-216,-344,560,0,-6250,-9943,16194,1,1
301611,-1043940,746227,3898,452251,-1585918,1133456,-211,0
-140406,59802,81253,649,-1628232,708017,920841,626,0
1548,-9241,7693,0,4424,-26405,21981,0,1
-674726,520019,156655,1948,-1557639,1203001,356103,1465,0
639623,442666,-1079691,2598,961898,662562,-1623833,627,0
670175,-141056,-528470,649,1547793,-323007,-1224997,-211,0
-367,-188,556,1,-10608,-5452,16060,0,1
-572672,983486,-411466,-652,-945770,1626764,-679949,1045,0
143005,-62403,-78003,2599,1628440,-706342,-922309,-211,0
826830,-1027689,203457,2598,1237355,-1542557,304782,-420,0
143005,-81254,-58503,3248,1627393,-931526,-696288,-421,0
1086190,-547321,-540171,-1302,1633258,-821971,-811079,208,0
254809,85153,-338663,1299,1172418,398626,-1570627,417,0
23400,-317862,297061,2599,100756,-1462748,1361572,-420,0
-7801,-852832,861932,1299,-13616,-1408076,1421481,-211,0
-557721,359463,198257,-1,-1610845,1039612,572279,1046,0
387414,594122,-982187,-651,641195,980332,-1621110,417,0
850881,-998438,150155,2598,1287838,-1514697,226858,-1,0
828781,-1027689,202157,3249,1239449,-1541510,302059,-2,0
-729328,1058889,-328263,1298,-1099104,1596600,-496032,1464,0
911984,-791080,-121555,-651,1503176,-1304806,-198790,-420,0
30000,30000,30000,90000,60000,60000,60000,180000,1
1205,37,-1242,0,13927,427,-14354,0,1
346462,-109205,-236609,648,1595134,-494566,-1101198,-630,0
-358814,-706577,1069940,4549,-541068,-1064541,1605189,-420,0
-1375,401,973,-1,-15882,4639,11243,0,1
-993238,877532,117654,1948,-1492493,1320515,173024,1046,0
65652,-143006,78002,648,737343,-1631374,893401,-630,0
-606473,-472568,1083590,4549,-914558,-714512,1629488,418,0
1034188,-227509,-806031,648,1554496,-343326,-1211172,-2,0
100,36,-136,0,11550,4227,-15777,0,1
-566822,284710,281460,-652,-1632840,822808,810868,836,0
-20801,130654,-107905,1948,-252834,1524542,-1270871,837,0
33801,101403,-134556,648,383544,1183730,-1566228,1046,0
343862,-248310,-93604,1948,1581518,-1143931,-438217,-630,0
-347,664,-317,0,-657,1258,-600,1,1
0,-1224,1224,0,0,-14145,14145,0,1
-205,650,-444,1,-388,1231,-842,1,1
-697477,245709,453716,1948,-1609170,566204,1043802,836,0
493368,189157,-684476,-1951,1142045,440102,-1581938,209,0
1086840,-546021,-541471,-652,1633258,-820086,-813383,-211,0
-88,-439,528,1,-2555,-12694,15249,0,1
-330,1355,-1025,0,-3813,15661,-11848,0,1
-34452,-911985,950335,3898,-53835,-1387129,1441172,208,0
969186,-58503,-910035,648,1457301,-89864,-1367229,208,0
482,14,-497,-1,13927,427,-14354,0,1
-4494,9885,-5391,0,-12840,28245,-15404,1,1
339312,-80604,-257410,1298,1561828,-367625,-1194414,-211,0
0,0,0,0,0,0,0,0,1
0,-1224,1224,0,0,-14145,14145,0,1
-209308,-479718,691625,2599,-485558,-1107902,1593249,-211,0
45501,-139756,96853,2598,498963,-1596811,1097427,-421,0
-382215,-664975,1049139,1949,-587990,-1025998,1613987,-1,0
-390,661,-270,1,-739,1251,-511,1,1
-961387,689025,271060,-1302,-1583405,1137855,446595,1045,0
30000,30000,30000,90000,60000,60000,60000,180000,1
-633774,586321,47451,-2,-1463377,1359687,104945,1255,0
5656,-2828,-2828,0,16334,-8167,-8167,0,1
0,0,0,0,0,0,0,0,1
156655,518069,-674076,648,359455,1200906,-1559315,1046,0
632,-493,-138,1,1197,-935,-261,1,1
3900,938635,-943186,-651,7122,1411426,-1417712,836,0
-349714,1041339,-690326,1299,-538974,1605189,-1065379,836,0
-330,1355,-1025,0,-3813,15661,-11848,0,1
-70492,40050,30441,-1,-112788,64081,48706,-1,1
936685,-10401,-923685,2599,1423366,-18225,-1404934,207,0
735177,-1049790,317861,3248,1111252,-1592831,481787,208,0
-138456,88403,52001,1948,-1612521,1029977,583590,1046,0
-558371,358163,200857,649,-1611683,1035423,576678,418,0
-91,-47,139,1,-10608,-5452,16060,0,1
-263260,334762,-69553,1949,-1220179,1550726,-329292,1255,0
-91,-47,139,1,-10608,-5452,16060,0,1
-1086191,564871,523269,1949,-1632212,848992,784684,1464,0
254809,787829,-1041340,1298,383335,1184149,-1566228,1256,0
-44852,950335,-905484,-1,-68708,1448294,-1378331,1255,0
-20801,-110505,133905,2599,-255976,-1269196,1524961,-211,0
-5040,296,4744,0,-14553,854,13698,-1,1
-9145,7853,1292,0,-26131,22439,3691,-1,1
-376365,1056939,-679926,648,-574165,1611892,-1036471,1256,0
3059,-9683,6624,0,8740,-27666,18925,-1,1
-603873,-451767,1059539,3899,-930059,-697754,1627812,-1,0
-650675,-318512,971786,2599,-1074595,-528081,1602466,-210,0
-10401,-851532,863232,1299,-17806,-1405562,1423576,208,0
-488819,1083590,-593473,1298,-736088,1631373,-894030,1255,0
-831,-575,1406,0,-9600,-6643,16244,1,1
-4494,-5391,9885,0,-12840,-15404,28245,1,1
30000,30000,30000,90000,60000,60000,60000,180000,1
-4576,5167,-591,0,-13214,14922,-1707,1,1
345812,-109205,-236609,-2,1595134,-494356,-1101198,-420,0
-1059540,315261,746877,2598,-1589479,471313,1119003,837,0
-156137,236390,-80252,1,-202060,305917,-103856,1,1
-237456,86157,151298,-1,-307296,111497,195798,-1,1
-219709,-341263,562271,1299,-634493,-986407,1620690,-210,0
-530420,-527820,1062789,4549,-816944,-816316,1633258,-2,0
1017288,-836582,-178107,2599,1529779,-1260607,-269173,-1,0
140,-60,-80,0,16283,-7032,-9251,0,1
74752,-142356,69552,1948,847526,-1633469,785313,-630,0
-738,-674,1413,1,-8534,-7793,16328,1,1
-106604,132604,-24701,1299,-1239869,1541090,-299965,1256,0
-102054,343212,-238559,2599,-480950,1592620,-1111044,626,0
3788,-9814,6026,0,10823,-28042,17218,-1,1
-3788,-6026,9814,0,-10823,-17218,28042,1,1
4576,-5167,591,0,13214,-14922,1707,-1,1
-1344,1050,294,0,-15534,12138,3396,0,1
-843082,-169657,1017288,4549,-1267101,-258071,1525799,627,0
-3251,-488819,492718,648,-11521,-1409123,1420434,-210,0
520019,553170,-1073191,-2,792016,841451,-1632631,836,0
1084240,-490769,-592823,648,1630535,-738811,-891935,-211,0
0,0,0,0,0,0,0,0,1
-310712,299011,13650,1949,-1440125,1387128,54462,1465,0
-521320,450466,70202,-652,-1504433,1302710,202769,1046,0
949035,-16901,-928885,3249,1428603,-28698,-1399488,417,0
512869,572671,-1084891,649,771906,860932,-1632212,626,0
-890534,-90354,984786,3898,-1339788,-138043,1478458,627,0
-1034189,811230,224258,1299,-1550727,1218921,333271,1465,0
-193058,-827482,1023788,3248,-291796,-1245944,1537738,-2,0
30000,30000,30000,90000,60000,60000,60000,180000,1
1344,-294,-1050,0,15534,-3396,-12138,0,1
-139756,-211258,353613,2599,-648109,-974467,1622365,-211,0
116354,13650,-127405,2599,1322401,169044,-1491027,418,0
-113105,127404,-13001,1298,-1318631,1494378,-174491,1256,0
672775,-1074491,405615,3899,1007354,-1617549,610193,-2,0
-1036139,232708,807330,3899,-1554916,346677,1209285,1046,0
-527820,1071890,-543421,649,-804795,1633886,-827627,1464,0
685125,-193708,-492069,-652,1582985,-445130,-1138485,-630,0
-68756,48674,20082,0,-110011,77878,32132,-1,1
-3673,-1888,5562,1,-10608,-5452,16060,0,1
416665,-1079041,664974,2598,621714,-1619434,997089,-631,0
677975,395864,-1071241,2598,1021179,593855,-1614406,628,0
109146,130940,-240086,0,141248,169451,-310700,-1,1
941235,-923685,-16901,649,1428184,-1400954,-27441,-211,0
3325,2300,-5625,0,9600,6643,-16244,-1,1
-943186,935385,10400,2599,-1420435,1408494,13196,1255,0
-822931,989987,-164457,2599,-1268567,1525799,-255767,1465,0
1409,-608,-801,0,16283,-7032,-9251,0,1
-525220,78652,446566,-2,-1513650,227068,1287419,837,0
346462,-108555,-236609,1298,1594715,-492890,-1102246,-421,0
-456968,-620774,1082290,4548,-690004,-936972,1627393,417,0
-52652,139105,-85154,1299,-623391,1619852,-995415,1046,0
9145,-1292,-7853,0,26131,-3691,-22439,1,1
-480368,497918,-17551,-1,-1386291,1441591,-54044,1256,0
239858,710476,-952286,-1952,398835,1172837,-1571046,626,0
291210,-1050440,762478,3248,434446,-1581310,1146653,-211,0
136505,-31202,-104004,1299,1554496,-344583,-1209915,-2,0
974386,-93604,-878833,1949,1480343,-142861,-1337065,417,0
222308,785879,-1008838,-651,344373,1211171,-1554497,1047,0
-999,1366,-366,1,-11549,15777,-4227,1,1
-3059,-6624,9683,0,-8740,-18925,27666,1,1
4494,-9885,5391,0,12840,-28245,15404,-1,1
49999,-68301,18301,-1,79999,-109282,29282,-1,1
-18851,314611,-293161,2599,-95311,1460234,-1364296,627,0
-32502,-102704,137805,2599,-385221,-1182264,1567065,-420,0
-33,-102,135,0,-3813,-11848,15661,0,1
-843082,-135206,981536,3248,-1296427,-211149,1508203,627,0
-827482,-194358,1026388,4548,-1243430,-294938,1539205,837,0
-656525,555120,103353,1948,-1516164,1283858,233562,1256,0
-567472,-80604,650674,2598,-1310671,-187688,1498986,627,0
-99454,-37052,137805,1299,-1155033,-422297,1577329,-1,0
1060189,-580472,-477118,2599,1630535,-895287,-735459,-211,0
747528,-938636,190457,-651,1230233,-1545909,315046,-630,0
1075140,-570722,-501169,3249,1632001,-868893,-763109,-1,0
-360764,-345163,708526,2599,-833283,-799767,1633258,208,0
-807331,1030288,-222309,648,-1215152,1553030,-336623,1255,0
-215159,-810581,1029638,3898,-324893,-1223949,1549050,208,0
-156006,-518720,677325,2599,-359665,-1199860,1559524,-1,0
-371164,978286,-608423,-1301,-612708,1618385,-1004632,1045,0
229458,-694227,467367,2598,525776,-1602676,1076270,-630,0
649374,-85804,-564872,-1302,1501919,-195857,-1306272,-210,0
122854,860632,-984137,-651,188525,1311508,-1498778,1255,0
443,4661,-5105,-1,1281,13461,-14742,0,1
-434217,-642875,1081640,4548,-654812,-968602,1623203,-211,0
-52002,138455,-85154,1299,-623810,1619852,-995205,837,0
0,-8573,8573,0,0,-24494,24494,0,1
4494,5391,-9885,0,12840,15404,-28245,-1,1
565521,-247010,-318512,-1,1628650,-710532,-918329,-211,0
891833,74102,-963337,2598,1356545,110601,-1466100,1046,0
30000,30000,30000,90000,60000,60000,60000,180000,1
0,0,0,0,0,0,0,0,1
-765729,1050439,-282111,2599,-1151053,1579424,-427115,1256,0
1052389,-644825,-405616,1948,1619014,-994577,-625067,-630,0
-1072541,497268,579821,4548,-1631164,754520,877900,1256,0
524569,-78653,-446567,-651,1513649,-225812,-1287629,208,0
-576572,640924,-63053,1299,-1332456,1484323,-150192,1675,0
-364664,-689026,1060839,7149,-558245,-1050715,1608959,-1,0
-549271,392614,157305,648,-1584661,1135132,450366,837,0
601272,455667,-1056940,-1,928382,700057,-1627603,836,0
9777,-6229,-3547,1,27936,-17799,-10136,1,1
33801,101403,-133906,1298,382287,1184777,-1566018,1046,0
558370,-359464,-200858,-1952,1611682,-1034796,-577307,-421,0
-550,160,389,-1,-15882,4639,11243,0,1
191757,161856,-351014,2599,877690,754520,-1631374,836,0
-329563,51351,278210,-2,-1519096,241312,1278411,627,0
258059,784579,-1043290,-652,390247,1178912,-1568323,836,0
0,0,0,0,0,0,0,0,1
-570722,-514820,1088790,3248,-856534,-775887,1632630,209,0
959435,-875583,-81254,2598,1473221,-1347538,-126313,-630,0
415365,-1079041,665624,1948,620458,-1619015,998346,-211,0
-170307,550570,-381565,-1302,-494566,1596181,-1100570,1045,0
130654,-543421,412115,-652,374746,-1564761,1189176,-839,0
-703977,1067339,-362064,1298,-1058885,1606655,-546724,1046,0
345812,-108555,-237259,-2,1594925,-494147,-1101198,-420,0
-178107,-375715,555120,1298,-516141,-1084441,1599952,-630,0
374414,-1068641,698776,4549,557616,-1609170,1050924,-630,0
-334763,-226859,563571,1949,-967345,-655859,1623413,209,0
104653,-345813,243109,1949,474036,-1591155,1116489,-630,0
102053,-137806,38351,2598,1154613,-1578377,423134,-630,0
127404,-9101,-117005,1298,1455416,-86303,-1369114,-1,0
570721,-1088791,521319,3249,851715,-1633259,781123,-421,0
7150,302261,-306162,3249,25555,1402000,-1426928,627,0
-1077741,436816,643524,2599,-1622995,655858,967763,626,0
121554,861932,-983487,-1,183917,1314231,-1496892,1256,0
116354,229458,-345163,649,534364,1069777,-1603514,627,0
353613,-1043290,692925,3248,540439,-1605399,1064540,-420,0
332,-562,230,0,9600,-16244,6643,-1,1
366613,-557721,191757,649,1054276,-1608122,553007,-839,0
-664,332,332,0,-1258,629,629,0,1
347,317,-664,0,657,600,-1258,-1,1
3673,1888,-5562,-1,10608,5452,-16060,0,1
45501,-139756,96853,2598,498544,-1596811,1097636,-631,0
-297712,312661,-13001,1948,-1376446,1449760,-72059,1255,0
-480368,497918,-17551,-1,-1386919,1440543,-52578,1046,0
-1034839,768328,270410,3899,-1572721,1166972,407005,1256,0
64352,-642875,579171,648,145792,-1482020,1336226,-2,0
656,-418,-238,0,1243,-792,-451,0,1
346462,-107905,-237259,1298,1594087,-491004,-1103503,-420,0
1082290,-581122,-501169,-1,1631792,-877063,-754731,-2,0
85803,809280,-897034,-1951,141813,1338949,-1479716,1046,0
68756,-48674,-20082,0,110011,-77878,-32132,1,1
365313,-558371,193057,-1,1050714,-1608751,557406,-631,0
-215159,-810581,1029638,3898,-326568,-1222693,1549678,417,0
75402,65652,-138456,2598,859047,773792,-1632002,837,0
-91654,-46802,140405,1949,-1066216,-538136,1604351,-1,0
-977637,630523,347113,-1,-1610217,1041079,570394,1256,0
23400,-318512,296411,1299,103060,-1463586,1360315,-211,0
-656,418,238,0,-1243,792,451,0,1
50000,18301,-68301,0,80000,29282,-109282,0,1
126,-118,-7,1,14553,-13698,-854,1,1
-550,389,160,-1,-15882,11243,4639,0,1
-1054340,707226,349713,2599,-1602257,1074594,528918,1255,0
937985,5850,-941886,1949,1411426,6284,-1417293,417,0
-958786,873632,85803,649,-1473850,1346071,129035,1256,0
1034188,-809931,-223609,648,1552611,-1215571,-337042,-2,0
230758,-1034839,806680,2599,343325,-1554916,1211171,-420,0
457,-516,59,0,13214,-14922,1707,-1,1
-299012,-750129,1054339,5198,-452462,-1133248,1585708,-2,0
-760529,-167707,930834,2598,-1253695,-279228,1533549,626,0
-260660,-305512,565521,-651,-749284,-881881,1631582,417,0
1066689,-419266,-646125,1298,1620899,-638054,-983265,-420,0
-8820,518,8302,0,-25201,1480,23721,0,1
-316562,23400,295761,2599,-1466519,111648,1355288,417,0
881433,-995188,117004,3249,1319258,-1494169,174909,-2,0
672125,-1065390,397164,3899,1014685,-1616292,601396,-211,0
13000,114404,-126105,1299,135947,1342300,-1477411,836,0
-956186,923684,34451,1949,-1437402,1390270,48178,1046,0
-241810,-709177,952935,1948,-398836,-1172419,1571254,-1,0
-256,564,-308,0,-7415,16311,-8896,0,1
-597373,-27952,627923,2598,-1379797,-66403,1446199,-1,0
-64,-77,141,0,-7415,-8896,16311,0,1
347,-664,317,0,657,-1258,600,-1,1
167706,-1013388,848931,3249,248434,-1522448,1274012,-2,0
240416,-120208,-120208,0,311126,-155563,-155563,0,1
-48752,-464118,512869,-1,-141185,-1338950,1479715,-420,0
-549271,391314,159905,1948,-1585709,1130733,455812,836,0
29251,-932135,904833,1949,43570,-1436145,1392155,-420,0
-934085,13000,927584,6499,-1422320,16757,1406399,836,0
363363,343212,-705927,648,837471,795786,-1632840,417,0
-784580,-258710,1044589,1299,-1178284,-390039,1568740,417,0
996487,-876883,-118305,1299,1495216,-1317374,-178052,-210,0
-328263,50701,278860,1298,-1517840,237960,1280506,626,0
-140,80,60,0,-16283,9251,7032,0,1
-1069941,700726,370513,1298,-1607075,1054276,554055,1256,0
960735,-689676,-272361,-1302,1583613,-1137228,-447225,-840,0
-709177,-357514,1071240,4549,-1064750,-540021,1605189,418,0
525219,462817,-989338,-1302,868054,764365,-1632002,417,0
-9899,4949,4949,-1,-28284,14142,14142,0,1
565,-282,-282,1,16334,-8167,-8167,0,1
982836,-889884,-92304,648,1478877,-1339997,-139509,-629,0
87103,-527820,441366,649,247596,-1522239,1274222,-421,0
115054,13650,-127405,1299,1323448,167159,-1490399,208,0
300311,265209,-565522,-2,864703,767717,-1632002,418,0
-686426,193057,495318,1949,-1582986,445757,1138065,836,0
30000,30000,30000,90000,60000,60000,60000,180000,1
-792380,1036788,-242460,1948,-1193366,1562666,-367835,1465,0
-4823,-148,4971,0,-13927,-427,14354,0,1
30000,30000,30000,90000,60000,60000,60000,180000,1
-296412,313311,-14301,2598,-1374979,1451017,-74992,1046,0
25350,926934,-951636,648,37914,1395925,-1432794,1045,0
-88404,-252860,342562,1298,-411405,-1163621,1574606,-420,0
91,47,-139,-1,10608,5452,-16060,0,1
-313962,1055639,-741028,649,-472571,1590945,-1117328,1046,0
0,0,0,0,0,0,0,0,1
-340613,247009,95553,1949,-1579844,1148329,432351,836,0
-632,138,493,-1,-1197,261,935,-1,1
-367264,-687076,1061489,7149,-562225,-1047154,1609588,209,0
109204,24050,-131305,1949,1244058,294518,-1538158,418,0
0,0,0,0,0,0,0,0,1
592,-557,-34,1,1121,-1055,-65,1,1
232058,-1034839,806030,3249,345001,-1555545,1210123,-421,0
986736,-434217,-553821,-1302,1628859,-716188,-912882,-211,0
30000,30000,30000,90000,60000,60000,60000,180000,1
535620,549270,-1084241,649,807936,825950,-1632840,1046,0
68756,-48674,-20082,0,110011,-77878,-32132,1,1
-605823,-472568,1083590,5199,-913930,-714931,1629697,836,0
130,-112,-18,0,15090,-12958,-2132,0,1
-106604,-882084,990637,1949,-161085,-1327429,1488303,-211,0
-141706,-210608,352963,649,-652508,-970697,1622784,-421,0
-888584,63702,826180,1298,-1463377,104526,1359687,836,0
36946,-70686,33740,0,59113,-113098,53984,-1,1
-522,73,448,-1,-15090,2132,12958,0,1
-599973,-25351,626623,1299,-1382311,-61376,1444104,417,0
166406,-1013388,849581,2599,248225,-1522448,1274222,-1,0
1084240,-488169,-595423,648,1630535,-735459,-895077,-1,0
330862,-54603,-274961,1298,1520981,-244874,-1275899,208,0
-575272,983486,-408216,-2,-949121,1626345,-676178,1046,0
-81904,139105,-56553,648,-957081,1625298,-667380,837,0
-898334,975036,-73453,3249,-1353404,1468822,-113954,1464,0
-39652,506368,-468018,-1302,-115839,1469450,-1352775,836,0
0,-123505,124804,1299,-7542,-1411218,1418130,-630,0
783279,260009,-1041990,1298,1179540,388781,-1567694,627,0
-139106,89053,52001,1948,-1612521,1029348,584428,1255,0
-299012,-267161,565521,-652,-860724,-771488,1632630,418,0
-431,653,-221,1,-817,1237,-420,0,1
533669,-1075791,547320,5198,805003,-1633887,828883,-1,0
-763779,1050439,-284711,1949,-1148749,1580261,-430257,1255,0
-1052390,650024,404965,2599,-1618177,998975,620248,1046,0
-642,-770,1412,0,-7415,-8896,16311,0,1
986086,-433567,-553821,-1302,1629069,-717026,-912464,-421,0
222115,-190735,-31380,0,287443,-246833,-40610,0,1
-586322,-495319,1086840,5199,-883556,-747609,1631373,208,0
565,-282,-282,1,16334,-8167,-8167,0,1
-90354,-892484,984786,1948,-135739,-1342092,1477620,-211,0
-484919,-9751,495968,1298,-1399069,-29955,1429441,417,0
-1054990,706576,352313,3899,-1602676,1072500,531641,1465,0
49999,-68301,18301,-1,79999,-109282,29282,-1,1
-128055,348413,-218409,1949,-598673,1615872,-1016571,628,0
-256,564,-308,0,-7415,16311,-8896,0,1
-437,-946,1383,0,-5047,-10929,15977,1,1
-504,474,29,-1,-14553,13698,854,-1,1
785879,243109,-1027039,1949,1194413,367834,-1561619,628,0
721527,341912,-1062790,649,1087163,512160,-1598906,417,0
430,-533,103,0,12420,-15397,2976,-1,1
635723,-590873,-43552,1298,1462747,-1360735,-102852,-840,0
-224909,347113,-121555,649,-1038357,1611473,-572280,836,0
-43,-94,138,1,-5047,-10929,15977,1,1
278210,769628,-1047190,648,419154,1158383,-1576492,1045,0
0,575,-575,0,0,1090,-1090,0,1
301,-663,362,0,571,-1256,685,0,1
-5040,4744,296,0,-14553,13698,854,-1,1
-107905,-880133,991937,3899,-164856,-1325125,1489979,-2,0
330,-1355,1025,0,3813,-15661,11848,0,1
988037,-505069,-486869,-3901,1633049,-832235,-801024,-210,0
614,-86,-527,1,1162,-164,-998,0,1
589572,497268,-1082941,3899,886069,745722,-1630955,836,0
-163157,-763129,926934,648,-268963,-1260817,1529779,-1,0
85803,-527170,442016,649,243197,-1520772,1276945,-630,0
-1042640,781979,262609,1948,-1568951,1176608,393599,1256,0
-132605,104653,30551,2599,-1551146,1217874,334527,1255,0
551870,-167057,-386115,-1302,1591154,-477808,-1113767,-421,0
727377,321762,-1047190,1949,1105596,488699,-1593669,626,0
-918,1390,-472,0,-10608,16060,-5452,0,1
-5818,9845,-4026,1,-16625,28129,-11504,0,1
664,-332,-332,0,1258,-629,-629,0,1
843731,136505,-976987,3249,1298730,208425,-1506528,627,0
-83,140,-57,0,-9600,16244,-6643,1,1
-1073191,571371,507018,5198,-1631583,867635,765413,1465,0
0,0,0,0,0,0,0,0,1
260009,304861,-565522,-652,748445,883136,-1631374,207,0
1035488,-769629,-265210,649,1572720,-1168230,-404492,-2,0
-1052390,646774,408215,2599,-1619015,994366,625694,1045,0
632,-138,-493,1,1197,-261,-935,1,1
395214,-1074491,681875,2598,590712,-1614616,1023483,-421,0
1080990,-634424,-445917,649,1625089,-954568,-670523,-2,0
30000,30000,30000,90000,60000,60000,60000,180000,1
0,0,0,0,0,0,0,0,1
564871,-248960,-316562,-651,1628859,-715769,-913511,-421,0
0,0,0,0,0,0,0,0,1
4823,148,-4971,0,13927,427,-14354,0,1
65002,-642225,579171,1948,147259,-1482858,1334969,-630,0
-161857,-763779,926934,1298,-267288,-1261864,1529150,-2,0
-33,-102,135,0,-3813,-11848,15661,0,1
-514820,-568122,1086840,3898,-775678,-856953,1632630,-1,0
-132605,104653,31201,3249,-1552822,1214522,339136,836,0
-533670,-547971,1086190,4549,-805632,-827627,1633677,418,0
-171607,677975,-505719,649,-400512,1572092,-1170743,837,0
43,-138,94,-1,5047,-15977,10929,-1,1
-256,564,-308,0,-7415,16311,-8896,0,1
-538871,119604,419265,-2,-1554916,345839,1209914,837,0
546020,-664975,120904,1949,1255788,-1532922,276713,-421,0
986736,-104654,-881434,648,1488093,-161294,-1326800,-1,0
-675376,518069,159255,1948,-1559734,1198812,361759,837,0
0,0,0,0,0,0,0,0,1
399764,-548621,149505,648,1150214,-1580053,429209,-630,0
-732578,1057589,-325013,-2,-1103293,1594715,-490376,1046,0
4823,-4971,148,0,13927,-14354,427,0,1
-228649,178664,49985,0,-295899,231212,64686,-1,1
56124,-230515,174391,0,72631,-298314,225683,0,1
-54,140,-86,0,-6250,16194,-9943,1,1
382864,687075,-1069291,648,576468,1035423,-1611474,417,0
-689026,479717,212557,3248,-1592831,1107901,485767,837,0
399,-546,146,-1,11549,-15777,4227,-1,1
0,0,0,0,0,0,0,0,1
102053,35101,-135206,1948,1159431,416431,-1575445,417,0
-1344,294,1050,0,-15534,3396,12138,0,1
430316,-535621,105953,648,1237564,-1542348,304154,-630,0
-662,286,376,0,-1254,541,712,-1,1
-82554,-57853,141705,1298,-963994,-659630,1623622,-2,0
-527170,1071890,-544071,649,-803119,1633886,-829303,1464,0
566821,81253,-648075,-1,1310251,189363,-1498987,627,0
-1396,506,889,-1,-16133,5853,10279,-1,1
30000,30000,30000,90000,60000,60000,60000,180000,1
457617,-519370,63052,1299,1314022,-1497311,182660,-629,0
-484269,-10401,496618,1948,-1398231,-31421,1430070,418,0
-1144,1291,-147,0,-13214,14922,-1707,1,1
343862,-249610,-92954,1298,1580052,-1148120,-432562,-630,0
-408216,-295762,705926,1948,-940742,-685814,1626555,-1,0
-614,86,527,-1,-1162,164,998,0,1
608422,-618824,12350,1948,1401372,-1427347,25346,-629,0
429016,-536271,107254,-1,1234632,-1543814,308762,-420,0
1344,-1050,-294,0,15534,-12138,-3396,0,1
-1088791,545370,544720,1299,-1632631,818619,815267,1255,0
0,0,0,0,0,0,0,0,1
222308,-947086,726077,1299,364691,-1561619,1196298,-630,0
-237456,151298,86157,-1,-307296,195798,111497,-1,1
-402366,-143656,546670,648,-1161736,-413290,1575025,-1,0
346462,-108555,-236609,1298,1595134,-495194,-1100570,-630,0
0,0,0,0,0,0,0,0,1
0,0,0,0,0,0,0,0,1
-898984,974386,-71503,3899,-1354660,1467775,-111859,1256,0
-126,118,7,-1,-14553,13698,854,-1,1
-5639,2435,3204,0,-16283,7032,9251,0,1
-330,1355,-1025,0,-3813,15661,-11848,0,1
531069,527819,-1060190,-1302,820713,812963,-1632840,836,0
1043289,-356214,-685776,1299,1606655,-550704,-1056371,-420,0
-224259,691625,-465418,1948,-522425,1602047,-1078785,837,0
483618,10400,-497269,-3251,1396973,33934,-1430908,-1,0
-9751,616223,-605823,649,-23461,1426718,-1402211,1046,0
0,0,0,0,0,0,0,0,1
-293161,1039388,-746228,-1,-448063,1584660,-1135761,836,0
30000,30000,30000,90000,60000,60000,60000,180000,1
-1080991,633773,448516,1298,-1624671,954148,671778,1255,0
-893784,961386,-65003,2599,-1359897,1463585,-102642,1046,0
-113105,127404,-13001,1298,-1318631,1494378,-174491,1256,0
300961,730627,-1030939,649,463772,1124868,-1587803,837,0
87103,809280,-897034,-651,143698,1337692,-1480553,837,0
136505,-107255,-27952,1298,1551145,-1218503,-333272,-630,0
662,-286,-376,0,1254,-541,-712,1,1
-362064,-343863,708526,2599,-836844,-795997,1632839,-2,0
-450467,-244410,699426,4549,-1042127,-568090,1610007,-210,0
1017938,-837232,-178107,2599,1529569,-1261026,-268544,-1,0
-5040,4744,296,0,-14553,13698,854,-1,1
6429,3304,-9733,0,18369,9441,-27810,0,1
-92003,238359,-146356,0,-119063,308465,-189402,0,1
144955,-921085,776779,649,236913,-1518468,1281134,-421,0
-140,60,80,0,-16283,7032,9251,0,1
1011437,-826181,-182657,2599,1533549,-1254113,-279228,208,0
564221,-323713,-241160,-652,1627393,-930897,-696916,-420,0
-891834,-70203,967886,5849,-1356127,-109764,1466518,627,0
-4823,-148,4971,0,-13927,-427,14354,0,1
-41602,137155,-93604,1949,-498545,1596810,-1097637,628,0
5200,486218,-492069,-651,12777,1408703,-1420854,626,0
408865,295111,-702677,1299,943674,683090,-1625927,837,0
700076,-438767,-260660,649,1615872,-1012591,-603910,-629,0
0,0,0,0,0,0,0,0,1
-5587,3559,2027,-1,-16133,10279,5853,-1,1
697476,-245060,-451117,1299,1609169,-565577,-1044222,-630,0
607772,-618824,13000,1948,1400953,-1427976,26393,-630,0
291860,-1049790,761828,3898,435493,-1581519,1145815,-211,0
541,860,-1402,-1,6250,9943,-16194,-1,1
9625,-6814,-2811,0,27502,-19469,-8033,0,1
30000,30000,30000,90000,60000,60000,60000,180000,1
0,0,0,0,0,0,0,0,1
557720,-358814,-200208,-1302,1611263,-1036052,-575841,-630,0
22,109,-132,-1,2555,12694,-15249,0,1
94253,46151,-137156,3248,1065587,538973,-1604561,-1,0
-504,29,474,-1,-14553,854,13698,-1,1
30000,30000,30000,90000,60000,60000,60000,180000,1
130004,-542121,412115,-2,372861,-1563924,1190642,-421,0
-41562,-28760,70323,1,-66500,-46016,112517,1,1
-470,-172,642,0,-890,-325,1215,0,1
-589573,-393265,984786,1948,-971744,-651042,1622784,-2,0
-193708,998437,-804081,648,-298290,1540462,-1241126,1046,0
18862,198133,-216996,-1,24410,256407,-280818,-1,1
690975,-480368,-209958,649,1593249,-1107692,-485977,-420,0
3325,2300,-5625,0,9600,6643,-16244,-1,1
-165107,-762479,928234,648,-272315,-1258722,1531035,-2,0
5656,-2828,-2828,0,16334,-8167,-8167,0,1
-1000388,195007,807980,2599,-1539415,299126,1241335,1046,0
-705927,393264,315261,2598,-1629070,908064,722471,1465,0
-219059,-341263,562271,1949,-633236,-987455,1620480,-211,0
5547,58274,-63822,-1,8876,93239,-102115,0,1
-1748,-3785,5533,0,-5047,-10929,15977,1,1
-728028,-319162,1051739,4549,-1106226,-487234,1593877,417,0
591522,480367,-1071891,-2,900942,730012,-1629907,1047,0
-1024439,824880,202807,3248,-1540253,1240706,301012,1465,0
-532370,-135856,671475,3249,-1228977,-316723,1545908,208,0
991287,-824231,-166407,649,1524961,-1269196,-256186,-421,0
-831,1406,-575,0,-9600,16244,-6643,1,1
976986,-629224,-347764,-2,1611054,-1037309,-573746,-1,0
-193708,-826831,1023788,3249,-291796,-1245735,1537738,207,0
-457,-59,516,0,-13214,-1707,14922,1,1
-675376,-393915,1075140,5849,-1017409,-597417,1615453,627,0
-2601,-488819,492718,1298,-10055,-1409961,1419805,-211,0
974386,-92304,-879483,2599,1480134,-141814,-1337693,627,0
839831,141055,-978287,2599,1295379,214290,-1508832,837,0
-114,129,-14,1,-13214,14922,-1707,1,1
9868,-4261,-5607,0,28197,-12176,-16020,1,1
30000,30000,30000,90000,60000,60000,60000,180000,1
875582,-958786,85803,2599,1344186,-1475945,131129,-630,0
-1051740,340612,716976,5848,-1599534,515512,1084859,837,0
-316562,-653275,970486,649,-521797,-1080042,1601209,-630,0
-132,-410,542,0,-3813,-11848,15661,0,1
-19501,130654,-108555,2598,-250320,1523494,-1272547,627,0
284060,-327613,44851,1298,1303967,-1504224,199836,-421,0
946435,-936036,-7801,2598,1421062,-1408285,-12988,-211,0
-120905,-861933,988037,5199,-187269,-1312137,1499405,-1,0
-978287,80603,900283,2599,-1470080,119818,1350889,627,0
263259,434216,-698127,-652,608937,1008192,-1616711,418,0
-665625,1060189,-392615,1949,-1014896,1616081,-599930,1255,0
-800831,-230759,1036138,4548,-1206144,-350448,1557219,627,0
-665625,-380265,1049139,3249,-1026626,-586733,1613358,-1,0
30000,30000,30000,90000,60000,60000,60000,180000,1
3250,486868,-491419,-1301,8588,1410798,-1418340,1046,0
-501819,476467,26000,648,-1449761,1376445,74572,1256,0
-272361,-58503,333462,2598,-1260817,-267916,1529360,627,0
351663,-133906,-216459,1298,1617129,-611870,-1005679,-420,0
-660425,-398465,1066689,7799,-1007774,-609357,1617338,207,0
985436,-570072,-416666,-1302,1626555,-940114,-686652,-211,0
36946,33740,-70686,0,59113,53984,-113098,-1,1
-63003,59302,3700,-1,-100805,94884,5921,0,1
0,122,-122,0,0,14145,-14145,0,1
-806031,-93604,902233,2598,-1329943,-155639,1485999,417,0
-1084891,472567,614273,1949,-1628232,709483,919794,1045,0
-69840,44499,25340,-1,-111744,71199,40544,-1,1
214508,812530,-1027689,-651,326148,1223320,-1548842,626,0
336062,-267811,-66303,1948,1545070,-1231281,-314210,-421,0
432916,-1055640,625323,2599,662143,-1624671,962108,-420,0
707226,-1071241,365963,1948,1057837,-1607075,548399,-839,0
991937,-824881,-165757,1299,1524332,-1270033,-254929,-630,0
735827,-1060190,327612,3249,1102664,-1595344,492470,-210,0
-704627,297061,410165,2599,-1625927,683718,943046,837,0
-1344,294,1050,0,-15534,3396,12138,0,1
585021,499218,-1083591,648,882508,749493,-1631374,627,0
-228649,178664,49985,0,-295899,231212,64686,-1,1
30000,30000,30000,90000,60000,60000,60000,180000,1
213858,-560972,348413,1299,612917,-1617968,1004631,-420,0
-288611,1048489,-758579,1299,-435913,1581518,-1144769,836,0
-750779,1053039,-300312,1948,-1130944,1586755,-454347,1464,0
-154056,351013,-196308,649,-714512,1629697,-914349,836,0
918,-1390,472,0,10608,-16060,5452,0,1
256,308,-564,0,7415,8896,-16311,0,1
136505,406265,-542771,-1,390457,1178493,-1568323,627,0
-550,389,160,-1,-15882,11243,4639,0,1
5226,-4487,-738,1,15090,-12958,-2132,0,1
1006237,-145606,-858683,1948,1511764,-220366,-1291190,208,0
-42252,507669,-467368,-1951,-121285,1471755,-1349633,837,0
100,36,-136,0,11550,4227,-15777,0,1
-765729,1049789,-282761,1299,-1150634,1579424,-427744,1046,0
-889884,-52002,947085,5199,-1370790,-82952,1454159,417,0
649374,-1053040,405615,1949,994785,-1619853,624438,-630,0
-3788,9814,-6026,0,-10823,28042,-17218,1,1
-130005,17550,113754,1299,-1510508,218898,1292446,836,0
0,0,0,0,0,0,0,0,1
-239675,103501,136173,-1,-310167,133943,176224,0,1
-128705,986736,-856733,1298,-197743,1503804,-1304806,1255,0
-2955,-2699,5654,0,-8534,-7793,16328,1,1
53768,-66654,12885,-1,86030,-106647,20617,0,1
-128055,539520,-412766,-1301,-371815,1563923,-1191272,836,0
575921,-987387,412115,649,945978,-1626556,680157,-421,0
1375,-401,-973,1,15882,-4639,-11243,0,1
963986,-290561,-674726,-1301,1591992,-480740,-1111463,-211,0
211257,478417,-687726,1948,485976,1107901,-1593040,837,0
-898334,974386,-72803,3249,-1353822,1468403,-113325,1256,0
336712,726077,-1062790,-1,507761,1090933,-1598068,626,0
141055,-52652,-87754,649,1613987,-591551,-1022856,-420,0
-456318,-620774,1082290,5198,-689375,-937600,1627602,627,0
-947086,218408,729327,649,-1558477,357779,1201535,837,0
709826,-1040039,332812,2599,1088001,-1599534,510903,-630,0
-527170,1071890,-544721,-1,-803538,1633886,-829303,1045,0
945785,-935386,-9101,1298,1421691,-1407866,-14035,-210,0
-313962,1055639,-741678,-1,-472152,1590735,-1117537,1046,0
-764429,1050439,-284061,1949,-1149587,1580052,-429210,1255,0
453716,533669,-988688,-1303,751588,880623,-1631374,837,0
-166407,1012737,-845032,1298,-251577,1523913,-1271500,836,0
-113105,-14951,130654,2598,-1323030,-166741,1490398,627,0
430316,-535621,105953,648,1236726,-1542767,305411,-630,0
74292,160869,-235162,-1,96143,208184,-304328,-1,1
706576,362713,-1067991,1298,1063073,542534,-1605190,417,0
4000,1464,-5464,0,11550,4227,-15777,0,1
-566,584,-17,1,-1073,1106,-32,1,1
-577222,641574,-61753,2599,-1333713,1483695,-148726,1256,0
1057589,-311362,-746228,-1,1589059,-468381,-1121098,-420,0
-139106,88403,52651,1948,-1612731,1028301,585685,1255,0
-412766,1075790,-662375,649,-621087,1619433,-997300,1046,0
-795630,906783,-111155,-2,-1312137,1498777,-185593,1047,0
74292,160869,-235162,-1,96143,208184,-304328,-1,1
170306,-1014689,846981,2598,254090,-1524752,1270661,-1,0
-531070,-137806,672125,3249,-1225835,-321332,1547165,-2,0
588272,497268,-1082941,2599,884393,747189,-1631164,418,0
-1396,889,506,-1,-16133,10279,5853,-1,1
430316,-1054990,627923,3249,658372,-1624252,965040,-840,0
-301,-362,663,0,-571,-685,1256,0,1
30000,30000,30000,90000,60000,60000,60000,180000,1
0,0,0,0,0,0,0,0,1
-194500,219631,-25130,1,-251707,284228,-32521,0,1
-370514,-185907,556420,-1,-1065798,-538974,1604770,-2,0
-1035489,232058,807330,3899,-1554916,346258,1209495,837,0
-4301,5332,-1030,1,-12420,15397,-2976,1,1
-650025,-319812,973086,3249,-1072920,-529966,1603094,208,0
-659125,-416016,1079690,4549,-991225,-628419,1619852,208,0
167706,185906,-351014,2598,766879,865960,-1632212,627,0
260659,304211,-565522,-652,751797,880204,-1631374,627,0
213858,-561622,348413,649,612707,-1617968,1004840,-421,0
1260,-74,-1186,0,14553,-854,-13698,1,1
30000,30000,30000,90000,60000,60000,60000,180000,1
-1205,-37,1242,0,-13927,-427,14354,0,1
1144,147,-1291,0,13214,1707,-14922,-1,1
770278,-1018589,249609,1298,1182473,-1567694,384591,-630,0
50701,-328913,280160,1948,228534,-1515116,1286371,-211,0
961386,-687726,-274311,-651,1584660,-1134295,-450995,-630,0
-373114,1057589,-682526,1949,-570814,1611263,-1039613,836,0
303561,728027,-1031589,-1,468590,1121307,-1589060,837,0
-9868,4261,5607,0,-28197,12176,16020,-1,1
-549921,390664,159255,-2,-1586337,1129895,457278,836,0
9750,-616874,609072,1948,19899,-1424624,1404514,-211,0
549920,-392615,-157956,-651,1586127,-1130525,-456023,-421,0
0,0,0,0,0,0,0,0,1
804080,96853,-901584,-651,1329104,157942,-1486209,837,0
-1375,973,401,-1,-15882,11243,4639,0,1
649374,323062,-971137,1299,1072709,530175,-1602676,208,0
929534,24050,-952286,1298,1397182,34144,-1431118,208,0
-27059,70105,-43045,1,-43295,112169,-68873,1,1
73,-141,67,-1,8534,-16328,7793,-1,1
380264,666924,-1046540,648,587989,1025787,-1613359,417,0
-296412,313961,-14301,3248,-1374770,1451226,-75201,1255,0
0,0,0,0,0,0,0,0,1
-313312,1055639,-741678,649,-472152,1590945,-1117747,1046,0
130,-18,-112,0,15090,-2132,-12958,0,1
-685776,193707,494018,1949,-1583614,448062,1136179,627,0
-245060,341262,-94904,1298,-1136180,1584870,-447853,837,0
943185,-922385,-16901,3899,1428813,-1400116,-28698,-1,0
-656,418,238,0,-1243,792,451,0,1
579171,-1060840,484918,3249,887116,-1631793,744046,-631,0
-328913,561621,-232709,-1,-951425,1625926,-673665,836,0
-45502,950985,-904184,1299,-70593,1448922,-1377493,836,0
191107,161856,-351014,1949,874967,757243,-1631793,417,0
975036,-94254,-878183,2599,1481390,-144746,-1336227,417,0
-91,139,-47,1,-10608,16060,-5452,0,1
65328,-56098,-9229,1,104525,-89757,-14767,1,1
657824,417315,-1075141,-2,992062,628208,-1619434,836,0
915234,-137806,-780030,-2602,1514278,-228116,-1286163,-1,0
624023,-1082941,463467,4549,932572,-1628022,695030,-420,0
1064739,-351014,-712427,1298,1603094,-531852,-1071453,-211,0
1000,-1366,366,0,11550,-15777,4227,0,1
-9777,3547,6229,-1,-27936,10136,17799,-1,1
136505,-31202,-104004,1299,1555125,-346049,-1209077,-1,0
-275611,-770279,1048489,2599,-415175,-1160898,1575653,-420,0
0,0,0,0,0,0,0,0,1
-794980,907433,-113105,-652,-1310462,1499824,-188316,1046,0
565,-282,-282,1,16334,-8167,-8167,0,1
-304862,-726728,1032888,1298,-467334,-1121936,1589059,-211,0
-382865,-664325,1049139,1949,-588409,-1025369,1613777,-1,0
564221,-247010,-318512,-1301,1628650,-709694,-918957,-1,0
65652,75402,-139106,1948,745932,885859,-1630955,836,0
0,0,0,0,0,0,0,0,1
254809,-565522,312011,1298,729802,-1630745,900732,-211,0
0,0,0,0,0,0,0,0,1
-667576,1060189,-391315,1298,-1016362,1615872,-598254,1256,0
-212558,-138456,352963,1949,-982218,-639102,1621109,-211,0
-705277,393264,314611,2598,-1629070,909320,721004,1254,0
-492719,-191108,687725,3898,-1139741,-442826,1582985,418,0
-353614,180706,172906,-2,-1632421,840404,793063,1046,0
9868,-4261,-5607,0,28197,-12176,-16020,1,1
30000,30000,30000,90000,60000,60000,60000,180000,1
432266,98803,-531070,-1,1248247,288024,-1536064,207,0
306161,1950,-306162,1949,1407446,13615,-1421273,-212,0
-252210,1040688,-787830,648,-378518,1565808,-1186454,836,0
69840,-44499,-25340,1,111744,-71199,-40544,1,1
54,86,-140,0,6250,9943,-16194,-1,1
-564222,325012,239858,648,-1626765,937390,690631,1256,0
299011,752078,-1052390,-1301,452670,1133666,-1585080,1256,0
-1078391,436816,644824,3249,-1622785,655230,968601,1046,0
-563,243,320,0,-16283,7032,9251,0,1
986086,-104004,-882084,-2,1487465,-159619,-1327638,208,0
12350,-128705,118304,1949,123379,-1472384,1349004,-1,0
595422,477767,-1071891,1298,904293,726032,-1629698,627,0
-791730,1022488,-229459,1299,-1204259,1558057,-352334,1464,0
-1043290,356213,689675,2598,-1605609,546723,1059722,836,0
928884,24700,-952936,648,1396135,35819,-1431956,-2,0
30000,30000,30000,90000,60000,60000,60000,180000,1
-312012,299011,14300,1299,-1441801,1385661,57604,1464,0
1036138,-768329,-265860,1949,1572930,-1167811,-405330,-211,0
0,0,0,0,0,0,0,0,1
-702027,1068640,-365314,1299,-1055324,1607702,-551333,1045,0
41562,-70323,28760,-1,66500,-112517,46016,-1,1
-672776,-396515,1075140,5849,-1014686,-600978,1616081,417,0
69840,-44499,-25340,1,111744,-71199,-40544,1,1
-590873,-478418,1075140,5849,-901152,-728965,1630535,418,0
-10401,-117005,130004,2598,-134901,-1342511,1477201,-211,0
-340613,246359,96203,1949,-1580472,1146025,435703,1256,0
-299662,-266510,566171,-1,-861771,-770860,1632630,-1,0
-642,-770,1412,0,-7415,-8896,16311,0,1
137155,405615,-544071,-1301,394018,1176398,-1569579,837,0
523919,-78003,-447217,-1301,1512392,-222670,-1289724,-2,0
30000,30000,30000,90000,60000,60000,60000,180000,1
204107,-352964,151455,2598,934038,-1628022,693354,-630,0
457617,598672,-1056940,-651,706970,921889,-1628232,627,0
-107,-25,133,1,-12420,-2976,15397,1,1
566171,81903,-648075,-1,1309204,191039,-1500034,209,0
-315262,-390665,707226,1299,-726033,-904085,1629906,-212,0
-116355,661724,-543421,1948,-272315,1531454,-1258303,836,0
-389365,1070590,-680576,649,-587990,1614196,-1025579,627,0
-600623,-454368,1059539,4548,-925660,-702362,1628231,209,0
-169999,-62224,232224,1,-219999,-80525,300525,1,1
-155,-482,637,0,-293,-912,1206,1,1
68756,-20082,-48674,0,110011,-32132,-77878,1,1
30000,30000,30000,90000,60000,60000,60000,180000,1
1084240,-616874,-465418,1948,1628021,-927965,-700058,-2,0
-139,50,88,-1,-16133,5853,10279,-1,1
796929,-910035,114404,1298,1310670,-1499615,188734,-211,0
-189158,-164457,355563,1948,-874968,-757035,1631792,-211,0
93603,-141056,49401,1948,1056789,-1607075,550075,-211,0
637673,-1082941,448516,3248,952681,-1625718,672826,-211,0
-153406,351663,-195658,2599,-715140,1629697,-913720,837,0
980236,-875583,-102054,2599,1486627,-1329733,-156896,-2,0
306811,1300,-306162,1949,1409122,10264,-1419387,-1,0
579821,-644175,65652,1298,1333712,-1483696,149772,-212,0
-945786,217758,729977,1949,-1558687,357569,1201954,836,0
-1015989,837231,181356,2598,-1529361,1260397,270429,1465,0
86453,-526520,442666,2599,245083,-1521191,1276317,209,0
841131,139755,-978287,2599,1295798,213243,-1508623,418,0
373113,-1067991,699426,4548,556359,-1608751,1051971,-421,0
5639,-3204,-2435,0,16283,-9251,-7032,0,1
-537,607,-69,1,-1018,1149,-131,0,1
-365964,-688376,1060839,6499,-559712,-1049249,1608959,-2,0
-89704,-438117,529119,1298,-262051,-1265425,1527474,-2,0
0,122,-122,0,0,14145,-14145,0,1
-4000,-1464,5464,0,-11550,-4227,15777,0,1
-224259,347113,-120905,1949,-1041080,1611054,-568509,1465,0
-564222,323712,240509,-1,-1626975,934876,693145,1046,0
-1056940,434216,624673,1949,-1624461,667379,957709,627,0
-633774,587622,46801,649,-1462539,1360944,102641,1046,0
377664,-1060840,687725,4549,567670,-1610636,1042964,-2,0
1076440,-410816,-664325,1299,1618385,-619621,-998766,-2,0
-138456,50051,90353,1948,-1613150,587780,1025997,627,0
885983,-59803,-826181,-1,1461700,-99919,-1361573,208,0
149505,-1004938,859982,4549,221203,-1512393,1291189,-1,0
-201508,-811231,1017938,5199,-308554,-1235051,1543604,-1,0
-137156,40301,99453,2598,-1588013,464819,1123402,208,0
30000,30000,30000,90000,60000,60000,60000,180000,1
-1057590,750128,308111,649,-1586756,1127591,460211,1046,0
30000,30000,30000,90000,60000,60000,60000,180000,1
0,0,0,0,0,0,0,0,1
-165107,-188508,355563,1948,-764157,-868474,1632211,-420,0
492718,-1086191,595422,1949,736715,-1631374,894029,-630,0
-993888,876232,119604,1948,-1493960,1318421,176794,1255,0
30000,30000,30000,90000,60000,60000,60000,180000,1
92003,-238359,146356,0,119063,-308465,189402,0,1
217108,-1019239,806680,4549,324054,-1548842,1224996,208,0
456967,-519370,63702,1299,1313184,-1497940,184335,-421,0
-1748,5533,-3785,0,-5047,15977,-10929,1,1
-4301,5332,-1030,1,-12420,15397,-2976,1,1
942535,-922385,-18201,1949,1429022,-1399906,-29327,-211,0
-64353,640273,-575922,-2,-150402,1484323,-1332875,1046,0
-1040039,250259,792379,2599,-1563714,375584,1188966,836,0
772228,-1018589,248309,1948,1184568,-1566647,381659,-420,0
-107,133,-25,1,-12420,15397,-2976,1,1
-130005,17550,114404,1949,-1509880,217223,1293493,836,0
-221,-1099,1320,0,-2555,-12694,15249,0,1
204757,-353614,151455,2598,934876,-1627813,692726,-211,0
-113755,-232709,349063,2599,-532899,-1071034,1603513,-420,0
-482,-14,497,1,-13927,-427,14354,0,1
-230759,1032888,-800831,1298,-348144,1556591,-1207401,1046,0
625973,-27952,-598023,-2,1444314,-62214,-1381892,208,0
248309,-344513,98803,2599,1133875,-1585709,451413,-421,0
109204,-133906,26650,1948,1240916,-1540672,299336,-420,0
987386,-103354,-882084,1948,1487046,-158571,-1328267,208,0
-56124,230515,-174391,0,-72631,298314,-225683,0,1
390,270,-661,-1,739,511,-1251,-1,1
-292511,563571,-271711,-651,-845851,1633677,-786570,1256,0
191107,-998438,810580,3249,292004,-1538158,1245943,-211,0
-100104,-555121,657824,2599,-232096,-1284278,1516163,-211,0
-1075,1333,-257,1,-12420,15397,-2976,1,1
1075,-1333,257,-1,12420,-15397,2976,-1,1
731927,298361,-1029639,649,1128429,458745,-1586337,837,0
1073190,-572022,-501169,-1,1632001,-869731,-762481,-211,0
-843082,995837,-150806,1949,-1283859,1516582,-231049,1674,0
1073190,-391965,-681226,-1,1613987,-590295,-1023694,-2,0
867782,-1002988,137155,1949,1300825,-1506109,205073,-211,0
-9625,2811,6814,0,-27502,8033,19469,0,1
737127,-1049790,315261,2598,1114604,-1591783,476969,-210,0
1055639,-705277,-349714,648,1603513,-1071244,-532271,-2,0
-82554,138455,-56553,-652,-956453,1625089,-668218,418,0
1033538,-228159,-805381,-2,1554706,-344164,-1210334,208,0
0,0,0,0,0,0,0,0,1
-646,457,188,-1,-1223,866,357,0,1
-1066690,418615,650674,2599,-1619853,635540,985778,1465,0
218408,341262,-562272,-2602,631350,988920,-1619853,417,0
0,0,0,0,0,0,0,0,1
738,-1413,674,-1,8534,-16328,7793,-1,1
-1044590,272360,776779,4549,-1572931,407633,1166134,836,0
-1025739,278210,750128,2599,-1577958,425857,1152937,836,0
-843732,-133255,980886,3899,-1298312,-208216,1506946,418,0
-1075791,656524,423815,4548,-1619853,986197,635121,1465,0
-3325,-2300,5625,0,-9600,-6643,16244,1,1
796929,-1038089,243759,2599,1195460,-1562248,366367,-421,0
-140406,60452,81253,1299,-1628232,709065,920004,837,0
9750,851531,-861283,-2,16129,1407028,-1422320,837,0
399114,-548621,150155,648,1147910,-1580472,432142,-420,0
1068640,-705277,-363364,-1,1606236,-1059304,-547562,-630,0
332162,-564222,232708,648,953729,-1625509,671359,-421,0
-902884,-65653,973086,4549,-1360526,-101385,1462747,836,0
-130,112,18,0,-15090,12958,2132,0,1
1067339,-419916,-645475,1948,1621109,-639521,-981799,-211,0
-676026,-394565,1074490,3899,-1016990,-597836,1615662,836,0
32101,38511,-70613,-1,51363,61618,-112982,-1,1
-759879,-169657,930834,1298,-1252857,-280694,1533968,417,0
814480,-1031589,220358,3249,1220178,-1550936,330547,-211,0
-944486,214508,731927,1949,-1557011,352542,1205305,836,0
-563572,324362,240509,1299,-1626975,936552,691259,836,0
-1066040,417965,650674,2599,-1620062,635330,985987,1255,0
1080990,-635074,-445267,649,1624879,-956243,-668847,-211,0
-109855,-880133,991937,1949,-165065,-1325125,1489769,-421,0
-886634,60452,828131,1949,-1460654,97823,1363248,417,0
139,-50,-88,1,16133,-5853,-10279,1,1
-367,556,-188,1,-10608,16060,-5452,0,1
541,-1402,860,-1,6250,-16194,9943,-1,1
30000,30000,30000,90000,60000,60000,60000,180000,1
-666925,1072540,-404316,1299,-1006517,1617548,-609985,1046,0
256,308,-564,0,7415,8896,-16311,0,1
-144956,917834,-775480,-2602,-238380,1519305,-1280088,837,0
-1082941,582421,504418,3898,-1631164,876224,756405,1465,0
550,-160,-389,1,15882,-4639,-11243,0,1
469,172,-642,-1,889,325,-1215,-1,1
5639,-2435,-3204,0,16283,-7032,-9251,0,1
-63003,3700,59302,-1,-100805,5921,94884,0,1
-47452,-463468,512219,1299,-140766,-1339159,1479924,-1,0
-1084241,617523,468667,1949,-1627603,927126,701942,1465,0
-1077741,436166,644824,3249,-1622785,655021,968811,1047,0
-787830,-217759,1011437,5848,-1214523,-338299,1552821,-1,0
626623,-31202,-596073,-652,1447875,-69545,-1378331,-1,0
367,-556,188,-1,10608,-16060,5452,0,1
657824,-557721,-98154,1949,1514906,-1285953,-229164,-211,0
-124155,117654,9100,2599,-1451437,1374350,78342,1255,0
1548,7693,-9241,0,4424,21981,-26405,0,1
-1409,608,801,0,-16283,7032,9251,0,1
-134,105,29,0,-15534,12138,3396,0,1
12350,115054,-126105,1299,131967,1344395,-1475317,1045,0
668875,-137156,-531070,649,1545489,-316304,-1229396,-211,0
-576572,1057589,-479068,1949,-889212,1632001,-741115,1674,0
-633774,1079690,-445267,649,-953311,1625508,-670942,1255,0
141705,-52652,-87104,1949,1613568,-588200,-1025579,-211,0
686425,-193708,-492069,648,1582985,-445758,-1138066,-839,0
254809,-565522,311361,648,730850,-1630955,899894,-211,0
-311362,-392615,707226,3249,-720587,-909112,1629697,-2,0
6429,-9733,3304,0,18369,-27810,9441,0,1
-285361,1047839,-761179,1299,-431724,1580471,-1147911,836,0
-1009488,822930,190457,3899,-1534597,1250970,285092,1465,0
0,0,0,0,0,0,0,0,1
-222115,31380,190735,0,-287443,40610,246833,0,1
-1086191,490768,596072,649,-1630326,737553,893610,837,0
-575272,641574,-64353,1949,-1331409,1485370,-152706,1255,0
0,0,0,0,0,0,0,0,1
139,-88,-50,1,16133,-10279,-5853,1,1
227508,-694227,468667,1948,522634,-1602048,1078365,-1049,0
-139,88,50,-1,-16133,10279,5853,-1,1
-87754,-894434,984136,1948,-131759,-1344396,1475944,-211,0
9414,-2058,-7356,0,26899,-5880,-21019,0,1
354913,-184607,-169657,649,1632839,-844175,-788875,-211,0
470,172,-642,0,890,325,-1215,0,1
-71503,139105,-66303,1299,-850250,1633468,-781753,1465,0
547970,-1086841,542120,3249,819247,-1633887,814010,-630,0
115704,-130005,17550,3249,1319049,-1493960,174281,-630,0
219708,787179,-1007538,-651,339974,1213894,-1553240,628,0
919784,-919785,2600,2599,1413102,-1415826,2094,-630,0
347,317,-664,0,657,600,-1258,-1,1
1061489,-332163,-728028,1298,1596391,-500850,-1096171,-630,0
-1084241,618823,468667,3249,-1627394,928382,700476,1464,0
986086,-433567,-555121,-2602,1629069,-715769,-913511,-211,0
996487,-875583,-118955,1949,1496053,-1316327,-180147,-421,0
-16507,-51291,67798,0,-26411,-82066,108478,1,1
-323713,284060,41601,1948,-1497940,1312765,186221,1046,0
-139106,89053,52001,1948,-1611474,1034166,577935,627,0
-297062,963986,-668876,-1952,-490795,1594925,-1103503,627,0
0,0,0,0,0,0,0,0,1
325662,-285361,-39002,1299,1498567,-1312137,-186850,-420,0
23400,-132605,111804,2599,251786,-1523705,1271708,-211,0
-1025739,277560,750778,2599,-1577749,425439,1153147,837,0
-48752,-463468,512869,649,-141185,-1338950,1479924,-211,0
-2568,5649,-3080,1,-7415,16311,-8896,0,1
962686,-288611,-676026,-1951,1590945,-477179,-1114186,-420,0
-665625,1060189,-392615,1949,-1014477,1616291,-600559,1255,0
-27059,70105,-43045,1,-43295,112169,-68873,1,1
800830,235958,-1033539,3249,1205096,352542,-1557011,627,0
-164457,1012087,-846982,648,-247807,1522656,-1273804,1045,0
365963,692275,-1056290,1948,555521,1052600,-1607494,627,0
369863,183306,-555771,-2602,1071452,532060,-1602885,627,0
-1025089,278210,750778,3899,-1577958,425857,1152937,836,0
2568,-5649,3080,-1,7415,-16311,8896,0,1
30000,30000,30000,90000,60000,60000,60000,180000,1
-659775,-399115,1066689,7799,-1006936,-610194,1617548,418,0
1075790,-409516,-664975,1299,1617967,-618573,-999814,-420,0
30000,30000,30000,90000,60000,60000,60000,180000,1
-163807,-762479,927584,1298,-270011,-1260188,1530197,-2,0
-221009,943835,-724128,-1302,-365949,1562247,-1195252,1046,0
1043939,-778730,-263260,1949,1570207,-1174304,-396323,-420,0
-521320,449166,71502,-652,-1505481,1301034,205911,1464,0
432266,-1054990,625323,2599,662352,-1624461,961898,-211,0
0,0,0,0,0,0,0,0,1
437466,641574,-1077741,1299,658582,965250,-1623414,418,0
-550,389,160,-1,-15882,11243,4639,0,1
-89054,-809281,898333,-2,-145375,-1336646,1481600,-421,0
30000,30000,30000,90000,60000,60000,60000,180000,1
-674726,-393265,1075140,7149,-1018038,-596788,1615453,627,0
-912635,790429,122204,-2,-1502967,1305224,198999,1256,0
-130,112,18,0,-15090,12958,2132,0,1
770278,-1052390,284060,1948,1153356,-1578796,425439,-1,0
-971787,115704,858682,2599,-1493750,176376,1318421,1047,0
110,-1276,1165,-1,1281,-14742,13461,0,1
624673,-1082941,462817,4549,933410,-1628022,694192,-420,0
-9414,7356,2058,0,-26899,21019,5880,0,1
5547,58274,-63822,-1,8876,93239,-102115,0,1
431,221,-653,-1,817,420,-1237,0,1
36401,286010,-320463,1948,160037,1328266,-1487466,837,0
-557721,360113,198257,649,-1610636,1039403,572279,1046,0
0,0,0,0,0,0,0,0,1
-70710,35355,35355,0,-113137,56568,56568,-1,1
-421216,700726,-277561,1949,-975724,1622784,-645805,1255,0
30000,30000,30000,90000,60000,60000,60000,180000,1
93603,-141056,48751,1298,1056580,-1607284,550494,-210,0
-955536,924334,33801,2599,-1436983,1390689,47550,1256,0
111154,880132,-989338,1948,167578,1324076,-1490399,1255,0
-154056,351663,-195658,1949,-713883,1629488,-914977,628,0
505068,-35752,-472568,-3252,1460653,-98243,-1362830,-420,0
9414,-7356,-2058,0,26899,-21019,-5880,0,1
-128705,111154,20150,2599,-1507994,1297054,211776,836,0
-632,493,138,-1,-1197,935,261,-1,1
-1014689,169006,847631,1948,-1523076,252205,1271499,628,0
-8008,9043,-1034,1,-22882,25838,-2956,0,1
1073190,-568772,-504419,-1,1632211,-864913,-767299,-1,0
976336,-630524,-346463,-651,1610426,-1040242,-570814,-630,0
670175,-1066040,397814,1949,1013847,-1616501,602443,-211,0
-1034189,809280,224908,-1,-1551146,1218083,334527,1464,0
-140406,-211258,352963,1299,-649156,-973630,1622156,-630,0
437,-1383,946,0,5047,-15977,10929,-1,1
-1034189,767028,272360,5199,-1573559,1165296,409309,1046,0
-537,117,420,0,-15534,3396,12138,0,1
-1320,-4103,5423,0,-3813,-11848,15661,0,1
4823,-4971,148,0,13927,-14354,427,0,1
642,-1412,770,0,7415,-16311,8896,0,1
-369214,-185907,557070,1949,-1065798,-539183,1604979,-2,0
-20801,-109855,133905,3249,-261632,-1265634,1527055,-211,0
329562,-53302,-275611,649,1518258,-237961,-1280088,209,0
-989988,825530,166406,1948,-1523076,1272127,252205,1256,0
167706,185256,-351664,1298,768764,864074,-1632212,626,0
529119,-1084891,559670,3898,792225,-1633678,841451,-2,0
-892484,-50702,947085,3899,-1371418,-81485,1453530,627,0
-353614,182006,172906,1298,-1632631,841870,791387,626,0
-1040039,250909,792379,3249,-1564133,376422,1188338,627,0
-431617,-100104,532369,648,-1246991,-289073,1536901,837,0
-1014038,169006,848281,3249,-1523076,251786,1271708,418,0
-990638,503768,488168,1298,-1632840,830349,803118,627,0
-9145,7853,1292,0,-26131,22439,3691,-1,1
-295762,1040038,-743628,648,-451414,1585917,-1133248,1255,0
9625,-2811,-6814,0,27502,-8033,-19469,0,1
5587,-2027,-3559,1,16133,-5853,-10279,1,1
4823,148,-4971,0,13927,427,-14354,0,1
-239859,-711127,952285,1299,-395485,-1174933,1570416,-2,0
126754,-120255,-5851,648,1451855,-1374141,-78343,-629,0
-46152,-912635,963336,4549,-71850,-1377702,1449132,-420,0
30000,30000,30000,90000,60000,60000,60000,180000,1
0,0,0,0,0,0,0,0,1
170000,62224,-232224,0,220000,80525,-300525,0,1
-420566,-657175,1080340,2599,-631980,-988502,1620480,-2,0
299011,-967237,668875,649,490794,-1594926,1103502,-630,0
110504,-967887,859982,2599,169672,-1492074,1321982,-420,0
1019238,-187858,-830082,1298,1535644,-285931,-1249505,208,0
314611,-301612,-11701,1298,1442638,-1384824,-58653,-839,0
703976,248959,-954236,-1301,1165087,408890,-1573559,418,0
-839832,-157306,1002987,5849,-1278203,-240894,1519724,627,0
690975,-481669,-209308,-2,1592830,-1108111,-485558,-839,0
-368564,1066689,-696827,1298,-556779,1608750,-1050925,1046,0
4301,-5332,1030,-1,12420,-15397,2976,-1,1
-670176,-376365,1048489,1948,-1030606,-581916,1612520,-2,0
3250,486868,-491419,-1301,7331,1411636,-1417712,1255,0
132,-542,410,0,3813,-15661,11848,0,1
-124805,6500,120254,1949,-1454788,85674,1369532,418,0
-1020539,190457,833331,3249,-1534597,284882,1250551,836,0
457,-516,59,0,13214,-14922,1707,-1,1
-575922,642224,-65003,1299,-1330571,1485999,-154382,1046,0
-83204,524569,-442017,-652,-242779,1520771,-1277155,837,0
658474,-555771,-101404,1299,1517210,-1282392,-235238,-420,0
-591523,-477768,1075140,5849,-901571,-728128,1630535,836,0
-1748,5533,-3785,0,-5047,15977,-10929,1,1
190457,830081,-1019889,649,287605,1249295,-1536064,836,0
-1053040,647424,408215,2599,-1618596,995623,624228,1255,0
-369214,976986,-610373,-2601,-610194,1617757,-1006936,627,0
-614,527,86,-1,-1162,998,164,0,1
-1042640,781979,263259,2598,-1569160,1175979,394437,1256,0
677325,-520670,-155356,1299,1559524,-1200070,-359875,-421,0
587622,395864,-982837,649,970696,652716,-1622576,836,0
785879,244409,-1027039,3249,1193365,369300,-1562038,627,0
2955,-5654,2699,0,8534,-16328,7793,-1,1
-136506,96203,40951,648,-1586966,1127382,460420,836,0
-62403,139105,-75403,1299,-738811,1631582,-891726,1045,0
505,-626,121,0,957,-1186,229,0,1
-170000,-62224,232224,0,-220000,-80525,300525,0,1
1086190,-563572,-520670,1948,1632630,-850041,-783219,-630,0
0,0,0,0,0,0,0,0,1
21850,-69165,47314,-1,34961,-110664,75703,0,1
-521320,450466,70202,-652,-1504433,1302710,203188,1465,0
804730,96203,-901584,-651,1328894,157942,-1486419,417,0
61752,269110,-330863,-1,282578,1252646,-1533969,1255,0
748178,-937986,189157,-651,1231280,-1545281,313790,-211,0
904183,69552,-970487,3248,1361153,101803,-1462120,836,0
37051,-955536,922384,3899,53625,-1440754,1387337,208,0
1082940,-508320,-574622,-2,1632211,-766880,-865751,-420,0
-842432,-134556,981536,4548,-1297265,-210102,1507784,417,0
3059,-9683,6624,0,8740,-27666,18925,-1,1
30000,30000,30000,90000,60000,60000,60000,180000,1
1057589,-310712,-746228,649,1588850,-467334,-1121936,-420,0
-5639,2435,3204,0,-16283,7032,9251,0,1
705926,-394565,-312012,-651,1629488,-908693,-721215,-420,0
-978937,85153,898983,5199,-1472175,124845,1348166,836,0
65002,-642875,579171,1298,147049,-1482648,1334969,-630,0
0,0,0,0,0,0,0,0,1
-222115,31380,190735,0,-287443,40610,246833,0,1
-140406,69552,72152,1298,-1632631,816943,816734,1046,0
415365,-1079041,665624,1948,620039,-1619015,998765,-211,0
-327613,705276,-375715,1948,-760596,1632630,-870988,1046,0
-913285,963986,-48102,2599,-1374770,1451436,-75411,1255,0
103,516,-620,-1,196,978,-1175,-1,1
176156,-681226,507018,1948,403653,-1573140,1168648,-839,0
4576,-5167,591,0,13214,-14922,1707,-1,1
1054989,-430317,-622724,1948,1624251,-665286,-959176,-211,0
237456,-86157,-151298,1,307296,-111497,-195798,1,1
-705927,-247660,955535,1948,-1163831,-410148,1574187,208,0
508969,-681226,174856,2599,1171161,-1572093,400302,-630,0
-100,-36,136,0,-11550,-4227,15777,0,1
143005,208657,-349064,2598,652716,970486,-1622785,417,0
986736,-102054,-882084,2598,1486627,-157314,-1328895,418,0
-703977,1067990,-362714,1299,-1058466,1606864,-547772,626,0
-559021,358163,200207,-651,-1611264,1036680,575421,837,0
-559671,206057,353613,-1,-1614616,595530,1019713,627,0
884,-5281,4396,-1,2555,-15249,12694,0,1
738,674,-1413,-1,8534,7793,-16328,-1,1
-3673,5562,-1888,1,-10608,16060,-5452,0,1
0,0,0,0,0,0,0,0,1
-707227,-245710,955535,2598,-1165088,-408682,1573768,-2,0
36946,-70686,33740,0,59113,-113098,53984,-1,1
-1074491,688375,388714,2598,-1611683,1032700,580029,1046,0
759228,170306,-928885,649,1253903,279855,-1532922,836,0
205407,-352964,150805,3248,938647,-1627394,688327,-420,0
-1041340,250909,791729,1298,-1563924,376212,1188548,836,0
-8451,616223,-605823,1949,-22205,1425880,-1402839,836,0
-287311,-750129,1042639,5199,-438008,-1143721,1582147,418,0
330862,-707227,380264,3899,759547,-1632631,872872,-212,0
566821,-286011,-280811,-1,1632839,-822390,-810869,-420,0
-22751,-927585,953585,3249,-36239,-1396555,1432374,-420,0
976986,-628574,-347764,648,1610844,-1038147,-573327,-630,0
568771,518069,-1085541,1299,855276,777981,-1632212,1045,0
30000,30000,30000,90000,60000,60000,60000,180000,1
826180,198907,-1023789,1298,1243220,295984,-1538787,417,0
-563,243,320,0,-16283,7032,9251,0,1
892483,92303,-980887,3899,1341672,136576,-1477621,627,0
0,0,0,0,0,0,0,0,1
-122205,-861283,988037,4549,-188526,-1311300,1500033,207,0
-138456,89053,51351,1948,-1611893,1033328,579401,836,0
1067990,-421866,-644825,1299,1621528,-641406,-980123,-1,0
338662,724127,-1064090,-1301,511322,1088210,-1598696,836,0
-145606,918484,-774830,-1952,-240685,1519933,-1278412,836,0
-254,-404,658,0,-481,-766,1247,0,1
0,0,0,0,0,0,0,0,1
534320,-1076441,546020,3899,806260,-1634097,827836,-1,0
314611,655224,-969837,-2,520120,1081088,-1600581,627,0
1042639,-778730,-262610,1299,1570416,-1174304,-396323,-211,0
74292,-235162,160869,-1,96143,-304328,208184,-1,1
-108555,965936,-858033,-652,-166950,1491236,-1323449,837,0
30000,30000,30000,90000,60000,60000,60000,180000,1
-664,332,332,0,-1258,629,629,0,1
-82554,-58503,142355,1298,-963365,-660468,1623832,-1,0
162506,763128,-927585,-1951,268753,1261235,-1529361,627,0
690975,-481669,-209308,-2,1593039,-1108320,-485139,-420,0
532369,527169,-1059540,-2,822389,811287,-1633050,626,0
93603,46151,-137806,1948,1060979,544838,-1605609,208,0
-536921,421865,115704,648,-1550308,1220178,331385,1255,0
-898334,974386,-72803,3249,-1354032,1468403,-113116,1255,0
355563,-183307,-170307,1949,1632839,-839986,-793274,-421,0
529119,-1084241,559670,4548,792016,-1633678,841661,-1,0
142355,-81254,-59153,1948,1627812,-926917,-701106,-211,0
-75403,335412,-258710,1299,-353800,1558267,-1203840,627,0
70492,-40050,-30441,1,112788,-64081,-48706,1,1
1086840,-546671,-540821,-652,1633049,-820924,-812336,-211,0
139105,-99454,-38352,1299,1586755,-1128220,-459165,-630,0
1067990,-421216,-644175,2599,1621318,-641615,-979914,-211,0
1077090,-651325,-425116,649,1621109,-982218,-639311,-420,0
284060,-327613,44851,1298,1303548,-1504852,200884,-420,0
16507,51291,-67798,0,26411,82066,-108478,-1,1
449816,-1080341,633773,3248,672407,-1625927,953100,-420,0
-391315,1071240,-679276,649,-589457,1614615,-1023903,1255,0
1042639,-781330,-260010,1299,1568950,-1177656,-391714,-420,0
-3901,-938636,945785,3248,-8170,-1410799,1418758,-211,0
1012087,-165757,-845032,1298,1523075,-250739,-1272128,208,0
30000,30000,30000,90000,60000,60000,60000,180000,1
-558371,357513,200857,-1,-1611474,1034795,577516,837,0
-5639,3204,2435,0,-16283,9251,7032,0,1
-990638,505068,486868,1298,-1632840,833491,800395,1046,0
1077740,-651975,-425116,649,1621109,-982427,-639102,-420,0
-565,282,282,-1,-16334,8167,8167,0,1
700076,-440067,-259360,649,1615453,-1014686,-601397,-630,0
-1414,707,707,0,-16334,8167,8167,0,1
752728,-1056940,306161,1949,1127382,-1587803,460420,-1,0
894433,89053,-980237,3249,1344395,131339,-1475107,627,0
-933435,10400,928884,5849,-1420435,12777,1408494,836,0
-216,-344,560,0,-6250,-9943,16194,1,1
-457,516,-59,0,-13214,14922,-1707,1,1
132,-542,410,0,3813,-15661,11848,0,1
940585,-741028,-199558,-1,1549469,-1221645,-328035,-211,0
298361,266509,-565522,-652,859885,772744,-1632212,417,0
768978,-1053040,286660,2598,1150633,-1579844,429000,-211,0
710476,-1040039,331512,1949,1089048,-1599115,509647,-420,0
-738,-674,1413,1,-8534,-7793,16328,1,1
-44,510,-466,0,-1281,14742,-13461,0,1
-1080991,633773,449816,2598,-1624880,952472,673454,1046,0
551220,-165757,-387415,-1952,1590107,-472780,-1117537,-210,0
474517,-1084241,612972,3248,708436,-1629279,920632,-211,0
685775,-193058,-492069,648,1582985,-444292,-1138694,-1,0
-5379,1176,4203,0,-15534,3396,12138,0,1
65328,-56098,-9229,1,104525,-89757,-14767,1,1
301,362,-663,0,571,685,-1256,0,1
-377665,-689026,1071890,5199,-571442,-1040032,1610844,-630,0
0,-575,575,0,0,-1090,1090,0,1
-505069,678625,-172907,649,-1168230,1572930,-403445,1255,0
-69840,44499,25340,-1,-111744,71199,40544,-1,1
1084890,-490769,-592173,1948,1630744,-739230,-891726,-212,0
-88,528,-439,1,-2555,15249,-12694,0,1
-62403,968536,-906784,-651,-93006,1459186,-1365343,837,0
-918485,917834,650,-1,-1412894,1416035,-1676,1465,0
115704,-130655,16900,1949,1316745,-1495426,178051,-630,0
-56124,-174391,230515,0,-72631,-225683,298314,0,1
736477,-1059540,325662,2599,1104758,-1594716,489537,-421,0
133254,864532,-997138,648,200465,1304176,-1503595,1046,0
878182,-836582,-41602,-2,1447246,-1379378,-68498,-630,0
449166,-1080341,633773,2598,672616,-1625718,953310,208,0
-21850,69165,-47314,1,-34961,110664,-75703,0,1
254159,-565522,312011,648,728755,-1630745,901779,-211,0
-546021,1084240,-536921,1298,-821971,1633886,-810660,1255,0
711126,-1040039,330862,1949,1089886,-1598906,508390,-630,0
91,-139,47,-1,10608,-16060,5452,0,1
226208,-349714,126104,2598,1036051,-1612102,575211,-840,0
-92304,-436167,529769,1298,-267707,-1261864,1529360,-211,0
690975,-1073191,386114,3898,1033119,-1612731,578982,-630,0
-352964,1041989,-687726,1299,-544420,1606446,-1060980,1046,0
-1084241,488168,599322,3249,-1629907,733363,897590,1046,0
32101,38511,-70613,-1,51363,61618,-112982,-1,1
-22,132,-109,1,-2555,15249,-12694,0,1
-1084241,619473,468017,3249,-1627394,928801,699848,1255,0
2568,3080,-5649,-1,7415,8896,-16311,0,1
-364664,-689676,1060839,6499,-556569,-1051972,1608331,-210,0
69840,-25340,-44499,1,111744,-40544,-71199,1,1
155,482,-637,0,293,912,-1206,-1,1
-846332,995187,-146256,2599,-1287629,1514278,-224974,1675,0
752728,-1057590,306811,1949,1126334,-1588222,461468,-420,0
-33,135,-102,0,-3813,15661,-11848,0,1
884033,-59803,-826831,-2601,1460862,-98453,-1362411,-2,0
88403,807980,-898334,-1951,146421,1336226,-1482020,627,0
988687,-502469,-488169,-1951,1632839,-829303,-803957,-421,0
-369214,-185257,556420,1949,-1067683,-536670,1604351,-2,0
293811,-566172,274310,1949,843127,-1633678,789921,-630,0
-505719,678625,-170957,1949,-1170324,1572301,-400722,1255,0
648724,-83854,-566172,-1302,1500033,-190830,-1309205,-2,0
0,0,0,0,0,0,0,0,1
30000,30000,30000,90000,60000,60000,60000,180000,1
-824231,989337,-163807,1299,-1268777,1525380,-254929,1674,0
-107,-25,133,1,-12420,-2976,15397,1,1
-48102,326312,-276911,1299,-228535,1515325,-1286163,627,0
0,0,0,0,0,0,0,0,1
-332813,1060839,-728028,-2,-501059,1597438,-1095543,836,0
30000,30000,30000,90000,60000,60000,60000,180000,1
74752,-143006,68902,648,853391,-1633259,779447,-421,0
884,4396,-5281,-1,2555,12694,-15249,0,1
-662,376,286,0,-1254,712,541,-1,1
0,0,0,0,0,0,0,0,1
3250,939285,-942536,-1,5236,1412474,-1416664,1046,0
-918,1390,-472,0,-10608,16060,-5452,0,1
-130005,17550,114404,1949,-1511136,220784,1291189,837,0
0,0,0,0,0,0,0,0,1
-759229,-170307,930834,1298,-1251600,-282370,1534387,417,0
841781,174206,-1014038,1949,1266890,259955,-1526009,836,0
65002,-142356,78002,648,740067,-1631583,891096,-420,0
-456318,516769,-61103,-652,-1316536,1495844,-178471,837,0
-35752,-911335,950985,3898,-57396,-1385243,1442847,208,0
-1004938,863232,141055,-651,-1507156,1298730,209263,837,0
233773,-165491,-68281,1,302530,-214165,-88364,1,1
782629,262609,-1041990,3248,1177864,391294,-1568532,626,0
-533670,-547971,1086190,4549,-805842,-827208,1633468,418,0
-239675,103501,136173,-1,-310167,133943,176224,0,1
-68756,48674,20082,0,-110011,77878,32132,-1,1
234658,111154,-345163,649,1080460,520749,-1600791,418,0
559020,-208658,-352314,-1952,1614824,-596788,-1018457,-421,0
-67249,14701,52548,0,-107599,23522,84077,0,1
1306,-1121,-184,1,15090,-12958,-2132,0,1
-53768,66654,-12885,1,-86030,106647,-20617,0,1
48751,913284,-960736,1299,73943,1376654,-1449551,1046,0
-224259,-784580,1011437,2598,-345421,-1209915,1555334,-2,0
1086190,-546671,-540171,-652,1633049,-821552,-811498,-1,0
2164,-5608,3443,-1,6250,-16194,9943,-1,1
-470,642,-172,0,-890,1215,-325,0,1
-301,663,-362,0,-571,1256,-685,0,1
-1748,5533,-3785,0,-5047,15977,-10929,1,1
-127405,540170,-412766,-1,-370139,1563504,-1192529,836,0
648074,325012,-971137,1949,1071033,532479,-1603095,417,0
-328913,52651,278210,1948,-1520772,245292,1275688,208,0
-144306,917834,-775480,-1952,-237961,1518886,-1280298,627,0
685775,-193058,-492719,-2,1582985,-445130,-1138275,-420,0
541,-1402,860,-1,6250,-16194,9943,-1,1
99,-136,36,-1,11549,-15777,4227,-1,1
169006,-1014038,848281,3249,251157,-1523495,1272546,208,0
222115,-31380,-190735,0,287443,-40610,-246833,0,1
-1006888,146255,864532,3899,-1510089,217013,1293703,627,0
143005,-62403,-77353,3249,1628021,-704038,-924403,-420,0
1032888,-257410,-773529,1949,1569159,-392762,-1176399,-2,0
-469,642,-172,1,-889,1215,-325,1,1
949035,-16901,-928885,3249,1428603,-28908,-1399697,-2,0
9899,-4949,-4949,1,28284,-14142,-14142,0,1
720877,341912,-1062790,-1,1086744,512789,-1599115,418,0
30000,30000,30000,90000,60000,60000,60000,180000,1
-831,-575,1406,0,-9600,-6643,16244,1,1
1062789,-350364,-713077,-652,1602884,-529966,-1073129,-211,0
-649375,83203,568771,2599,-1499825,191248,1309204,627,0
567471,-286011,-280161,1299,1633049,-823857,-809612,-420,0
194500,25130,-219631,-1,251707,32521,-284228,0,1
0,0,0,0,0,0,0,0,1
565521,83203,-649375,-651,1307737,193552,-1501082,207,0
30000,30000,30000,90000,60000,60000,60000,180000,1
247659,-344513,99453,2599,1132828,-1586128,452461,-839,0
13000,-128055,118954,3899,128406,-1474688,1345652,-630,0
-107255,-25351,135205,2599,-1242802,-295776,1538995,417,0
-918,-472,1390,0,-10608,-5452,16060,0,1
991287,-825531,-164457,1299,1523704,-1271081,-253253,-630,0
1038738,-245710,-791730,1298,1563085,-371815,-1191481,-211,0
-65328,9229,56098,-1,-104525,14767,89757,-1,1
-3788,9814,-6026,0,-10823,28042,-17218,1,1
-19501,314611,-293161,1949,-95730,1460653,-1363877,1046,0
1005587,-176807,-828782,-2,1529988,-269592,-1260188,208,0
-651,-940586,943835,2598,-1676,-1413941,1415406,-211,0
1300,121554,-121555,1299,1047,1414359,-1414570,836,0
0,0,0,0,0,0,0,0,1
787179,221008,-1007538,649,1214522,338926,-1552612,836,0
-1018589,189157,834631,5199,-1533550,281950,1252646,1046,0
-607123,-471918,1084240,5199,-913930,-714721,1629488,837,0
-933435,9750,929534,5849,-1420016,12358,1408703,1045,0
-317862,25350,294461,1949,-1469242,117933,1351936,627,0
490768,-1086841,598022,1949,734411,-1631374,896543,-420,0
-8008,-1034,9043,1,-22882,-2956,25838,0,1
4301,1030,-5332,-1,12420,2976,-15397,-1,1
-33802,-910685,949685,5198,-55301,-1386500,1441800,-1,0
913934,-967237,55252,1949,1371836,-1454369,81903,-630,0
242459,710476,-952286,649,399673,1172209,-1571046,836,0
-5040,4744,296,0,-14553,13698,854,-1,1
-795630,906783,-111805,-652,-1311718,1498986,-186222,1046,0
-928235,-24051,956185,3899,-1394041,-39172,1433631,418,0
-5040,4744,296,0,-14553,13698,854,-1,1
0,-575,575,0,0,-1090,1090,0,1
346462,-107905,-237259,1298,1593668,-489119,-1105178,-629,0
101403,-137156,38351,2598,1152728,-1578796,425648,-420,0
-107,133,-25,1,-12420,15397,-2976,1,1
1205,-1242,37,0,13927,-14354,427,0,1
-376365,704626,-326963,1298,-872245,1632630,-759339,1046,0
21450,928234,-950336,-652,33934,1398020,-1430908,1046,0
-928885,-22101,955535,4549,-1395298,-36658,1432583,627,0
-390,661,-270,1,-739,1251,-511,1,1
-986737,107254,884033,4550,-1486209,158361,1329104,1256,0
-700077,436816,264559,1298,-1616082,1011753,605376,1047,0
0,4898,-4898,0,0,14145,-14145,0,1
5818,-9845,4026,-1,16625,-28129,11504,0,1
-369864,-185907,556420,649,-1066007,-538764,1604979,208,0
686425,-194358,-490769,1298,1583613,-448063,-1136180,-630,0
-726728,-321113,1052389,4548,-1104341,-489748,1594715,626,0
-842432,-154706,1001687,4549,-1280298,-237333,1518467,836,0
-233773,165491,68281,-1,-302530,214165,88364,-1,1
67249,-52548,-14701,0,107599,-84077,-23522,0,1
-132605,105303,29251,1949,-1551774,1216407,336413,1046,0
-1017289,772228,247009,1948,-1564133,1188338,376841,1046,0
-214212,201630,12582,0,-277216,260933,16283,0,1
-913285,964636,-49402,1949,-1373094,1452693,-78343,1256,0
-8440,8699,-259,0,-24116,24856,-740,0,1
-48752,326312,-276911,649,-229792,1515744,-1285325,627,0
841781,172906,-1013388,1299,1267519,258489,-1525590,418,0
771578,-1017939,247659,1298,1184986,-1566228,380821,-421,0
47451,913284,-961387,-652,73315,1376863,-1449133,1045,0
121554,-664325,544720,1949,278808,-1533341,1254322,-211,0
459567,598672,-1056290,1949,708017,921260,-1628441,836,0
386764,593472,-982837,-2601,641614,980332,-1621319,627,0
-849582,-16251,867782,1949,-1399278,-28908,1428813,627,0
182813,-226626,43812,-1,236582,-293281,56698,-1,1
-637674,1079690,-442017,-1,-958338,1624879,-665705,836,0
-5500,3893,1606,-1,-15882,11243,4639,0,1
30000,30000,30000,90000,60000,60000,60000,180000,1
139105,-98804,-39002,1299,1587802,-1124869,-463564,-631,0
-21850,69165,-47314,1,-34961,110664,-75703,0,1
33,102,-135,0,3813,11848,-15661,0,1
445916,623373,-1067991,1298,677434,948911,-1625090,1255,0
0,0,0,0,0,0,0,0,1
325662,-285361,-39652,649,1498777,-1311928,-187479,-630,0
-975687,876882,102703,3898,-1484114,1332455,152915,1256,0
912634,-789780,-122855,-1,1504013,-1303549,-201094,-630,0
-565522,247659,317861,-2,-1628860,714092,915395,627,0
-72153,139755,-65653,1949,-852554,1633258,-779239,1465,0
1032888,-812531,-220359,-2,1550726,-1219760,-331596,-630,0
156137,-236390,80252,-1,202060,-305917,103856,-1,1
-999,1366,-366,1,-11549,15777,-4227,1,1
-336713,78652,260659,2598,-1560572,364063,1197136,627,0
172256,-553171,382214,1299,493727,-1595763,1101407,-629,0
460217,54602,-515470,-651,1328056,159408,-1487047,417,0
-878183,993237,-113105,1949,-1319259,1493540,-173444,837,0
1043289,-781330,-260010,1949,1568950,-1177446,-392343,-839,0
9625,-2811,-6814,0,27502,-8033,-19469,0,1
-125617,-114716,240333,0,-162563,-148456,311020,1,1
55252,85153,-138456,1949,626532,993319,-1619224,627,0
-937336,-4551,945785,3898,-1409333,-9217,1418967,417,0
1073190,-687726,-384165,1299,1611892,-1034377,-577936,-421,0
-855433,-146256,1006887,5198,-1289305,-223089,1513021,627,0
579171,-644175,66952,1948,1332665,-1484533,151448,-420,0
-22,-109,132,1,-2555,-12694,15249,0,1
-568772,-80604,650024,648,-1310671,-187898,1498986,417,0
-1012088,165106,850881,3899,-1521401,246968,1275060,627,0
-643525,1049789,-405616,648,-992482,1620271,-626324,1465,0
-705927,298361,408215,649,-1626346,688117,938856,627,0
22750,109204,-130655,1299,258489,1267938,-1525590,837,0
214212,-201630,-12582,0,277216,-260933,-16283,0,1
0,0,0,0,0,0,0,0,1
378964,-1061490,686425,3899,570184,-1611264,1040869,-211,0
-182813,226626,-43812,1,-236582,293281,-56698,1,1
-369864,-185257,556420,1299,-1066426,-537926,1604560,208,0
866482,-1003638,139105,1949,1298940,-1507366,208006,-420,0
932134,-29252,-902884,-2,1436773,-45666,-1390690,417,0
-633774,585671,48751,648,-1464843,1357801,107878,836,0
91,47,-139,-1,10608,5452,-16060,0,1
840481,159905,-998438,1948,1278621,241522,-1519096,1047,0
8820,-518,-8302,0,25201,-1480,-23721,0,1
-537,117,420,0,-15534,3396,12138,0,1
234658,110504,-344513,649,1082345,518025,-1600162,208,0
358813,707876,-1065390,1299,541696,1063911,-1604980,627,0
-105954,-881434,990637,3249,-161504,-1327219,1488722,-1,0
4301,1030,-5332,-1,12420,2976,-15397,-1,1
339312,-81254,-257410,648,1562247,-369301,-1193157,-211,0
-110,-1165,1276,1,-1281,-13461,14742,0,1
-503119,475817,26650,-652,-1450599,1375607,76248,1256,0
-56124,-174391,230515,0,-72631,-225683,298314,0,1
114,14,-129,-1,13214,1707,-14922,-1,1
-980887,890533,93603,3249,-1477621,1341463,137623,1465,0
706576,-1071241,367263,2598,1057208,-1607284,549865,-211,0
-531070,-137156,671475,3249,-1227091,-319446,1546955,418,0
-157306,-518070,677325,1949,-364902,-1196508,1561199,-211,0
-656,418,238,0,-1243,792,451,0,1
204757,-353614,152105,3248,935714,-1627813,691678,-421,0
101403,-137806,38351,1948,1151261,-1579634,427743,-630,0
223608,-947086,725427,1949,365948,-1562038,1195460,-630,0
737777,319811,-1056290,1298,1113137,478854,-1591365,626,0
-1075141,393914,683825,2598,-1613359,590084,1024321,1046,0
977636,-361414,-618174,-1952,1615034,-598045,-1017200,-211,0
-85804,525219,-441367,-1952,-249273,1523075,-1272966,836,0
768328,-1019239,252859,1948,1180169,-1568532,388152,-211,0
57206,7391,-64597,0,91529,11826,-103355,0,1
0,0,0,0,0,0,0,0,1
-551221,165106,387414,1299,-1590736,476340,1115023,627,0
-543421,1083590,-540171,-2,-818620,1633886,-814011,1255,0
-603873,-452417,1058889,2599,-929221,-698382,1628021,418,0
-458268,-531070,989337,-1,-754102,-877901,1631792,-211,0
-9625,2811,6814,0,-27502,8033,19469,0,1
-50000,68301,-18301,0,-80000,109282,-29282,0,1
608422,473867,-1080341,1948,917490,712207,-1628860,837,0
-140,60,80,0,-16283,7032,9251,0,1
1077740,-651975,-424466,1299,1621318,-982846,-638683,-211,0
-748829,1054339,-303562,1948,-1127173,1587593,-459584,836,0
482,-497,14,-1,13927,-14354,427,0,1
116354,13650,-127405,2599,1324914,164436,-1489351,-1,0
-965287,289910,677975,2598,-1590527,475712,1115442,627,0
-349714,131304,220358,1948,-1616501,609774,1007354,627,0
351663,-134556,-216459,648,1617548,-614384,-1003584,-420,0
23400,-132605,111804,2599,254509,-1524962,1270242,-211,0
109204,-133906,27301,2599,1239240,-1541510,302059,-211,0
-211258,558370,-347764,-652,-612080,1617757,-1005469,208,0
109146,-240086,130940,0,141248,-310700,169451,-1,1
750128,-937336,187857,649,1233165,-1544443,311066,-212,0
2600,120904,-121555,1949,7331,1411426,-1417712,1045,0
522,-448,-73,1,15090,-12958,-2132,0,1
978286,-364664,-616224,-2602,1615453,-601187,-1014686,-420,0
-318512,24700,294461,649,-1469032,117514,1352146,628,0
-327613,561621,-232709,1299,-950588,1625926,-674503,835,0
-31852,133905,-102054,-1,-373700,1564342,-1190015,627,0
-587623,-493369,1086190,5198,-886279,-744885,1631373,209,0
-575272,1057589,-482319,-2,-886279,1632001,-744466,1256,0
-526520,1071890,-544721,649,-802490,1633886,-830141,1255,0
0,0,0,0,0,0,0,0,1
738,-1413,674,-1,8534,-16328,7793,-1,1
-48102,-463468,512869,1299,-139509,-1339788,1479296,-1,0
949035,-16901,-928885,3249,1428813,-29117,-1399488,208,0
-163157,-763129,928234,1948,-269592,-1260607,1529779,-420,0
754678,-1055640,303561,2599,1130733,-1586547,455184,-630,0
-106604,131954,-24701,649,-1238194,1541718,-302689,835,0
1306,-1121,-184,1,15090,-12958,-2132,0,1
276910,770928,-1046540,1298,415803,1160478,-1575654,627,0
-347114,226208,122204,1298,-1607494,1051971,556568,1045,0
-927585,-24051,956835,5199,-1393832,-39591,1434050,627,0
-169999,232224,-62224,1,-219999,300525,-80525,1,1
-800831,-230759,1036138,4548,-1205516,-350867,1557219,836,0
639623,-1082291,446566,3898,956033,-1625509,669265,-211,0
141705,-90354,-49402,1949,1612101,-1032282,-580240,-421,0
1069940,-701377,-366614,1949,1607074,-1055114,-552799,-839,0
-238559,-711127,952285,2599,-395066,-1175142,1570207,-1,0
-301,-362,663,0,-571,-685,1256,0,1
985436,-569422,-417316,-1302,1626555,-939904,-686861,-210,0
-239859,-710477,952935,2599,-396742,-1173885,1570626,-1,0
1055639,-703977,-350364,1298,1603722,-1069568,-534575,-421,0
-962037,687075,273010,-1952,-1584452,1135551,449737,836,0
41562,28760,-70323,-1,66500,46016,-112517,-1,1
-351664,205407,147555,1298,-1625090,952053,673454,417,0
21850,47314,-69165,-1,34961,75703,-110664,0,1
0,0,0,0,0,0,0,0,1
0,0,0,0,0,0,0,0,1
30000,30000,30000,90000,60000,60000,60000,180000,1
254159,-1041990,791079,3248,379355,-1566018,1186453,-210,0
-53768,66654,-12885,1,-86030,106647,-20617,0,1
-302262,-728028,1033538,3248,-465658,-1123193,1588640,-211,0
174,378,-553,-1,5047,10929,-15977,-1,1
-431,653,-221,1,-817,1237,-420,0,1
-211908,-139756,352963,1299,-981590,-639730,1621109,-211,0
-697477,245709,453716,1948,-1609170,566833,1043173,836,0
0,0,0,0,0,0,0,0,1
103,516,-620,-1,196,978,-1175,-1,1
169999,-232224,62224,-1,219999,-300525,80525,-1,1
-344513,106603,239858,1948,-1594926,495193,1100360,627,0
30000,30000,30000,90000,60000,60000,60000,180000,1
-42252,137155,-93604,1299,-503363,1597857,-1093657,837,0
87103,808630,-897034,-1301,143907,1337692,-1480763,836,0
-83,140,-57,0,-9600,16244,-6643,1,1
804080,96853,-901584,-651,1328475,158780,-1486628,627,0
1306,-1121,-184,1,15090,-12958,-2132,0,1
16507,51291,-67798,0,26411,82066,-108478,-1,1
632,-138,-493,1,1197,-261,-935,1,1
1073840,-686426,-386115,1299,1612311,-1032282,-580659,-630,0
-118305,122854,-1951,2598,-1388176,1439286,-49855,1255,0
22,109,-132,-1,2555,12694,-15249,0,1
-4301,-1030,5332,1,-12420,-2976,15397,1,1
-32101,70613,-38511,1,-51363,112982,-61618,1,1
-137,40,97,0,-15882,4639,11243,0,1
-482,-14,497,1,-13927,-427,14354,0,1
-256760,-785880,1044589,1949,-384802,-1182474,1567484,208,0
30000,30000,30000,90000,60000,60000,60000,180000,1
662,-286,-376,0,1254,-541,-712,1,1
-1320,5423,-4103,0,-3813,15661,-11848,0,1
254809,-565522,311361,648,729593,-1630745,900942,-210,0
686425,-194358,-491419,648,1583613,-446596,-1137228,-211,0
-590873,-390665,984786,3248,-974467,-647690,1622365,208,0
577221,-1060190,486868,3899,883765,-1632212,747817,-630,0
-925635,956835,-31202,-2,-1388804,1439077,-48808,1465,0
371813,-1067991,700726,4548,554683,-1608332,1053438,-211,0
-91004,-47452,140405,1949,-1063284,-541906,1605189,-1,0
-53302,138455,-84504,649,-625067,1620061,-994158,836,0
34451,101403,-134556,1298,385429,1182682,-1566856,1255,0
523269,464767,-988688,-652,864703,767926,-1632002,627,0
126754,-120255,-5201,1298,1451855,-1374351,-78134,-630,0
932134,-31202,-901584,-652,1438029,-48808,-1389223,-2,0
-705277,295761,410815,1299,-1625927,682252,944721,1046,0
-50000,-18301,68301,0,-80000,-29282,109282,0,1
664,-332,-332,0,1258,-629,-629,0,1
-296412,963986,-668876,-1302,-490167,1594925,-1104131,627,0
-8008,9043,-1034,1,-22882,25838,-2956,0,1
726077,323712,-1048490,1299,1104130,490166,-1594088,208,0
30000,30000,30000,90000,60000,60000,60000,180000,1
-588923,-393265,984786,2598,-971325,-651251,1622994,418,0
136505,-106604,-27952,1949,1551354,-1218294,-333481,-421,0
-182813,226626,-43812,1,-236582,293281,-56698,1,1
8450,851531,-860633,-652,13196,1408494,-1420854,836,0
918,-1390,472,0,10608,-16060,5452,0,1
-169999,232224,-62224,1,-219999,300525,-80525,1,1
769628,280160,-1048490,1298,1157965,418526,-1576282,209,0
-117655,-863233,986736,5848,-182870,-1314442,1497310,-2,0
1006237,-176157,-828782,1298,1529569,-268544,-1260817,208,0
0,0,0,0,0,0,0,0,1
-893784,960735,-64353,2598,-1360316,1462957,-101176,1465,0
876232,-958136,83853,1949,1345443,-1474898,129035,-420,0
217108,811880,-1027689,1299,328243,1222273,-1549470,1046,0
-586322,-496619,1086190,3249,-882299,-749284,1631373,-210,0
457617,-519370,63052,1299,1313393,-1497730,183707,-630,0
-1059540,579171,484268,3899,-1630326,890468,741323,1465,0
-443,-4661,5105,1,-1281,-13461,14742,0,1
173556,-681226,508969,1299,398626,-1571255,1171999,-630,0
157305,517419,-674076,648,362806,1198393,-1560153,1046,0
-432917,-99454,533019,648,-1248039,-287816,1536482,627,0
347,-664,317,0,657,-1258,600,-1,1
676675,-521320,-153406,1949,1558057,-1203002,-355685,-630,0
-448517,1077740,-628574,649,-677226,1626345,-948074,1045,0
85153,-526520,443316,1949,241940,-1520353,1278202,-211,0
274960,-1023789,752078,3249,420411,-1577539,1156498,-630,0
-174,553,-378,1,-5047,15977,-10929,1,1
23400,109204,-131305,1299,262469,1265424,-1527056,837,0
1409,-608,-801,0,16283,-7032,-9251,0,1
1300,-123505,124804,2599,-419,-1414570,1414569,-420,0
-1088791,546670,544720,2599,-1632631,820295,813591,1255,0
527169,-1084891,561621,3899,789293,-1633678,844174,-211,0
65328,-9229,-56098,1,104525,-14767,-89757,1,1
-32101,70613,-38511,1,-51363,112982,-61618,1,1
-566172,-82554,651974,3248,-1307110,-193972,1501500,418,0
227508,-694227,469317,2598,521168,-1601629,1079831,-630,0
-287311,1049139,-759229,2599,-434656,1581309,-1145816,837,0
-1058890,313311,748178,2599,-1588851,467961,1121307,417,0
459567,53301,-514820,-1952,1329313,157104,-1486209,208,0
178756,374414,-554471,-1301,515302,1084859,-1599743,418,0
599322,-1083591,488168,3899,897171,-1630955,733573,-211,0
30000,30000,30000,90000,60000,60000,60000,180000,1
-161857,-763779,926934,1298,-266659,-1262073,1528941,209,0
-455668,-621424,1081640,4548,-687909,-939067,1627183,207,0
-590223,-392615,984786,1948,-973630,-648947,1622575,-2,0
-353614,181356,172906,648,-1632421,843755,789712,1046,0
454367,601272,-1055640,-1,702990,925659,-1628022,627,0
-164457,-761829,928234,1948,-271477,-1259141,1530616,-2,0
1748,3785,-5533,0,5047,10929,-15977,-1,1
-767679,1016638,-247660,1299,-1181845,1567484,-384383,1256,0
-527170,1071890,-544071,649,-803957,1633886,-828674,1255,0
-822281,990637,-164457,3899,-1267310,1526427,-257652,1465,0
0,0,0,0,0,0,0,0,1
1040038,-250260,-788480,1298,1564760,-377680,-1187082,-2,0
-662,286,376,0,-1254,541,712,-1,1
-797580,906133,-109205,-652,-1314232,1497101,-181823,1046,0
-1414,707,707,0,-16334,8167,8167,0,1
-862583,1001687,-137156,1948,-1297474,1508203,-209473,1256,0
1086840,-547321,-539521,-2,1633258,-823647,-809822,-211,0
101403,35751,-135206,1948,1155032,422506,-1577330,208,0
0,0,0,0,0,0,0,0,1
-1061490,510269,553820,2599,-1632212,785103,848364,1255,0
330862,-707227,379614,3249,759757,-1632631,872034,-840,0
898983,-963987,68902,3898,1360525,-1463377,102641,-211,0
-274311,-771579,1049139,3249,-413290,-1161945,1575025,-210,0
825530,-992588,169656,2598,1266890,-1526847,259746,-211,0
301,362,-663,0,571,685,-1256,0,1
787829,240509,-1026389,1949,1196717,364482,-1560572,627,0
76052,66302,-139106,3248,859256,773582,-1632212,626,0
-1080991,635073,447866,1948,-1624461,955195,670731,1465,0
-444617,-622074,1072540,5849,-678273,-947655,1626345,417,0
-521970,449816,72152,-2,-1505900,1300825,206330,1255,0
-432267,-99454,532369,648,-1248248,-287606,1536272,418,0
-798230,-234659,1037438,4549,-1202793,-355266,1558476,417,0
289910,-1049140,763778,4548,432142,-1580472,1148119,-211,0
-301,663,-362,0,-571,1256,-685,0,1
-768979,1015338,-245060,1299,-1184569,1566646,-380612,1465,0
0,0,0,0,0,0,0,0,1
-295762,1040038,-744278,-2,-451205,1585708,-1133457,1046,0
191757,829431,-1019889,1299,288443,1248666,-1536273,836,0
570071,-1088791,521319,2599,851506,-1633259,781752,-1,0
0,0,0,0,0,0,0,0,1
-129355,18200,114404,3249,-1510927,219946,1291818,837,0
-852832,-150806,1007537,3899,-1285325,-228954,1515534,1255,0
931484,-29252,-902234,-2,1436563,-46084,-1390690,-211,0
299661,266509,-565522,648,862189,770650,-1632212,627,0
-685776,193707,494668,2599,-1583195,446386,1137436,627,0
771578,278860,-1048490,1948,1160269,415593,-1575445,417,0
-989338,436166,553820,648,-1629070,719119,911415,1464,0
182813,-226626,43812,-1,236582,-293281,56698,-1,1
-850232,-13001,865832,2599,-1401373,-24928,1426718,417,0
565,-282,-282,1,16334,-8167,-8167,0,1
-1039389,249609,793679,3899,-1563086,373489,1190433,836,0
-942536,936035,10400,3899,-1420225,1408703,12777,1255,0
-81254,138455,-56553,648,-954986,1625508,-669475,1047,0
986736,-434867,-552521,-652,1629069,-718701,-910997,-629,0
566171,81903,-648725,-651,1308994,191458,-1500244,208,0
130,-112,-18,0,15090,-12958,-2132,0,1
88,-528,439,-1,2555,-15249,12694,0,1
-684476,1070590,-384165,1949,-1031653,1612939,-580030,1256,0
707226,-346463,-360114,649,1632839,-799558,-833702,-421,0
30000,30000,30000,90000,60000,60000,60000,180000,1
-49999,-18301,68301,1,-79999,-29282,109282,1,1
-20801,-110505,134555,3249,-262051,-1265425,1527055,-421,0
-788480,-217759,1011437,5198,-1214733,-337461,1552821,627,0
-5172,9896,-4723,1,-14778,28274,-13496,0,1
521969,-452417,-69553,-1,1504432,-1302921,-201723,-212,0
-1051740,765728,287960,1948,-1578587,1151261,428790,1464,0
0,0,0,0,0,0,0,0,1
330862,-54603,-275611,648,1519514,-241732,-1277784,-2,0
110504,880782,-988688,2598,165483,1325124,-1489770,837,0
219058,-1019889,804730,3899,328453,-1550098,1221854,209,0
598022,26000,-623374,648,1383567,60118,-1443477,208,0
-1051740,341912,715676,5848,-1599743,517397,1083602,1256,0
-37609,-186838,224447,0,-48670,-241791,290462,1,1
-1084891,471267,616873,3249,-1628022,707179,922308,1465,0
-1004938,178756,832681,6499,-1528942,268962,1261444,1464,0
646,-457,-188,1,1223,-866,-357,0,1
-988038,107904,884033,3899,-1486628,158570,1328894,836,0
-559671,206707,353613,649,-1614406,595321,1019713,628,0
-687076,193057,494668,649,-1583195,446595,1137436,836,0
-1016639,771578,247659,2598,-1564343,1188129,377679,1465,0
-390,661,-270,1,-739,1251,-511,1,1
431,221,-653,-1,817,420,-1237,0,1
-766379,1017288,-248960,1949,-1179960,1568531,-387315,1256,0
-981537,889233,96853,4549,-1479506,1338739,142231,1464,0
0,0,0,0,0,0,0,0,1
-222115,31380,190735,0,-287443,40610,246833,0,1
0,0,0,0,0,0,0,0,1
70492,-30441,-40050,1,112788,-48706,-64081,1,1
-291211,564221,-271061,1949,-845013,1633677,-787408,1256,0
1080990,-635724,-443317,1949,1624670,-957500,-667590,-420,0
-898334,974386,-73453,2599,-1352775,1468822,-114582,1465,0
-566,584,-17,1,-1073,1106,-32,1,1
-40952,507669,-466718,-1,-120866,1471336,-1349842,628,0
146905,-1004288,861282,3899,217223,-1511136,1293493,-420,0
283410,-327613,45501,1298,1302920,-1505062,201931,-211,0
-81904,978936,-897684,-652,-122123,1472383,-1349005,1255,0
-575272,982836,-408866,-1302,-949331,1626345,-675969,1045,0
-956836,874932,83203,1299,-1472384,1348794,125055,1465,0
-5639,2435,3204,0,-16283,7032,9251,0,1
-118305,661724,-542771,648,-276295,1532921,-1255580,1046,0
1082290,-488169,-594773,-652,1630535,-736297,-894658,-420,0
-1008188,825530,187207,4549,-1532922,1254322,279855,1255,0
531069,137805,-668876,-2,1226672,320912,-1546956,628,0
-5172,9896,-4723,1,-14778,28274,-13496,0,1
-864533,1001037,-135206,1298,-1299360,1507155,-206331,1464,0
648724,322412,-971137,-1,1073128,529965,-1602467,626,0
54,-140,86,0,6250,-16194,9943,-1,1
935385,-9751,-923685,1949,1423157,-17177,-1405353,627,0
-213208,-811231,1029638,5199,-324055,-1224578,1548631,-2,0
2568,3080,-5649,-1,7415,8896,-16311,0,1
901583,-975687,75402,1298,1354450,-1468195,113743,-2,0
-174857,-840482,1018588,3249,-262260,-1265216,1527474,-2,0
40951,-509620,468017,-652,115000,-1468823,1353821,-2,0
1548,-9241,7693,0,4424,-26405,21981,0,1
-820981,991287,-167057,3249,-1265425,1527474,-260375,1674,0
-5172,-4723,9896,1,-14778,-13496,28274,0,1
-707877,345162,364663,1948,-1632421,797253,836005,837,0
-304212,-3901,309411,1298,-1405981,-16339,1422529,209,0
-893134,961386,-65653,2599,-1359269,1464004,-103689,1046,0
1005587,-863883,-139756,1948,1508412,-1297055,-211568,-211,0
-11,-116,127,0,-1281,-13461,14742,0,1
-318512,25350,295111,1949,-1469242,117933,1351727,418,0
299661,-1043290,748828,5199,449528,-1585290,1135341,-421,0
-5226,738,4487,-1,-15090,2132,12958,0,1
975686,-630524,-345813,-651,1610635,-1040451,-570604,-420,0
-296412,963986,-669526,-1952,-489748,1594715,-1104341,626,0
-155,637,-482,0,-293,1206,-912,1,1
504,-29,-474,1,14553,-854,-13698,1,1
207357,-1024439,821630,4548,307086,-1543186,1236098,-2,0
-805381,-94254,902233,2598,-1329105,-156686,1486627,836,0
219058,809280,-1028339,-1,330757,1220597,-1550308,1046,0
30000,30000,30000,90000,60000,60000,60000,180000,1
-50000,68301,-18301,0,-80000,109282,-29282,0,1
900283,-962687,65002,2598,1363248,-1461072,97614,-210,0
59802,-967887,911334,3249,88188,-1456883,1368485,-210,0
-49999,68301,-18301,1,-79999,109282,-29282,1,1
0,0,0,0,0,0,0,0,1
141,-70,-70,1,16334,-8167,-8167,0,1
167706,185256,-351014,1948,767507,865331,-1632002,836,0
891833,74102,-963337,2598,1355707,111229,-1466309,627,0
-377015,-689676,1071240,4549,-569557,-1041080,1610635,-2,0
639623,-1082941,445916,2598,956452,-1625509,668846,-211,0
293811,-566172,273660,1299,843755,-1633469,789293,-421,0
50000,-68301,18301,0,80000,-109282,29282,0,1
273010,57202,-330213,-1,1258302,272733,-1530617,418,0
-332813,265859,68902,1948,-1543605,1233165,311904,1464,0
826830,-1028339,204107,2598,1236936,-1542976,305201,-839,0
30000,30000,30000,90000,60000,60000,60000,180000,1
-189158,-164457,355563,1948,-876853,-754731,1631792,208,0
-33802,-287961,324362,2599,-158781,-1328686,1487256,-211,0
-316562,-653925,970486,-1,-520331,-1080880,1600999,-212,0
-366614,-689026,1060839,5199,-559293,-1049459,1608959,207,0
-1085541,473867,613622,1948,-1628441,711578,917699,836,0
566,17,-584,-1,1073,32,-1106,-1,1
1084240,-506369,-575272,2599,1632211,-765414,-867217,-420,0
-4494,9885,-5391,0,-12840,28245,-15404,1,1
-254,658,-404,0,-481,1247,-766,0,1
-616874,1080340,-462168,1298,-929431,1628440,-697335,1674,0
-63703,640924,-576572,649,-148726,1483695,-1333923,1046,0
690975,-1073191,386764,4548,1033119,-1612731,579401,-211,0
143005,-81254,-59153,2598,1628021,-925451,-702991,-421,0
9777,-3547,-6229,1,27936,-10136,-17799,1,1
143005,-81254,-59153,2598,1628021,-927965,-700268,-212,0
0,0,0,0,0,0,0,0,1
1012737,-166407,-845032,1298,1523494,-251787,-1271500,207,0
-323063,284060,40951,1948,-1496264,1315279,182031,1046,0
689675,-1073191,387414,3898,1031862,-1612940,580448,-630,0
136505,-106604,-27952,1949,1552192,-1216618,-336204,-630,0
94253,46801,-137156,3898,1062654,542953,-1605190,417,0
110504,-967887,859332,1949,169044,-1491865,1322401,-420,0
-128705,347763,-218409,649,-601187,1616291,-1014477,627,0
228649,-49985,-178664,0,295899,-64686,-231212,1,1
254159,-1042640,791079,2598,378307,-1565599,1186872,-420,0
373764,-1068641,699426,4549,556359,-1608751,1051762,-630,0
30000,30000,30000,90000,60000,60000,60000,180000,1
-288611,-31852,322412,1949,-1335389,-145584,1481600,627,0
883383,-60453,-826181,-3251,1461700,-100338,-1361363,-1,0
831,575,-1406,0,9600,6643,-16244,-1,1
-169007,1013387,-843732,648,-254091,1524751,-1270033,627,0
482,-497,14,-1,13927,-14354,427,0,1
-1306,1121,184,-1,-15090,12958,2132,0,1
-550,160,389,-1,-15882,4639,11243,0,1
30000,30000,30000,90000,60000,60000,60000,180000,1
-56124,-174391,230515,0,-72631,-225683,298314,0,1
883383,-60453,-826181,-3251,1461490,-99919,-1361573,-2,0
318511,-25351,-292511,649,1467356,-113535,-1354241,-420,0
1068640,-638974,-427717,1949,1622994,-971954,-651251,-211,0
691625,-1072541,385464,4548,1034585,-1612312,577306,-421,0
-1062790,333462,731277,1949,-1596182,500639,1096170,627,0
783929,260009,-1040689,3249,1179750,388571,-1567694,627,0
23400,-132605,111804,2599,251367,-1523495,1272127,-1,0
-418616,-658475,1080990,3899,-629047,-991225,1619852,-420,0
-437,-946,1383,0,-5047,-10929,15977,1,1
-989988,824880,167056,1948,-1523705,1270870,254299,1464,0
-371164,978936,-608423,-651,-613965,1618385,-1003794,626,0
-332,562,-230,0,-9600,16244,-6643,1,1
648724,-85154,-565522,-1952,1501081,-193134,-1307738,209,0
-1061490,335412,730627,4549,-1596601,502734,1094704,837,0
380914,666274,-1047190,-2,587780,1025997,-1613359,418,0
1068640,-642225,-426416,-1,1622365,-974677,-647900,-212,0
5818,4026,-9845,-1,16625,11504,-28129,0,1
0,0,0,0,0,0,0,0,1
28601,-930835,905483,3249,41894,-1435098,1392993,-211,0
483618,11050,-496619,-1951,1396554,34981,-1431537,-2,0
47451,585671,-633124,-2,107040,1358639,-1464634,1045,0
-91004,137805,-46152,649,-1059932,1606655,-545886,837,0
65328,-56098,-9229,1,104525,-89757,-14767,1,1
420565,658474,-1077091,1948,631350,989130,-1619853,627,0
494668,189157,-684476,-651,1142673,439473,-1581729,417,0
672125,-1074491,406265,3899,1006935,-1617549,610403,-211,0
658474,-556421,-100104,1949,1516791,-1283021,-233981,-211,0
969836,-913285,-54603,1948,1454159,-1371628,-83371,-840,0
-557721,358813,198907,-1,-1610845,1038356,573745,1256,0
-840482,-172257,1017938,5199,-1265216,-261213,1527055,626,0
-57206,64597,-7391,0,-91529,103355,-11826,0,1
941885,-922385,-17551,1949,1429232,-1399697,-30165,-630,0
1085540,-546671,-540821,-1952,1633049,-821762,-811498,-211,0
-8820,8302,518,0,-25201,23721,1480,0,1
206057,-353614,151455,3898,937390,-1627603,689584,-629,0
-541471,663024,-118305,3248,-1253276,1533968,-279437,1255,0
957485,-877533,-78003,1949,1471336,-1350052,-121704,-420,0
1074490,-685126,-386765,2599,1612730,-1030816,-582335,-421,0
572021,514169,-1084891,1299,860304,772535,-1632212,627,0
336062,-1064090,729977,1949,502943,-1597858,1094285,-630,0
-53768,-12885,66654,1,-86030,-20617,106647,0,1
-3901,-303562,310711,3248,-25347,-1402211,1426927,-631,0
1086190,-546021,-540821,-652,1633258,-820714,-812545,-1,0
36401,910034,-946436,-1,53625,1387337,-1439916,1046,0
312661,391964,-703977,648,722052,908064,-1629489,627,0
917184,-140406,-778730,-1952,1515744,-231677,-1284068,-1,0
415365,-1079041,664974,1298,620877,-1619434,997927,-630,0
-129355,111154,19500,1299,-1507366,1298521,209682,837,0
-558,202,355,-1,-16133,5853,10279,-1,1
3999,-5464,1464,-1,11549,-15777,4227,-1,1
-541471,662374,-118305,2598,-1253695,1533759,-279018,1046,0
-126,118,7,-1,-14553,13698,854,-1,1
-328263,560971,-232709,-1,-950378,1626136,-674712,1046,0
8450,850881,-859983,-652,13615,1408284,-1421063,836,0
-41562,-28760,70323,1,-66500,-46016,112517,1,1
-586322,-496619,1086840,3899,-882718,-748656,1631373,-1,0
295,-565,269,-1,8534,-16328,7793,-1,1
-3673,5562,-1888,1,-10608,16060,-5452,0,1
-114,129,-14,1,-13214,14922,-1707,1,1
126,-7,-118,1,14553,-854,-13698,1,1
109854,24050,-131305,2599,1243639,295356,-1538368,627,0
0,0,0,0,0,0,0,0,1
5379,-1176,-4203,0,15534,-3396,-12138,0,1
192407,-999738,809280,1949,294518,-1538996,1244267,-211,0
-211258,1015338,-804731,-651,-321332,1548003,-1225835,836,0
172256,-553821,382214,649,495193,-1595973,1100569,-211,0
-525870,1082290,-556421,-1,-793274,1633677,-838939,1464,0
30000,30000,30000,90000,60000,60000,60000,180000,1
-501819,476467,24700,-652,-1448714,1377911,71639,836,0
-642225,-437467,1083590,3898,-964413,-659211,1623832,208,0
828131,194357,-1022489,-1,1246990,290119,-1536902,207,0
312011,657824,-969187,648,515721,1084649,-1599743,627,0
-634424,586321,48101,-2,-1463796,1359058,105993,1255,0
-634424,585671,49401,648,-1464634,1358011,107668,1045,0
9868,-5607,-4261,0,28197,-16020,-12176,1,1
854782,152105,-1004938,1949,1287209,227068,-1514069,208,0
182813,-226626,43812,-1,236582,-293281,56698,-1,1
-1084241,583071,504418,3248,-1631164,876224,756405,1465,0
30000,30000,30000,90000,60000,60000,60000,180000,1
-139,50,88,-1,-16133,5853,10279,-1,1
40301,907433,-948386,-652,61166,1383567,-1443686,1047,0
-1396,506,889,-1,-16133,5853,10279,-1,1
-470,-172,642,0,-890,-325,1215,0,1
-2601,-488819,492718,1298,-11521,-1409123,1420434,-210,0
-729328,1058889,-328913,648,-1099104,1596391,-496241,1046,0
130,-112,-18,0,15090,-12958,-2132,0,1
130,-112,-18,0,15090,-12958,-2132,0,1
-847632,1008837,-159256,1949,-1276946,1520771,-242360,1465,0
63052,269110,-330863,1299,285930,1250132,-1535435,627,0
-686426,193707,494018,1299,-1583614,447643,1136598,627,0
-1069941,703976,367913,1948,-1606237,1057208,550284,1255,0
115704,-130655,16900,1949,1318211,-1494588,175957,-420,0
135855,-30552,-104004,1299,1553239,-339765,-1213476,-2,0
-126105,540170,-412766,1299,-368672,1563085,-1193366,1047,0
-824881,1023788,-198908,-1,-1239660,1541090,-300384,1046,0
-402366,-143656,546670,648,-1161945,-412871,1575025,209,0
580471,-643525,65002,1948,1334550,-1483067,147887,-630,0
-876883,994537,-115705,1949,-1317584,1495006,-176377,1045,0
-632,493,138,-1,-1197,935,261,-1,1
-118955,-3251,126104,3898,-1393413,-40219,1434259,627,0
-453717,1067339,-613623,-1,-691889,1627812,-934668,1255,0
-1080991,636373,445916,1298,-1624252,958128,667170,1046,0
0,0,0,0,0,0,0,0,1
948385,-16251,-928885,3249,1427975,-27651,-1400116,208,0
-92003,-146356,238359,0,-119063,-189402,308465,0,1
603872,-1074491,473217,2598,912253,-1630117,717443,-421,0
156137,80252,-236390,-1,202060,103856,-305917,-1,1
999087,-194358,-804731,-2,1540462,-300803,-1239450,209,0
-140406,59802,81253,649,-1628022,705085,923565,628,0
-1396,889,506,-1,-16133,10279,5853,-1,1
0,0,0,0,0,0,0,0,1
-204758,-809931,1017938,3249,-311905,-1232747,1545070,418,0
-848282,-17551,867782,1949,-1398440,-31212,1429860,208,0
976336,-77353,-898334,649,1470079,-118562,-1351309,208,0
1068640,-638324,-429017,1299,1623203,-970278,-653136,-211,0
530419,529119,-1059540,-2,819247,814639,-1633050,836,0
299661,-1043940,748178,3899,449737,-1585290,1135132,-421,0
-99454,-37052,138455,1949,-1158175,-417689,1576072,208,0
7527,1804,-9331,0,21507,5154,-26661,0,1
-1059540,580471,480367,1298,-1630326,893610,737762,1046,0
-139756,60452,80603,1299,-1628022,708855,920422,1255,0
-1019889,190457,833331,3899,-1534388,284463,1251180,1255,0
-128055,347763,-219059,649,-598883,1615872,-1016362,627,0
-153406,351663,-197608,649,-712208,1629488,-916653,627,0
132,410,-542,0,3813,11848,-15661,0,1
125617,-240333,114716,0,162563,-311020,148456,-1,1
-646,188,457,-1,-1223,357,866,0,1
30000,30000,30000,90000,60000,60000,60000,180000,1
332812,-1062790,733227,3249,496659,-1596392,1099312,-421,0
523919,462817,-988688,-1952,868054,764365,-1632002,417,0
-189158,997137,-806681,1298,-291586,1538367,-1245735,1046,0
-1068641,702676,369213,3248,-1606656,1055742,552170,1256,0
30000,30000,30000,90000,60000,60000,60000,180000,1
-16507,67798,-51291,0,-26411,108478,-82066,1,1
732577,299661,-1029639,2599,1127800,459164,-1586547,417,0
-9868,5607,4261,0,-28197,16020,12176,-1,1
-1409,608,801,0,-16283,7032,9251,0,1
-4823,4971,-148,0,-13927,14354,-427,0,1
933434,-31202,-900934,1298,1438239,-49436,-1389014,-211,0
-454368,516769,-62403,-2,-1314023,1497310,-182032,1255,0
-263910,-435517,702026,2599,-609566,-1007774,1617129,-211,0
52,547,-599,0,98,1037,-1136,-1,1
141705,-53302,-87104,1299,1613987,-591970,-1022227,-210,0
-1044590,271710,776779,3899,-1572721,406586,1167181,1046,0
-707227,345812,363363,1948,-1632421,797881,835586,1046,0
216,344,-560,0,6250,9943,-16194,-1,1
-843732,995837,-149506,2599,-1284487,1516163,-230211,1465,0
-617524,1080340,-461518,1298,-930478,1628440,-696707,1255,0
-74103,335412,-258710,2599,-349191,1556801,-1206773,837,0
139755,839181,-978937,-1,215966,1294750,-1509461,1255,0
-8440,-259,8699,0,-24116,-740,24856,0,1
0,489,-489,0,0,14145,-14145,0,1
-16507,67798,-51291,0,-26411,108478,-82066,1,1
-1083591,587622,500518,4549,-1630745,882089,750121,1465,0
-194500,-25130,219631,1,-251707,-32521,284228,0,1
30000,30000,30000,90000,60000,60000,60000,180000,1
-4823,4971,-148,0,-13927,14354,-427,0,1
18862,-216996,198133,-1,24410,-280818,256407,-1,1
484268,11700,-496619,-651,1396763,34562,-1431327,-2,0
-171607,677975,-506369,-1,-397999,1571464,-1172419,1046,0
-965937,291210,676675,1948,-1591155,477388,1114185,418,0
826180,-992588,168356,1948,1267938,-1526218,257651,-629,0
-240416,120208,120208,0,-311126,155563,155563,0,1
0,0,0,0,0,0,0,0,1
9100,-616874,609722,1948,19271,-1424624,1404514,-839,0
30000,30000,30000,90000,60000,60000,60000,180000,1
-144956,1003637,-856733,1948,-219737,1512183,-1291400,1046,0
125617,114716,-240333,0,162563,148456,-311020,-1,1
-1046540,274310,776129,3899,-1573559,409100,1165296,837,0
-1084241,489468,598672,3899,-1630117,735249,895705,837,0
739727,319811,-1056290,3248,1114185,477388,-1590946,627,0
1073840,-393915,-679926,-1,1614405,-592808,-1021599,-2,0
-52652,139105,-85154,1299,-624229,1619852,-994786,837,0
-53302,-86454,141705,1949,-628838,-991225,1619852,-211,0
-10401,-117005,130004,2598,-133225,-1343349,1476363,-211,0
578521,-644825,68252,1948,1330779,-1486000,154800,-421,0
-745578,935385,-189158,649,-1230653,1545698,-313791,1254,0
1075,257,-1333,-1,12420,2976,-15397,-1,1
551220,-1087491,538870,2599,824065,-1633887,809402,-420,0
-170000,232224,-62224,0,-220000,300525,-80525,0,1
-806681,-94904,902883,1298,-1328057,-158781,1487465,627,0
-8440,8699,-259,0,-24116,24856,-740,0,1
-410816,1075140,-664325,-1,-618364,1618804,-999395,1045,0
-360114,-706577,1069940,3249,-541068,-1064541,1605189,-420,0
0,-122855,124804,1949,-2933,-1413103,1415825,-211,0
85153,-141706,59152,2599,956661,-1625299,668427,-211,0
-239675,103501,136173,-1,-310167,133943,176224,0,1
-1084241,622073,465417,3249,-1627184,932572,695658,1046,0
-35102,-910685,950985,5198,-56558,-1385662,1442219,-1,0
-919785,138455,781329,-1,-1513860,227696,1287000,836,0
1067339,-638324,-429017,-2,1623203,-970278,-652927,-2,0
733877,-1060190,328912,2599,1101407,-1595973,494146,-420,0
1045239,-273011,-771579,649,1574815,-412452,-1162364,-1,0
0,0,0,0,0,0,0,0,1
934735,-7801,-924985,1949,1421062,-13197,-1407447,418,0
299661,-967237,668875,1299,491213,-1595135,1103083,-839,0
990637,-825531,-165107,-1,1524123,-1270452,-254091,-420,0
0,0,0,0,0,0,0,0,1
-841132,-137156,982186,3898,-1294751,-214082,1509460,627,0
579171,-643525,66302,1948,1333503,-1483905,150191,-211,0
642224,440066,-1079691,2599,964831,659210,-1623414,627,0
300961,-315912,16900,1949,1377911,-1448504,69963,-630,0
-927585,-24701,957485,5199,-1393622,-39800,1434259,837,0
901583,-975687,76052,1948,1353612,-1469242,115419,-211,0
-1085541,563571,524569,2599,-1632212,847317,785941,1046,0
139755,-99454,-38352,1949,1586755,-1128430,-458955,-630,0
42901,-509620,468017,1298,120237,-1471337,1350470,-630,0
-449167,1077740,-627924,649,-677854,1626345,-947445,1046,0
511569,-991288,479717,-2,839776,-1633678,793273,-629,0
30000,30000,30000,90000,60000,60000,60000,180000,1
-2164,5608,-3443,1,-6250,16194,-9943,1,1
-787180,-237259,1028988,4549,-1196927,-363645,1560990,418,0
400,146,-546,0,11550,4227,-15777,0,1
-841782,-171607,1017288,3899,-1265844,-260166,1526636,626,0
-1035489,231408,807330,3249,-1554497,345629,1209914,1046,0
332,230,-562,0,9600,6643,-16244,-1,1
-350364,132604,219708,1948,-1617339,615221,1002955,837,0
-1043940,356213,690325,2598,-1605818,546933,1059512,627,0
-966587,291860,675375,648,-1591574,479482,1112509,417,0
-1013388,167056,849581,3249,-1522029,249691,1273384,1046,0
-43552,950335,-905484,1299,-67241,1447456,-1379169,1046,0
798879,-908085,110504,1298,1314231,-1497102,182450,-421,0
-224259,347113,-121555,1299,-1038147,1611473,-572280,1046,0
509619,-991288,481018,-651,838309,-1633678,794739,-630,0
1064089,-350364,-713077,648,1602884,-529966,-1073129,-211,0
-21850,-47314,69165,1,-34961,-75703,110664,0,1
-522,73,448,-1,-15090,2132,12958,0,1
-172257,678625,-504419,1949,-401769,1572720,-1169905,1046,0
588272,495968,-1082941,1299,887326,744675,-1631164,837,0
2164,-5608,3443,-1,6250,-16194,9943,-1,1
1027038,-822281,-202808,1949,1542347,-1236727,-306040,-420,0
-248310,1040038,-790430,1298,-373490,1564342,-1189805,1047,0
227508,-694227,469317,2598,521168,-1601629,1079831,-630,0
503118,-477768,-24701,649,1449341,-1376655,-73106,-420,0
-945136,215808,731277,1949,-1557220,353799,1204258,837,0
-515470,-567472,1086840,3898,-776935,-855906,1632630,-211,0
0,8573,-8573,0,0,24494,-24494,0,1
-35752,-910685,950985,4548,-57815,-1385243,1442847,-211,0
-430,533,-103,0,-12420,15397,-2976,1,1
-136506,96853,40951,1298,-1586547,1128219,459373,1045,0
-596723,1069290,-470618,1949,-909950,1629906,-718701,1255,0
378314,-708527,332812,2599,867845,-1632840,764365,-630,0
0,575,-575,0,0,1090,-1090,0,1
299661,-1043940,748178,3899,449318,-1585080,1135341,-421,0
1026388,-822931,-201508,1949,1541509,-1238194,-303736,-421,0
-54,140,-86,0,-6250,16194,-9943,1,1
129354,-542121,412765,-2,370766,-1563505,1192109,-630,0
-486869,1083590,-596073,648,-733364,1630954,-896544,1046,0
0,0,0,0,0,0,0,0,1
301,362,-663,0,571,685,-1256,0,1
521969,-451767,-70203,-1,1504432,-1302921,-201932,-421,0
-451767,-245060,699426,2599,-1042127,-567881,1609797,-211,0
-228809,1032238,-802131,1298,-345421,1555753,-1209286,1046,0
45501,-139756,97503,3248,501268,-1597439,1095542,-629,0
-738,-674,1413,1,-8534,-7793,16328,1,1
-165757,-187208,355563,2598,-769394,-863237,1632420,-211,0
0,0,0,0,0,0,0,0,1
-317862,23400,295761,1299,-1466519,111858,1355078,417,0
-633124,587622,46801,1299,-1462958,1360315,103688,1045,0
330862,-708527,379614,1949,758710,-1632631,873291,-630,0
-533020,-549921,1086190,3249,-802281,-830979,1633468,208,0
76702,-338013,263259,1948,349609,-1557011,1206772,-630,0
-525870,-461518,989337,1949,-868893,-762900,1632211,418,0
30000,30000,30000,90000,60000,60000,60000,180000,1
347,317,-664,0,657,600,-1258,-1,1
30000,30000,30000,90000,60000,60000,60000,180000,1
194500,-219631,25130,-1,251707,-284228,32521,0,1
1036788,-711777,-325663,-652,1596391,-1095752,-501478,-839,0
549920,-393265,-157306,-651,1585708,-1131781,-454347,-420,0
168356,-1014038,848281,2599,251786,-1523705,1272127,208,0
658474,404315,-1063440,-651,1003374,615011,-1617549,836,0
-419916,700726,-279511,1299,-972582,1623203,-649575,1046,0
149505,-921735,774829,2599,244035,-1520982,1276526,-421,0
424465,-703977,282760,3248,973629,-1623204,648736,-839,0
1409,-608,-801,0,16283,-7032,-9251,0,1
-1003638,865182,137805,-651,-1504852,1301872,204654,1674,0
0,0,0,0,0,0,0,0,1
430,-533,103,0,12420,-15397,2976,-1,1
885983,-61103,-826181,-1301,1462119,-101176,-1361154,-211,0
109146,-240086,130940,0,141248,-310700,169451,-1,1
43,-138,94,-1,5047,-15977,10929,-1,1
1023138,-273661,-749479,-2,1577119,-422088,-1155452,-421,0
125454,-994538,872332,3248,186430,-1498778,1312346,-2,0
55902,85153,-138456,2599,629465,990386,-1619643,208,0
-521320,449816,72152,648,-1505900,1300615,206540,1255,0
826180,-991938,169656,3898,1267728,-1526428,258279,-421,0
926934,-958786,34451,2599,1388594,-1439287,50482,-211,0
-52,-547,599,0,-98,-1037,1136,1,1
262609,435516,-698777,-652,607261,1009448,-1616501,208,0
-11,-116,127,0,-1281,-13461,14742,0,1
443966,-989338,546020,648,729802,-1630745,900732,-211,0
943185,-212558,-731278,-651,1556801,-352334,-1204887,-420,0
235958,109854,-344513,1299,1085068,514674,-1599534,208,0
226208,-349714,126104,2598,1036470,-1611893,575211,-212,0
-993888,876882,119604,2598,-1493541,1318840,175957,1256,0
141055,838531,-978937,649,218061,1293284,-1510718,627,0
-233773,68281,165491,-1,-302530,88364,214165,-1,1
-369864,-186557,557070,649,-1065169,-539393,1604979,417,0
45922,23603,-69526,-1,73476,37765,-111242,-1,1
805380,94253,-900284,-651,1330570,155219,-1485162,627,0
-505,-121,626,0,-957,-229,1186,0,1
-252210,563571,-312012,-651,-728965,1630535,-901152,418,0
-457,-59,516,0,-13214,-1707,14922,1,1
365313,690975,-1056290,-2,556359,1052181,-1607703,837,0
943835,-213859,-729978,-2,1557429,-353800,-1204050,-421,0
1023788,-275611,-748179,-2,1577957,-425230,-1153357,-630,0
-205,650,-444,1,-388,1231,-842,1,1
999,-1366,366,-1,11549,-15777,4227,-1,1
367263,690975,-1056940,1298,557825,1050924,-1607913,836,0
544720,-665625,122204,1299,1253903,-1533760,279855,-2,0
639623,-1082291,446566,3898,955195,-1625509,669893,-421,0
969186,-109855,-856083,3248,1492073,-171559,-1320516,-2,0
-531720,-136506,671475,3249,-1228139,-317980,1546327,208,0
1260,-1186,-74,0,14553,-13698,-854,1,1
-794980,907433,-113105,-652,-1310462,1499824,-187898,1464,0
139,-50,-88,1,16133,-5853,-10279,1,1
84503,55902,-138456,1949,963364,660676,-1623623,417,0
976336,-629874,-346463,-1,1610844,-1038985,-572280,-421,0
9625,-6814,-2811,0,27502,-19469,-8033,0,1
142355,-62403,-78653,1299,1628231,-704667,-923775,-211,0
-130005,17550,114404,1949,-1509461,215966,1294331,836,0
313961,-301612,-11701,648,1442847,-1384615,-59072,-840,0
-796930,906783,-109855,-2,-1313394,1497939,-183289,1256,0
-504,29,474,-1,-14553,854,13698,-1,1
-214212,201630,12582,0,-277216,260933,16283,0,1
649374,-1053040,406265,2599,994995,-1619853,624438,-420,0
538870,-122855,-417966,-1951,1556382,-350867,-1206144,-629,0
-238559,-711777,951635,1299,-393390,-1176399,1569788,-1,0
-118955,123504,-1951,2598,-1389852,1437820,-46503,1465,0
1083590,-617524,-464118,1948,1627812,-929431,-698382,-1,0
-189808,-163807,355563,1948,-879995,-751589,1631582,-2,0
-410166,-293161,705276,1949,-946398,-679530,1625926,-2,0
30000,30000,30000,90000,60000,60000,60000,180000,1
-708527,-356864,1071240,5849,-1065588,-538974,1604979,417,0
1000,366,-1366,0,11550,4227,-15777,0,1
707876,362063,-1067991,1948,1063073,542743,-1605190,626,0
-31852,-103354,137155,1949,-383336,-1183521,1566436,-421,0
299661,265209,-565522,-652,863865,768974,-1632002,837,0
-48102,326312,-276911,1299,-224555,1514068,-1288467,1046,0
-115055,-232059,349063,1949,-534994,-1069568,1603932,-630,0
-281461,324362,-41602,1299,-1303968,1504013,-198790,1255,0
1260,-74,-1186,0,14553,-854,-13698,1,1
9100,850881,-861283,-1302,15291,1407656,-1421901,1046,0
-131955,104653,30551,3249,-1552193,1215779,337251,837,0
-495969,-587623,1087490,3898,-746771,-884813,1631582,-2,0
-3325,-2300,5625,0,-9600,-6643,16244,1,1
120,3,-124,-1,13927,427,-14354,0,1
934735,-7801,-924335,2599,1421272,-13826,-1407447,-1,0
943185,-215159,-729328,-1302,1557638,-355057,-1203002,-421,0
-940586,0,943835,3249,-1412475,-2933,1415825,417,0
-109855,966586,-856733,-2,-169673,1492492,-1321564,1255,0
170956,-1015339,847631,3248,254090,-1524752,1270661,-1,0
1260,-74,-1186,0,14553,-854,-13698,1,1
-134556,29901,107254,2599,-1553869,342906,1211590,627,0
141705,837231,-979587,-651,219946,1292237,-1510927,1256,0
-1015989,837231,182006,3248,-1529780,1259978,271267,1465,0
-141056,-839182,982186,1948,-217224,-1293704,1510717,-211,0
538870,-120905,-419266,-1301,1555125,-346468,-1208867,-210,0
-642,1412,-770,0,-7415,16311,-8896,0,1
-230109,1032238,-802131,-2,-346678,1556172,-1208658,836,0
0,0,0,0,0,0,0,0,1
1748,-5533,3785,0,5047,-15977,10929,-1,1
34451,101403,-133906,1948,384172,1183520,-1566437,1255,0
-107905,965286,-858683,-1302,-165065,1490607,-1324077,1465,0
9625,-6814,-2811,0,27502,-19469,-8033,0,1
30000,30000,30000,90000,60000,60000,60000,180000,1
0,0,0,0,0,0,0,0,1
1055639,-707877,-346463,1299,1602675,-1075014,-528081,-420,0
1024438,-274961,-748179,1298,1577748,-424602,-1153567,-421,0
700076,-440067,-260010,-1,1615662,-1013848,-602653,-839,0
-642,1412,-770,0,-7415,16311,-8896,0,1
1025738,-823581,-200858,1299,1541090,-1239241,-302270,-421,0
-222959,347113,-122205,1949,-1035843,1611892,-575212,837,0
-156006,-519370,677325,1949,-360084,-1199651,1559733,-2,0
-1041340,250909,793029,2598,-1563714,375794,1188966,1046,0
-99,136,-36,1,-11549,15777,-4227,1,1
-172257,678625,-505069,1299,-401141,1572301,-1170324,836,0
9145,-7853,-1292,0,26131,-22439,-3691,1,1
632,-138,-493,1,1197,-261,-935,1,1
403665,141055,-545371,-651,1162992,411404,-1574397,-1,0
-1084241,509619,577221,2599,-1631583,767088,865750,1255,0
748178,-937986,190457,649,1230442,-1545699,315046,-211,0
840481,141055,-978287,3249,1295379,214081,-1508623,837,0
-276911,-769629,1049139,2599,-417061,-1159641,1576072,-630,0
-655875,556420,101403,1948,-1514488,1286371,229163,1046,0
-296412,-752729,1053689,4548,-448900,-1135971,1584870,-1,0
-297712,313311,-13001,2598,-1376655,1449550,-71850,1045,0
-934085,10400,928884,5199,-1420435,12987,1408284,836,0
843731,136505,-976987,3249,1299149,207796,-1506528,417,0
685775,-194358,-491419,-2,1583822,-447644,-1136599,-421,0
-6501,614273,-607123,649,-16130,1423157,-1405981,1046,0
1043289,-781980,-259360,1949,1568740,-1178494,-390458,-212,0
598022,26000,-624024,-2,1382729,61166,-1444105,-210,0
-784580,-258060,1045239,2599,-1178703,-389620,1568531,208,0
1073840,-687076,-385465,1299,1612311,-1032701,-580030,-420,0
-1017289,772228,245709,648,-1563505,1189804,374956,1255,0
4576,591,-5167,0,13214,1707,-14922,-1,1
11061,54952,-66014,-1,17698,87924,-105622,0,1
30000,30000,30000,90000,60000,60000,60000,180000,1
13000,-128055,118304,3249,126940,-1473850,1346699,-211,0
221,-1320,1099,0,2555,-15249,12694,0,1
996487,-875583,-118955,1949,1495634,-1316746,-179309,-421,0
169999,-232224,62224,-1,219999,-300525,80525,-1,1
-1086191,564871,522619,1299,-1632212,849411,784265,1464,0
53768,-66654,12885,-1,86030,-106647,20617,0,1
-202808,351013,-147556,649,-938648,1627183,-687490,1045,0
-100,-36,136,0,-11550,-4227,15777,0,1
-505719,33151,473217,649,-1459606,95938,1364295,627,0
386114,594772,-981537,-651,639729,981798,-1621110,417,0
550,-389,-160,1,15882,-11243,-4639,0,1
93603,46151,-137806,1948,1062864,542743,-1605190,417,0
-299662,-266510,566171,-1,-861981,-770651,1632420,-212,0
135855,406265,-543421,-1301,391294,1178074,-1568532,836,0
-671476,139105,533669,1298,-1546328,319864,1227300,836,0
5639,-3204,-2435,0,16283,-9251,-7032,0,1
206707,807980,-1015339,-652,313580,1231908,-1544233,1255,0
-588923,-393265,984786,2598,-970906,-652089,1622784,-211,0
-541471,662374,-118955,1948,-1252647,1534177,-280065,1465,0
-48102,326312,-276911,1299,-226859,1514906,-1287210,837,0
194500,-219631,25130,-1,251707,-284228,32521,0,1
-658475,-415366,1079690,5849,-991435,-628000,1619433,-2,0
-367,-188,556,1,-10608,-5452,16060,0,1
273660,56552,-330213,-1,1261025,268543,-1529151,417,0
662,-286,-376,0,1254,-541,-712,1,1
-667576,-379615,1048489,1298,-1026836,-586315,1613358,207,0
5172,4723,-9896,-1,14778,13496,-28274,0,1
-874283,956185,-81254,648,-1345653,1474687,-127988,1046,0
-607123,-469968,1083590,6499,-916444,-711998,1629278,836,0
169006,-1013388,848281,3899,250948,-1523286,1272756,418,0
-337363,79302,260009,1948,-1562248,369090,1193365,207,0
-36946,-33740,70686,0,-59113,-53984,113098,1,1
126754,-120255,-5851,648,1453112,-1372466,-81485,-839,0
889883,56552,-944486,1949,1369532,85674,-1455207,-1,0
0,0,0,0,0,0,0,0,1
-1041340,249609,793029,1298,-1563295,374327,1189804,836,0
-520020,451116,69552,648,-1502967,1305014,199208,1255,0
-1032889,264559,774829,6499,-1570417,398835,1172628,1046,0
74752,-143006,68902,648,852553,-1633259,779866,-840,0
30000,30000,30000,90000,60000,60000,60000,180000,1
-703977,1067990,-361414,2599,-1059304,1606655,-546515,836,0
507669,-681876,176806,2599,1167600,-1573350,405120,-630,0
174856,841131,-1015989,-2,263516,1265005,-1527475,1046,0
-839832,-158606,1002987,4549,-1277155,-242779,1520352,418,0
44,466,-510,0,1281,13461,-14742,0,1
352313,-1041990,693575,3898,539392,-1605399,1065587,-420,0
5172,4723,-9896,-1,14778,13496,-28274,0,1
60290,1850,-62141,-1,96465,2961,-99426,0,1
705276,247659,-953586,-651,1166343,406795,-1573140,-2,0
-291861,1040038,-746228,1949,-446596,1584660,-1137018,1046,0
137,-40,-97,0,15882,-4639,-11243,0,1
738,674,-1413,-1,8534,7793,-16328,-1,1
136505,-31202,-103354,1949,1554706,-345211,-1209915,-420,0
-45922,-23603,69526,1,-73476,-37765,111242,1,1
-544071,1083590,-538871,648,-820296,1633886,-812336,1254,0
492718,189807,-684476,-1951,1140578,442196,-1582357,417,0
-9145,1292,7853,0,-26131,3691,22439,-1,1
16507,51291,-67798,0,26411,82066,-108478,-1,1
0,0,0,0,0,0,0,0,1
986736,-105954,-880783,-1,1488512,-161923,-1326591,-2,0
107,-133,25,-1,12420,-15397,2976,-1,1
-1077741,433566,646774,2599,-1622576,651669,971743,836,0
-3251,-488819,492718,648,-11521,-1409333,1420224,-630,0
-390665,-593473,982836,-1302,-642244,-979704,1621528,-420,0
30000,30000,30000,90000,60000,60000,60000,180000,1
120904,-664325,545370,1949,275666,-1532503,1256417,-420,0
273660,-1023789,753378,3249,418107,-1576911,1158383,-421,0
-585022,-497269,1086840,4549,-881881,-749494,1631373,-2,0
5172,4723,-9896,-1,14778,13496,-28274,0,1
973086,-91654,-879483,1949,1479505,-140976,-1338531,-2,0
1016638,-836582,-178757,1299,1529988,-1260398,-270011,-421,0
-877533,993887,-114405,1949,-1318422,1494378,-174910,1046,0
-1084241,469967,617523,3249,-1627813,705294,923565,1046,0
642224,438116,-1079691,649,966925,656487,-1623204,208,0
5547,58274,-63822,-1,8876,93239,-102115,0,1
-746228,936035,-189158,649,-1230443,1545908,-314210,1255,0
-878183,993887,-113755,1949,-1318631,1494168,-174072,1465,0
-1053690,343862,714376,4548,-1600581,520749,1080669,837,0
237908,712426,-950986,-652,394018,1176189,-1569579,628,0
-1008838,824880,187857,3899,-1533341,1253694,281112,1465,0
0,208206,-208206,0,0,269443,-269443,0,1
700076,-439417,-259360,1299,1615243,-1015105,-601187,-1049,0
365963,690975,-1056290,648,556778,1051762,-1607703,837,0
362063,343862,-705927,-2,836633,796624,-1632840,417,0
918,472,-1390,0,10608,5452,-16060,0,1
105953,-345813,242459,2599,478645,-1592202,1112718,-839,0
-352964,156655,197607,1298,-1629489,726451,904084,1046,0
235308,110504,-344513,1299,1084649,515302,-1599743,208,0
-929535,-22751,956185,3899,-1395508,-36449,1432374,417,0
-53768,-12885,66654,1,-86030,-20617,106647,0,1
-614,86,527,-1,-1162,164,998,0,1
-822931,989987,-164457,2599,-1267729,1526217,-256814,1674,0
-103,620,-516,1,-196,1175,-978,1,1
2568,-5649,3080,-1,7415,-16311,8896,0,1
115704,230108,-345163,649,529546,1073128,-1602467,207,0
-709177,1036138,-326313,648,-1092191,1598276,-505039,1046,0
-524570,1082940,-557071,1299,-791179,1633468,-841243,1046,0
541,860,-1402,-1,6250,9943,-16194,-1,1
-541,1402,-860,1,-6250,16194,-9943,1,1
-822281,990637,-165107,3249,-1267310,1526427,-257442,1675,0
126754,-120255,-5851,648,1452902,-1372884,-80857,-839,0
-256,564,-308,0,-7415,16311,-8896,0,1
-786530,-255460,1044589,2599,-1181636,-385011,1567065,418,0
5818,4026,-9845,-1,16625,11504,-28129,0,1
437,-1383,946,0,5047,-15977,10929,-1,1
-971787,63702,911334,3249,-1458559,93634,1365552,627,0
299011,-966587,669525,1949,491003,-1595135,1103292,-840,0
735177,-1049790,317861,3248,1111881,-1592621,480739,-1,0
1018588,-770929,-245060,2599,1564970,-1186663,-379146,-839,0
-9868,5607,4261,0,-28197,16020,12176,-1,1
-45502,950335,-905484,-651,-67870,1447875,-1378750,1255,0
64,-141,77,0,7415,-16311,8896,0,1
156137,80252,-236390,-1,202060,103856,-305917,-1,1
-8820,518,8302,0,-25201,1480,23721,0,1
-215809,1017288,-801481,-2,-328244,1550307,-1221017,1046,0
37609,186838,-224447,0,48670,241791,-290462,-1,1
-61753,968536,-906784,-1,-93006,1459396,-1365343,1047,0
1084240,-508970,-573322,1948,1632211,-768975,-863656,-420,0
-686426,191757,495318,649,-1582357,443453,1139740,836,0
-296412,-752079,1053689,5198,-448063,-1136599,1584660,-2,0
1306,-1121,-184,1,15090,-12958,-2132,0,1
104653,-345813,242459,1299,476969,-1591783,1114185,-629,0
676675,-519370,-156006,1299,1560152,-1198394,-362179,-421,0
156137,80252,-236390,-1,202060,103856,-305917,-1,1
-5818,9845,-4026,1,-16625,28129,-11504,0,1
-598673,-26651,627923,2599,-1380426,-64309,1445571,836,0
706576,-395215,-310062,1299,1629278,-911207,-718492,-421,0
-234009,-112455,348413,1949,-1082346,-518026,1600371,-1,0
-670176,138455,533019,1298,-1545909,318398,1228138,627,0
376364,-1068641,697476,5199,561386,-1609589,1048201,-2,0
-564872,323062,241159,-651,-1626975,934038,693983,1046,0
239858,711126,-952286,-1302,397160,1174094,-1570627,627,0
696826,-960086,263909,649,1145396,-1581310,435703,-211,0
56124,-230515,174391,0,72631,-298314,225683,0,1
-344513,104653,241809,1949,-1593669,488699,1105596,626,0
356863,-1043940,689675,2598,545885,-1606656,1060350,-421,0
927584,-957486,33801,3899,1389432,-1438659,48807,-420,0
-549921,391314,158605,-2,-1585918,1130524,456231,837,0
-1004938,863232,142355,649,-1507785,1297683,211148,1046,0
217758,811880,-1027689,1949,327824,1222692,-1549260,1256,0
-297712,963986,-669526,-3252,-491004,1595134,-1103293,837,0
0,0,0,0,0,0,0,0,1
-533670,-547971,1086190,4549,-805004,-828256,1633677,417,0
349713,-229459,-118955,1299,1607912,-1051972,-556779,-839,0
-9868,5607,4261,0,-28197,16020,12176,-1,1
-888584,-74753,969836,6499,-1351728,-117096,1469660,836,0
-1060190,315911,746227,1948,-1589689,472570,1117955,836,0
-458268,-618824,1082290,5198,-692517,-934877,1627812,418,0
313961,-301612,-10401,1948,1441591,-1386081,-56349,-839,0
314611,390014,-704627,-2,727079,903455,-1629907,627,0
-387415,-594773,983486,1298,-638683,-982637,1621318,-2,0
5200,485568,-492069,-1301,12987,1408284,-1420854,417,0
86453,-527170,442016,1299,245501,-1521610,1275688,-421,0
-634424,586321,48101,-2,-1464005,1358849,106621,1465,0
-978287,873632,107904,3249,-1486838,1328475,160246,1883,0
1062789,-718927,-341913,1949,1600161,-1084231,-516351,-421,0
-626624,29901,599972,3249,-1445781,65983,1380215,417,0
-967237,912634,54602,-1,-1451646,1373721,79390,1465,0
22,109,-132,-1,2555,12694,-15249,0,1
228158,-694227,468017,1948,524100,-1602257,1077527,-630,0
840481,174206,-1014038,649,1266262,260584,-1526428,418,0
776,8158,-8935,-1,2219,23309,-25528,0,1
300961,-315262,16250,1949,1378749,-1447876,68707,-420,0
218408,-1019239,805380,4549,326777,-1549889,1222901,-211,0
73,67,-141,-1,8534,7793,-16328,-1,1
-395865,546670,-149506,1299,-1145397,1581518,-434656,1465,0
-109146,240086,-130940,0,-141248,310700,-169451,1,1
-211908,-139756,352963,1299,-980123,-641196,1621318,-1,0
-295,-269,565,1,-8534,-7793,16328,1,1
-1062790,721527,344512,3249,-1599324,1084230,516350,1256,0
-145606,1003637,-857383,648,-219109,1511973,-1291400,1464,0
131954,-19501,-110505,1948,1509041,-213663,-1295170,208,0
0,0,0,0,0,0,0,0,1
-936686,-5201,946435,4548,-1408914,-10265,1419596,417,0
-352964,157305,196957,1298,-1629698,728546,901989,837,0
-1067340,638973,431616,3249,-1622157,971324,652297,1464,0
-172907,678625,-504419,1299,-402816,1572930,-1168858,1256,0
725427,325012,-1049140,1299,1102454,492470,-1594507,417,0
920434,-919785,1950,2599,1413521,-1415617,1256,-840,0
1344,-294,-1050,0,15534,-3396,-12138,0,1
-550,389,160,-1,-15882,11243,4639,0,1
733227,299011,-1028989,3249,1129057,457697,-1586337,417,0
-263260,334112,-69553,1299,-1221226,1550307,-327825,1256,0
-550571,163806,388064,1299,-1589898,471941,1118584,627,0
11061,-66014,54952,-1,17698,-105622,87924,0,1
8450,851531,-860633,-652,14034,1408284,-1421273,1045,0
-367914,-688376,1061489,5199,-560340,-1048621,1609169,208,0
-732578,1057589,-324363,648,-1103712,1594715,-489957,1046,0
-1076441,653274,427716,4549,-1620691,982007,639729,1045,0
122204,-125455,5850,2599,1391108,-1436983,45246,-629,0
-91654,-47452,141055,1949,-1062236,-543373,1605398,-211,0
564221,-325013,-239859,-651,1627183,-935087,-692727,-631,0
703976,-297062,-406266,648,1626345,-685395,-941371,-421,0
135205,863882,-997788,1299,203188,1302710,-1504643,1255,0
42901,-510270,468017,648,120446,-1471127,1350470,-211,0
647424,-1053690,408215,1949,992481,-1620272,626951,-840,0
-314612,-654575,970486,1299,-519493,-1081927,1600580,-840,0
461517,620123,-1079691,1949,694611,933200,-1626975,836,0
-128705,111154,19500,1949,-1507785,1297683,210938,836,0
-192408,-828132,1023788,3248,-289282,-1247620,1536901,-1,0
192407,-999738,808630,1299,295147,-1539415,1244058,-210,0
-36946,-33740,70686,0,-59113,-53984,113098,1,1
1063439,-350364,-712427,648,1603094,-530176,-1072920,-2,0
504,-474,-29,1,14553,-13698,-854,1,1
-574622,983486,-410166,-1302,-947445,1626555,-678273,837,0
-353614,181356,172906,648,-1632421,840613,793063,1255,0
-982187,887933,98153,3899,-1480135,1337692,144326,1883,0
-748829,1053689,-303562,1298,-1127592,1587593,-458955,1046,0
-831,1406,-575,0,-9600,16244,-6643,1,1
-1060840,509619,553820,2599,-1632212,784265,849202,1255,0
-259360,-305512,565521,649,-747818,-883347,1631582,417,0
508969,-1061490,555120,2599,779447,-1633469,853601,-421,0
-1320,-4103,5423,0,-3813,-11848,15661,0,1
-606473,615573,-7801,1299,-1402420,1426090,-22414,1256,0
-726728,-319812,1051739,5199,-1105597,-488281,1594296,418,0
424465,-703327,281460,2598,974676,-1622995,647480,-839,0
-44,-466,510,0,-1281,-13461,14742,0,1
234008,111804,-344513,1299,1080460,520330,-1600791,-1,0
587622,496618,-1082941,1299,885859,745722,-1630955,626,0
0,0,0,0,0,0,0,0,1
182813,43812,-226626,-1,236582,56698,-293281,-1,1
0,0,0,0,0,0,0,0,1
-45922,-23603,69526,1,-73476,-37765,111242,1,1
-452417,-243760,698776,2599,-1044850,-564739,1609378,-211,0
355563,-183307,-170307,1949,1632839,-841033,-792226,-420,0
-456318,-622074,1081640,3248,-688118,-938648,1627393,627,0
-792380,1036788,-241810,2598,-1193785,1562666,-367416,1465,0
-229459,1032238,-802131,648,-346259,1556172,-1208867,1046,0
527169,-1084891,560971,3249,789921,-1633678,843755,-2,0
650,939935,-941236,-651,1885,1413940,-1414988,837,0
608422,-618824,12350,1948,1401372,-1427347,25555,-420,0
-431,-221,653,1,-817,-420,1237,0,1
-156137,236390,-80252,1,-202060,305917,-103856,1,1
-194500,219631,-25130,1,-251707,284228,-32521,0,1
-564222,323712,241159,649,-1627184,933619,694611,1046,0
53768,-66654,12885,-1,86030,-106647,20617,0,1
-664975,1060189,-392615,2599,-1014686,1616291,-600349,1256,0
843081,135855,-976987,1949,1299359,207377,-1506319,417,0
-919135,137805,780679,-651,-1514069,227277,1287209,417,0
-351014,1041339,-689676,649,-540650,1605608,-1063912,1046,0
-847632,1008187,-157956,2599,-1277574,1520352,-241313,1465,0
-194358,-827482,1023788,1948,-292215,-1245944,1537948,-211,0
-117005,661724,-543421,1298,-273153,1531873,-1257465,1255,0
1300,120904,-121555,649,1675,1414359,-1414988,1046,0
-233773,165491,68281,-1,-302530,214165,88364,-1,1
136505,-30552,-104004,1949,1554077,-343117,-1211591,-631,0
-501819,1058889,-555771,1299,-775049,1633258,-856744,1465,0
85153,810580,-896384,-651,140346,1339787,-1479297,836,0
1056289,-309412,-746878,-1,1588640,-465868,-1122774,-2,0
1034188,-229459,-804081,648,1555125,-346049,-1209286,-210,0
-447217,1077740,-628574,1949,-676597,1626136,-948702,837,0
-566,584,-17,1,-1073,1106,-32,1,1
361413,345162,-705927,648,834958,798509,-1632631,836,0
945785,-936036,-7151,2598,1420643,-1408914,-12359,-630,0
-912635,789129,123504,-2,-1503805,1303967,201093,1255,0
47451,462817,-510920,-652,135528,1342300,-1477202,626,0
508319,-1062140,555120,1299,779028,-1633469,853810,-631,0
-91004,-47452,140405,1949,-1062027,-543792,1605398,-421,0
-170307,550570,-380915,-652,-494775,1596181,-1100570,836,0
-336713,-724778,1066039,4548,-507762,-1090934,1598276,-420,0
37701,-956186,921734,3249,53625,-1440963,1387337,-1,0
-103,-516,620,1,-196,-978,1175,1,1
354913,-183307,-170307,1299,1632839,-838729,-794740,-630,0
220358,339962,-562922,-2602,637634,983474,-1620900,208,0
668875,-140406,-529120,-651,1547584,-322169,-1225416,-1,0
0,0,0,0,0,0,0,0,1
559020,-208008,-353614,-2602,1614405,-594065,-1020551,-211,0
-126,118,7,-1,-14553,13698,854,-1,1
-202158,-811881,1017938,3899,-308973,-1234633,1543813,207,0
431,221,-653,-1,817,420,-1237,0,1
-522,448,73,-1,-15090,12958,2132,0,1
-390,661,-270,1,-739,1251,-511,1,1
-138456,88403,52001,1948,-1612521,1029348,584219,1046,0
-33,135,-102,0,-3813,15661,-11848,0,1
273660,56552,-330213,-1,1259140,271476,-1530198,418,0
-1034189,768978,269760,4549,-1572302,1168229,405329,1256,0
50701,-328913,280810,2598,226230,-1514488,1287838,-420,0
6429,-9733,3304,0,18369,-27810,9441,0,1
330862,-707877,378964,1949,759338,-1632631,872872,-421,0
0,0,0,0,0,0,0,0,1
-20151,130654,-109205,1298,-248435,1522656,-1273594,627,0
216,-560,344,0,6250,-16194,9943,-1,1
222115,-190735,-31380,0,287443,-246833,-40610,0,1
6429,-9733,3304,0,18369,-27810,9441,0,1
1205,-1242,37,0,13927,-14354,427,0,1
-8440,8699,-259,0,-24116,24856,-740,0,1
-54,140,-86,0,-6250,16194,-9943,1,1
504,-474,-29,1,14553,-13698,-854,1,1
-91,-47,139,1,-10608,-5452,16060,0,1
839181,161206,-998438,1949,1277573,242988,-1519725,836,0
88,439,-528,-1,2555,12694,-15249,0,1
-141313,239099,-97786,0,-182875,309422,-126546,1,1
586971,499218,-1083591,2598,883346,748445,-1631164,627,0
550,-389,-160,1,15882,-11243,-4639,0,1
-918,1390,-472,0,-10608,16060,-5452,0,1
-935386,33151,904833,2598,-1437821,49016,1389432,627,0
579171,-643525,66302,1948,1332036,-1484743,152286,-421,0
-783930,-241160,1030938,5848,-1192529,-369929,1562875,417,0
-976337,876232,103353,3248,-1484324,1332246,153334,1256,0
-120,-3,124,1,-13927,-427,14354,0,1
-291861,563571,-272361,-651,-843756,1633677,-788875,1046,0
378964,668875,-1046540,1299,584847,1028720,-1612731,836,0
-626624,29251,600622,3249,-1445153,64517,1381053,417,0
-549271,391964,157955,648,-1585080,1133247,453089,1256,0
-103,620,-516,1,-196,1175,-978,1,1
-313962,1055639,-741028,649,-472780,1590945,-1116909,1256,0
211907,477117,-689026,-2,488490,1106015,-1593878,627,0
30000,30000,30000,90000,60000,60000,60000,180000,1
-354264,1041989,-686426,1299,-545886,1606655,-1059723,1046,0
-108555,966586,-858033,-2,-167160,1491236,-1323030,1046,0
-651,-940586,944485,3248,-3143,-1413313,1416244,-212,0
137,-97,-40,0,15882,-11243,-4639,0,1
233773,-165491,-68281,1,302530,-214165,-88364,1,1
879482,-997138,119604,1948,1316535,-1495845,179308,-2,0
30000,30000,30000,90000,60000,60000,60000,180000,1
-3673,5562,-1888,1,-10608,16060,-5452,0,1
-83,140,-57,0,-9600,16244,-6643,1,1
692275,-481019,-208658,2598,1592830,-1108739,-484720,-629,0
-665625,1073190,-405616,1949,-1004422,1617967,-612708,837,0
-884,-4396,5281,1,-2555,-12694,15249,0,1
107,25,-133,-1,12420,2976,-15397,-1,1
1059539,-505719,-553821,-1,1632420,-779867,-852973,-420,0
380264,-707877,330862,3249,872453,-1632631,759757,-421,0
-223609,347763,-120905,3249,-1041080,1610844,-568928,836,0
30000,30000,30000,90000,60000,60000,60000,180000,1
-21850,-47314,69165,1,-34961,-75703,110664,0,1
596722,26650,-624674,-1302,1381053,64727,-1445362,418,0
-999,-366,1366,1,-11549,-4227,15777,1,1
738,674,-1413,-1,8534,7793,-16328,-1,1
132,410,-542,0,3813,11848,-15661,0,1
-204108,1022488,-818381,-1,-307925,1543813,-1234842,1046,0
504418,-1061490,558370,1298,773373,-1633259,859047,-839,0
284060,-326963,44851,1948,1304386,-1504014,199417,-211,0
-32502,134555,-101404,649,-379565,1566017,-1185616,836,0
329562,-53302,-275611,649,1518258,-237961,-1280088,209,0
710476,-1040039,331512,1949,1089257,-1599115,509437,-421,0
-40952,507018,-468018,-1952,-117934,1470288,-1351518,836,0
-359464,-707227,1069940,3249,-540021,-1065169,1604979,-211,0
-689026,481018,209957,1949,-1591574,1112299,480739,1464,0
-48102,952285,-903534,649,-73944,1450598,-1375817,837,0
-957486,921084,37701,1299,-1439497,1387966,52996,1465,0
-962037,688375,272360,-1302,-1583823,1136808,448481,1466,0
-65328,9229,56098,-1,-104525,14767,89757,-1,1
221008,785229,-1008838,-2601,343954,1211590,-1554497,1047,0
985436,-100754,-884034,648,1485161,-153963,-1330990,208,0
0,0,0,0,0,0,0,0,1
30000,30000,30000,90000,60000,60000,60000,180000,1
89703,893133,-981537,1299,134062,1343138,-1476364,836,0
958135,-876233,-80604,1298,1472802,-1348167,-125475,-840,0
-704627,297711,408865,1949,-1626346,686860,939903,417,0
-926285,-25351,957485,5849,-1393413,-40638,1434468,417,0
1017288,-836582,-178757,1949,1530197,-1259979,-270011,207,0
522619,552520,-1073191,1948,794320,839357,-1632631,1046,0
-494019,-589573,1087490,3898,-743629,-887536,1631373,208,0
-566,-17,584,1,-1073,-32,1106,1,1
646774,325012,-971787,-1,1069358,534155,-1603304,209,0
986086,-102054,-883384,648,1486208,-156896,-1329314,-2,0
-676026,-394565,1075140,4549,-1016781,-598673,1615662,208,0
0,0,0,0,0,0,0,0,1
430,-533,103,0,12420,-15397,2976,-1,1
214508,135205,-349064,649,986197,634911,-1620272,836,0
50000,-68301,18301,0,80000,-109282,29282,0,1
1035488,-767029,-267811,648,1574187,-1165297,-408682,208,0
558370,-358814,-200208,-652,1611473,-1035005,-577098,-630,0
-20151,130654,-108555,1948,-248854,1523075,-1273175,1046,0
931484,-27952,-902884,648,1436144,-45037,-1391109,-2,0
-746228,935385,-188508,649,-1231490,1545070,-312534,1046,0
967236,-57853,-910035,-652,1456463,-88189,-1367857,417,0
-523920,78002,447216,1298,-1513231,225602,1288466,837,0
1012737,-165107,-845682,1948,1522656,-249482,-1272757,417,0
-2310,9491,-7180,1,-6602,27119,-20516,1,1
30000,30000,30000,90000,60000,60000,60000,180000,1
156005,518069,-674076,-2,358826,1201116,-1559106,836,0
-525220,77352,447216,-652,-1512393,222878,1290142,627,0
541,-1402,860,-1,6250,-16194,9943,-1,1
-703977,1067990,-362714,1299,-1058466,1606864,-547562,836,0
110,-1276,1165,-1,1281,-14742,13461,0,1
614,-527,-86,1,1162,-998,-164,0,1
177456,375064,-554471,-1951,511951,1087372,-1599115,208,0
697476,-245060,-451117,1299,1609378,-566205,-1043593,-420,0
52001,-329563,280810,3248,230210,-1515954,1285324,-420,0
93603,434866,-529120,-651,268962,1261444,-1529361,1045,0
-5639,3204,2435,0,-16283,9251,7032,0,1
-194500,-25130,219631,1,-251707,-32521,284228,0,1
978936,-877533,-99454,1949,1484742,-1332247,-152497,-2,0
-670826,138455,533019,648,-1546118,318398,1228347,627,0
-8008,9043,-1034,1,-22882,25838,-2956,0,1
325662,-286011,-38352,1299,1497101,-1314442,-183080,-421,0
482,14,-497,-1,13927,427,-14354,0,1
-240416,120208,120208,0,-311126,155563,155563,0,1
-707227,345162,364663,2598,-1632421,796205,837262,1046,0
550,-389,-160,1,15882,-11243,-4639,0,1
141705,-52652,-87104,1949,1613987,-592180,-1022018,-211,0
-954886,924334,33151,2599,-1436774,1391108,46712,1046,0
70710,-35355,-35355,0,113137,-56568,-56568,1,1
736477,-1049140,317211,4548,1112718,-1592412,479692,-2,0
-659125,-416666,1079690,3899,-990178,-629466,1619852,208,0
44,466,-510,0,1281,13461,-14742,0,1
181356,-354914,175506,1948,828045,-1633887,805422,-420,0
-948386,23400,930184,5198,-1429861,32677,1398439,1255,0
-154706,351013,-195658,649,-718492,1629906,-910788,626,0
6429,-9733,3304,0,18369,-27810,9441,0,1
27059,43045,-70105,-1,43295,68873,-112169,-1,1
-1077741,434216,646124,2599,-1622576,652507,970905,836,0
408865,293811,-702677,-1,945559,680995,-1625718,836,0
248309,-343863,98803,3249,1134923,-1585290,449737,-630,0
1060839,-330863,-729328,648,1595972,-498755,-1097637,-420,0
-1042640,781979,263909,3248,-1569370,1175351,395274,1255,0
-206708,1023788,-815781,1299,-312324,1545070,-1231700,1046,0
770928,-1018589,249609,1948,1183311,-1567066,383544,-211,0
0,0,0,0,0,0,0,0,1
-189808,-163807,355563,1948,-879157,-752426,1631582,-1,0
504,-29,-474,1,14553,-854,-13698,1,1
-165757,1012087,-846982,-652,-248016,1522656,-1273594,1046,0
-139756,79302,62402,1948,-1627394,930058,698172,836,0
16507,-67798,51291,0,26411,-108478,82066,-1,1
566821,-1087491,524569,3899,846688,-1633469,786569,-212,0
-509620,987386,-479718,-1952,-840195,1633677,-792645,837,0
-20801,-110505,133905,2599,-259956,-1266682,1526427,-211,0
179406,373113,-555121,-2602,515931,1084230,-1599953,208,0
-437,-946,1383,0,-5047,-10929,15977,1,1
0,0,0,0,0,0,0,0,1
505068,-36402,-472568,-3902,1461281,-99291,-1361992,-2,0
939935,-741028,-199558,-651,1549050,-1222902,-326778,-630,0
139,-50,-88,1,16133,-5853,-10279,1,1
132604,-989988,860632,3248,197323,-1503177,1306062,208,0
-443,5105,-4661,1,-1281,14742,-13461,0,1
109854,-133255,26650,3249,1241335,-1540672,298708,-629,0
36946,33740,-70686,0,59113,53984,-113098,-1,1
1409,-608,-801,0,16283,-7032,-9251,0,1
3788,-9814,6026,0,10823,-28042,17218,-1,1
1073840,-688376,-382865,2599,1611892,-1035215,-577307,-630,0
-863883,1001037,-135856,1298,-1298941,1507365,-207169,1255,0
33,-135,102,0,3813,-15661,11848,0,1
-895084,960735,-63703,1948,-1361154,1462328,-99919,1255,0
5547,-63822,58274,-1,8876,-102115,93239,0,1
-495969,-589573,1087490,1948,-744257,-886908,1631373,208,0
-505,-121,626,0,-957,-229,1186,0,1
336062,-267811,-65653,2598,1544023,-1233166,-311486,-629,0
66302,75402,-139106,2598,745932,885859,-1631164,627,0
-291861,563571,-271711,-1,-845642,1633677,-786780,1255,0
-542771,662374,-118305,1298,-1254113,1533549,-278180,1256,0
70852,-889884,820330,1298,115209,-1469032,1353403,-420,0
-84504,525219,-440717,-2,-246340,1521819,-1274851,628,0
-120905,993237,-871033,1299,-182451,1497310,-1313813,1046,0
-674726,520019,157305,2598,-1558058,1202163,357150,1255,0
632,-138,-493,1,1197,-261,-935,1,1
1320,-5423,4103,0,3813,-15661,11848,0,1
22,-132,109,-1,2555,-15249,12694,0,1
-74292,235162,-160869,1,-96143,304328,-208184,1,1
3059,6624,-9683,0,8740,18925,-27666,-1,1
1075140,-497269,-575922,1949,1631792,-756616,-875387,-211,0
566821,-1088791,525869,3899,846269,-1633469,787198,-2,0
-4494,-5391,9885,0,-12840,-15404,28245,1,1
-106604,-25351,135855,3900,-1243011,-295357,1538786,418,0
-668226,-378965,1049139,1948,-1028092,-584848,1612939,-1,0
-11,-116,127,0,-1281,-13461,14742,0,1
-155,637,-482,0,-293,1206,-912,1,1
626623,-30552,-596723,-652,1447456,-69126,-1378540,-210,0
63702,-969187,909384,3899,93843,-1459397,1365342,-212,0
968536,-915885,-51352,1299,1451645,-1374351,-77715,-421,0
30000,30000,30000,90000,60000,60000,60000,180000,1
-129355,110504,19500,649,-1508413,1296426,213243,1256,0
-141056,79302,62402,648,-1627184,931734,696496,1046,0
797579,-1038089,243109,2599,1196298,-1561829,365320,-211,0
30000,30000,30000,90000,60000,60000,60000,180000,1
260659,303561,-565522,-1302,753263,878737,-1631374,626,0
373764,-1067991,699426,5199,556568,-1608751,1051762,-421,0
135205,-991288,858682,2599,201931,-1504852,1303548,627,0
724127,339312,-1061490,1949,1090305,508180,-1598068,417,0
-564222,323712,240509,-1,-1626975,935295,692726,1046,0
336712,726077,-1062790,-1,508809,1090305,-1598277,837,0
770278,-1052390,285360,3248,1152309,-1579006,426486,-211,0
-911335,790429,120904,-2,-1502967,1305433,198580,1046,0
69840,-44499,-25340,1,111744,-71199,-40544,1,1
-1344,1050,294,0,-15534,12138,3396,0,1
-237456,151298,86157,-1,-307296,195798,111497,-1,1
-381565,-663675,1049139,3899,-589247,-1024741,1613987,-1,0
300311,752078,-1052390,-1,452670,1133247,-1585080,837,0
1060839,-505069,-553821,1949,1632420,-780286,-852554,-420,0
-32502,133905,-101404,-1,-376423,1565179,-1187920,836,0
78002,-338663,262609,1948,354637,-1558477,1203420,-420,0
-1045890,276260,774829,5199,-1574397,412661,1162573,837,0
-256,-308,564,0,-7415,-8896,16311,0,1
260659,304211,-565522,-652,752216,879994,-1631374,836,0
-42902,-95554,140405,1949,-507134,-1091353,1598067,-420,0
-575922,641574,-63703,1949,-1330990,1485370,-152916,1464,0
-201508,351013,-148206,1299,-936972,1627393,-689794,627,0
-36946,-33740,70686,0,-59113,-53984,113098,1,1
1073190,-495319,-577872,-1,1631792,-752636,-878948,208,0
49999,18301,-68301,-1,79999,29282,-109282,-1,1
22,109,-132,-1,2555,12694,-15249,0,1
114,14,-129,-1,13214,1707,-14922,-1,1
-565522,247009,318511,-2,-1628860,714092,915605,837,0
-823581,989337,-163807,1949,-1268567,1525589,-255557,1465,0
532369,135205,-668876,-1302,1230233,315465,-1545071,627,0
-263260,334112,-69553,1299,-1221645,1550097,-326778,1674,0
-427066,533019,-106604,-651,-1233795,1544023,-309182,1046,0
30000,30000,30000,90000,60000,60000,60000,180000,1
3788,-9814,6026,0,10823,-28042,17218,-1,1
0,0,0,0,0,0,0,0,1
-988688,436166,553170,648,-1629070,718910,911415,1255,0
93603,-141056,49401,1948,1057627,-1607075,549027,-421,0
-68903,888583,-819031,649,-114163,1468822,-1353613,1046,0
696176,-959436,264559,1299,1144349,-1581938,437169,-420,0
-275611,701376,-422516,3249,-640149,1622156,-980961,1046,0
0,0,0,0,0,0,0,0,1
-8440,8699,-259,0,-24116,24856,-740,0,1
-505,626,-121,0,-957,1186,-229,0,1
290560,29251,-319162,649,1338530,140975,-1479297,208,0
0,-8573,8573,0,0,-24494,24494,0,1
-604523,-474518,1083590,4549,-912045,-716816,1629697,836,0
4576,591,-5167,0,13214,1707,-14922,-1,1
219708,787179,-1008188,-1301,340602,1213684,-1553240,1046,0
-330,-1025,1355,0,-3813,-11848,15661,0,1
522619,551220,-1073191,648,795996,837471,-1632631,836,0
-965287,289260,677975,1948,-1590736,475502,1115651,417,0
-32101,70613,-38511,1,-51363,112982,-61618,1,1
-223609,347763,-122205,1949,-1036471,1611892,-574794,627,0
-457,-59,516,0,-13214,-1707,14922,1,1
239675,-103501,-136173,1,310167,-133943,-176224,0,1
-339313,-723478,1066689,3898,-510066,-1089258,1598695,-629,0
991287,-826181,-163157,1949,1523285,-1272338,-251577,-630,0
114,14,-129,-1,13214,1707,-14922,-1,1
30000,30000,30000,90000,60000,60000,60000,180000,1
127404,-8451,-116355,2598,1455625,-86932,-1368905,-212,0
-72153,-67603,142355,2599,-854649,-777982,1632630,-1,0
-828782,-191108,1025088,5198,-1246782,-289492,1536901,627,0
904833,66952,-968537,3248,1363038,98033,-1460654,417,0
968536,-109855,-856733,1948,1492073,-171559,-1320726,-212,0
-93604,-436817,529769,-652,-268963,-1260607,1529779,209,0
-671476,138455,533019,-2,-1546118,318817,1227928,627,0
508319,-1061490,555770,2599,778819,-1633469,854229,-421,0
-591523,-391315,984136,1298,-974258,-648318,1622575,-1,0
-353614,1041339,-687076,649,-545467,1606655,-1060351,837,0
-21850,69165,-47314,1,-34961,110664,-75703,0,1
30000,30000,30000,90000,60000,60000,60000,180000,1
-771579,-276261,1052389,4549,-1158803,-417061,1576072,208,0
-302262,-728028,1032888,2598,-465239,-1123821,1588640,-420,0
-442667,-624024,1071890,5199,-675131,-950588,1625926,207,0
-495969,-588273,1087490,3248,-745514,-886070,1631373,-211,0
-924985,956185,-30552,648,-1389223,1438448,-47970,1255,0
-46802,950335,-904184,-651,-70593,1448922,-1377493,836,0
-1060840,510919,553170,3249,-1632212,785103,848154,1045,0
456967,-1071891,618823,3899,688117,-1627394,939485,208,0
22750,108554,-131305,-1,260165,1266890,-1526218,837,0
107,25,-133,-1,12420,2976,-15397,-1,1
-145606,1003637,-857383,648,-219947,1512183,-1290981,1255,0
0,0,0,0,0,0,0,0,1
-103,-516,620,1,-196,-978,1175,1,1
579171,-643525,65652,1298,1333084,-1484114,150820,-210,0
397814,-548621,152105,1298,1144558,-1581729,436750,-421,0
877532,-958136,83203,2599,1346280,-1474269,127359,-630,0
18862,-216996,198133,-1,24410,-280818,256407,-1,1
-53768,66654,-12885,1,-86030,106647,-20617,0,1
-428367,1053039,-623374,1298,-661515,1624879,-961899,1465,0
-626624,27301,600622,1299,-1443686,61584,1382729,627,0
-419266,-658475,1080340,2599,-629256,-990806,1620061,-1,0
530419,137155,-668876,-1302,1227090,320074,-1546956,208,0
-192408,-827482,1023138,3248,-290958,-1246572,1537529,-1,0
380264,-707877,330862,3249,871615,-1632631,760804,-212,0
-32502,133905,-101404,-1,-379146,1566017,-1185825,1046,0
0,0,0,0,0,0,0,0,1
397814,-548621,150805,-2,1146862,-1580891,433608,-421,0
179406,373764,-554471,-1301,517816,1082764,-1600372,208,0
0,0,0,0,0,0,0,0,1
0,0,0,0,0,0,0,0,1
140,-80,-60,0,16283,-9251,-7032,0,1
-136506,-406916,544070,648,-393181,-1176609,1569788,-2,0
1053039,-763779,-286011,3249,1579633,-1148958,-431305,-630,0
-120905,993237,-870383,1949,-182870,1497520,-1313604,1046,0
30000,30000,30000,90000,60000,60000,60000,180000,1
40301,907433,-948386,-652,61166,1383567,-1443477,1256,0
-662,376,286,0,-1254,712,541,-1,1
-216,560,-344,0,-6250,16194,-9943,1,1
92953,436816,-528470,1299,266449,1263120,-1528313,1256,0
120,3,-124,-1,13927,427,-14354,0,1
741027,315911,-1055640,1298,1116908,473617,-1590108,417,0
143005,-62403,-78003,2599,1628650,-708856,-919795,-1,0
-1059540,314611,747528,2599,-1589060,469637,1120050,627,0
-216,-344,560,0,-6250,-9943,16194,1,1
-573972,1058239,-483619,648,-884394,1632001,-746561,1046,0
690975,-480368,-209308,1299,1592830,-1108111,-485349,-630,0
-285361,-750779,1042639,6499,-437589,-1144350,1581937,-2,0
267160,-337363,71502,1299,1223320,-1549470,325520,-630,0
736477,-1059540,326312,3249,1104340,-1594716,490166,-210,0
174,378,-553,-1,5047,10929,-15977,-1,1
44851,92953,-136506,1298,507761,1090933,-1598068,626,0
-165757,1012087,-846332,-2,-248016,1522656,-1273385,1255,0
1034838,-810581,-222959,1298,1552192,-1216827,-335785,-420,0
0,0,0,0,0,0,0,0,1
669525,-138456,-530420,649,1546536,-318608,-1227929,-1,0
369863,-981537,611672,-2,607470,-1617130,1009239,-421,0
559020,-208008,-352314,-1302,1614824,-597417,-1017828,-421,0
451116,243109,-695527,-1302,1045478,564109,-1609170,417,0
-23401,-926935,954885,4549,-38334,-1395298,1433421,-211,0
884,-5281,4396,-1,2555,-15249,12694,0,1
567471,-287311,-279511,649,1633049,-826161,-807308,-420,0
-1004288,863882,141055,649,-1506528,1298730,209263,1465,0
121554,-664325,544070,1299,278389,-1533131,1254950,208,0
-102054,342562,-239859,649,-476970,1591782,-1113976,836,0
-337363,78652,260009,1298,-1561619,368043,1194413,837,0
735177,-1049790,317861,3248,1112299,-1592621,480320,-2,0
4494,5391,-9885,0,12840,15404,-28245,-1,1
30000,30000,30000,90000,60000,60000,60000,180000,1
-992588,504418,486868,-1302,-1632840,832234,801651,1045,0
546020,-664975,119604,649,1256836,-1532293,274828,-629,0
2955,-5654,2699,0,8534,-16328,7793,-1,1
1748,3785,-5533,0,5047,10929,-15977,-1,1
-124155,117654,9100,2599,-1454369,1370579,85255,1465,0
22750,109204,-131305,649,261840,1265843,-1527056,627,0
-566822,286010,281460,648,-1632631,824275,809611,1255,0
-978287,83853,899633,5199,-1471756,123379,1348794,417,0
-4823,-148,4971,0,-13927,-427,14354,0,1
-794980,907433,-113105,-652,-1310881,1499405,-187479,1045,0
5818,-9845,4026,-1,16625,-28129,11504,0,1
-771579,-274311,1051739,5849,-1160479,-414756,1575444,209,0
1084240,-616874,-465418,1948,1627812,-928802,-699220,-210,0
-1396,889,506,-1,-16133,10279,5853,-1,1
27059,43045,-70105,-1,43295,68873,-112169,-1,1
-352314,1041339,-688376,649,-542744,1606027,-1062446,837,0
-204758,-809281,1018588,4549,-312953,-1231909,1545489,627,0
48101,913934,-961387,648,72058,1377911,-1448504,1465,0
0,0,0,0,0,0,0,0,1
-73,-67,141,1,-8534,-7793,16328,1,1
-976987,874932,106603,4548,-1486000,1329942,157523,1465,0
213858,135205,-348414,649,983893,637425,-1620900,418,0
738,-1413,674,-1,8534,-16328,7793,-1,1
30000,30000,30000,90000,60000,60000,60000,180000,1
365313,690975,-1056940,-652,556987,1051552,-1607913,626,0
-1077091,656524,423815,3248,-1620062,986616,634911,1465,0
30000,30000,30000,90000,60000,60000,60000,180000,1
30000,30000,30000,90000,60000,60000,60000,180000,1
457617,-519370,63052,1299,1314441,-1497311,182450,-420,0
299011,753378,-1051740,649,450366,1135132,-1584452,1046,0
1051089,-648075,-402366,648,1618176,-998347,-620459,-630,0
-1060190,507669,555770,3249,-1632002,781123,852134,1255,0
-390665,1070590,-679926,-1,-588828,1614615,-1024531,1256,0
-124155,117654,9100,2599,-1452694,1372674,81275,1255,0
640924,440716,-1079691,1949,963364,660886,-1623414,836,0
521969,464117,-988688,-2602,864703,767926,-1632212,417,0
-455668,516769,-60453,648,-1316955,1495634,-177424,1255,0
452416,242459,-695527,-652,1047153,562224,-1608751,626,0
986086,-432267,-555121,-1302,1628859,-714721,-914558,-420,0
-109855,-879483,991937,2599,-166112,-1324496,1490398,-210,0
7000,2562,-9562,0,20000,7320,-27320,0,1
-18851,315261,-293161,3249,-98034,1461490,-1362620,836,0
5172,4723,-9896,-1,14778,13496,-28274,0,1
4301,-5332,1030,-1,12420,-15397,2976,-1,1
-605823,616873,-9101,1949,-1400744,1427765,-25975,1046,0
-588273,-492719,1086840,5848,-887117,-744047,1630954,-210,0
531069,529769,-1059540,1298,817990,815686,-1632840,836,0
2600,939285,-941886,-1,3979,1413102,-1416036,1045,0
-353614,182006,172906,1298,-1632421,842499,790968,1046,0
-126,118,7,-1,-14553,13698,854,-1,1
-237259,-712427,951635,1949,-392971,-1176818,1569369,-420,0
0,0,0,0,0,0,0,0,1
-22,132,-109,1,-2555,15249,-12694,0,1
0,0,0,0,0,0,0,0,1
-1012088,167056,848931,3899,-1522029,249272,1273384,627,0
103353,553170,-656525,-2,237960,1281134,-1517840,1254,0
362063,345162,-705927,1298,834748,798509,-1632840,417,0
-1084241,492068,594772,2599,-1630536,738810,892353,627,0
-317862,24050,295111,1299,-1467776,114791,1353612,627,0
30000,30000,30000,90000,60000,60000,60000,180000,1
-650675,85153,568121,2599,-1501291,194809,1306900,418,0
0,4898,-4898,0,0,14145,-14145,0,1
-675376,-393265,1074490,5849,-1018038,-596788,1615243,417,0
228649,-49985,-178664,0,295899,-64686,-231212,1,1
-107,133,-25,1,-12420,15397,-2976,1,1
0,0,0,0,0,0,0,0,1
-140406,-840482,981536,648,-215548,-1294542,1510298,208,0
-107,133,-25,1,-12420,15397,-2976,1,1
255459,787179,-1041990,648,385010,1182892,-1566647,1255,0
134,-105,-29,0,15534,-12138,-3396,0,1
-590873,-479068,1075140,5199,-900105,-730222,1630744,417,0
-1038739,709826,330212,1299,-1597020,1093447,504829,1256,0
-239859,-711127,952285,1299,-396113,-1174514,1570626,-1,0
43,-138,94,-1,5047,-15977,10929,-1,1
-459568,-56553,516119,-2,-1324915,-163808,1489560,837,0
-657825,-416666,1079690,5199,-989759,-630094,1620271,418,0
30000,30000,30000,90000,60000,60000,60000,180000,1
575921,-986737,411465,649,946188,-1626556,679948,-420,0
959435,-874933,-81254,3248,1473430,-1347329,-126731,-630,0
-793030,1036788,-241810,1948,-1193785,1562666,-366997,1884,0
331512,-707877,378314,1949,761642,-1632631,870568,-421,0
69840,-25340,-44499,1,111744,-40544,-71199,1,1
-141,70,70,-1,-16334,8167,8167,0,1
772228,-1017939,247659,1948,1184986,-1566647,381030,-631,0
30000,30000,30000,90000,60000,60000,60000,180000,1
142355,209957,-349064,3248,647689,974676,-1622157,208,0
-807981,1030288,-222959,-652,-1214733,1553449,-337042,1674,0
-785880,-237259,1029638,6499,-1196299,-364274,1561409,836,0
-222309,944485,-723478,-1302,-368672,1562875,-1193366,837,0
976336,-631174,-344513,649,1609797,-1041918,-568719,-840,0
797579,237258,-1034189,648,1203001,355265,-1558058,208,0
-106604,131954,-25351,-1,-1237984,1542137,-303107,1046,0
-760529,-167707,930184,1948,-1253904,-279018,1533549,627,0
1025738,-822281,-203458,-1,1542347,-1236727,-305831,-211,0
30000,30000,30000,90000,60000,60000,60000,180000,1
301611,729977,-1030289,1299,465448,1123611,-1588222,837,0
484268,10400,-496619,-1951,1397811,32468,-1430280,-1,0
-3673,5562,-1888,1,-10608,16060,-5452,0,1
566,-584,17,-1,1073,-1106,32,-1,1
89053,892483,-981537,-1,134690,1342929,-1476573,1046,0
-1083591,585671,501818,3898,-1630955,880413,751797,1255,0
114,-129,14,-1,13214,-14922,1707,-1,1
-59153,-887934,948385,1298,-91121,-1366810,1458139,208,0
-912635,964636,-50052,1949,-1372884,1452693,-78762,1047,0
-632,138,493,-1,-1197,261,935,-1,1
4823,148,-4971,0,13927,427,-14354,0,1
-429667,1053689,-622074,1948,-663610,1625089,-960223,1256,0
0,0,0,0,0,0,0,0,1
-100,-36,136,0,-11550,-4227,15777,0,1
18862,-216996,198133,-1,24410,-280818,256407,-1,1
1043939,-269111,-774830,-2,1573349,-406796,-1166554,-1,0
-634424,1080340,-445267,649,-953730,1625717,-670732,1255,0
-147556,919134,-773529,-1951,-243198,1520981,-1276737,1046,0
-432917,-100104,533019,-2,-1248877,-286769,1536063,417,0
5379,-1176,-4203,0,15534,-3396,-12138,0,1
91003,892483,-982187,1299,136366,1341882,-1477621,627,0
-565,282,282,-1,-16334,8167,8167,0,1
648074,323712,-971787,-1,1070614,532689,-1603095,208,0
-140406,79302,62402,1298,-1627394,930268,697962,836,0
9625,-6814,-2811,0,27502,-19469,-8033,0,1
-278861,-767679,1049139,2599,-419574,-1157756,1576910,-420,0
-119605,123504,-1951,1948,-1389642,1437820,-46922,1256,0
738427,319161,-1056940,648,1113766,477597,-1591155,208,0
169999,62224,-232224,-1,219999,80525,-300525,-1,1
122204,-126105,5850,1949,1390479,-1437402,46293,-630,0
221,-1320,1099,0,2555,-15249,12694,0,1
9899,-4949,-4949,1,28284,-14142,-14142,0,1
30000,30000,30000,90000,60000,60000,60000,180000,1
495318,590222,-1084891,649,746141,885859,-1630955,1045,0
1083590,-581772,-500519,1299,1631582,-878110,-753683,-211,0
356863,-1043290,690325,3898,545466,-1606447,1060769,-212,0
2164,3443,-5608,-1,6250,9943,-16194,-1,1
-1951,-939286,945135,3898,-4818,-1412475,1417292,-1,0
22750,108554,-131305,-1,255975,1269613,-1524543,1045,0
-211908,559020,-347114,-2,-613965,1618176,-1003584,627,0
589572,393264,-982837,-1,974676,647899,-1622157,418,0
4576,-5167,591,0,13214,-14922,1707,-1,1
135855,-30552,-104004,1299,1555125,-346259,-1208867,-1,0
958785,-924985,-32502,1298,1438029,-1389852,-48808,-631,0
-99454,-36402,138455,2599,-1157966,-418108,1576281,207,0
144305,-919785,776779,1299,237751,-1518677,1280925,-1,0
943185,-214509,-729328,-652,1557638,-354638,-1203212,-212,0
493368,592822,-1084891,1299,742999,888583,-1630955,627,0
-980237,365963,616873,2599,-1615663,601396,1014895,628,0
-463468,692275,-227509,1298,-1072710,1603513,-529757,1046,0
944485,-217109,-728028,-652,1558895,-358199,-1200907,-211,0
-328913,50701,278860,648,-1517840,237960,1280506,626,0
-399,-146,546,1,-11549,-4227,15777,1,1
-1085541,562271,525869,2599,-1632421,845431,788036,1046,0
-656525,-419266,1079690,3899,-987664,-632608,1620271,-1,0
-566,584,-17,1,-1073,1106,-32,1,1
345812,-107905,-237259,648,1594715,-493099,-1102036,-420,0
503768,-476468,-26651,649,1451645,-1374351,-77924,-630,0
891833,91003,-980887,1949,1342719,134062,-1476155,626,0
44,-510,466,0,1281,-14742,13461,0,1
-63003,59302,3700,-1,-100805,94884,5921,0,1
-698127,245059,454367,1299,-1609170,565366,1044430,626,0
194357,-1000388,807980,1949,296613,-1539625,1242591,-421,0
888583,55252,-943186,649,1370370,84208,-1454369,209,0
0,0,0,0,0,0,0,0,1
-709827,-356864,1071240,4549,-1065588,-538764,1604770,418,0
313311,657174,-969187,1298,516559,1083602,-1599953,208,0
935385,-6501,-924985,3899,1420853,-12569,-1407866,418,0
667575,380914,-1046540,1949,1028301,585057,-1612731,627,0
178106,374414,-554471,-1951,512370,1087163,-1599115,418,0
0,-122855,124804,1949,-4399,-1412475,1416873,-1,0
1027038,-822281,-203458,1299,1542556,-1236308,-306459,-211,0
-1025739,822930,204757,1948,-1541301,1238193,304154,1046,0
1012087,-166407,-844382,1298,1523285,-251577,-1271709,-1,0
-957486,874282,84503,1299,-1473222,1347118,127359,1255,0
-212558,1015988,-803431,-1,-323845,1549050,-1224159,1046,0
0,0,0,0,0,0,0,0,1
-137156,-406916,544070,-2,-393809,-1176399,1569788,-420,0
-53953,-86454,141705,1298,-631770,-988502,1620061,-211,0
1018588,-186557,-831382,649,1534806,-283627,-1251181,-2,0
216458,812530,-1027689,1299,326567,1223529,-1548842,1254,0
-541,1402,-860,1,-6250,16194,-9943,1,1
83,57,-140,0,9600,6643,-16244,-1,1
636373,-590223,-45502,648,1465261,-1357593,-108088,-420,0
-87104,-253510,342562,1948,-405330,-1167811,1572930,-211,0
-521970,450466,70852,-652,-1504852,1302082,203816,1046,0
92003,-238359,146356,0,119063,-308465,189402,0,1
738427,-1048490,313961,3898,1116489,-1591365,474874,-2,0
674725,400415,-1071891,3249,1015523,600348,-1615244,627,0
367913,690325,-1056290,1948,558454,1050714,-1608122,1046,0
601272,-1083591,486218,3899,900523,-1630745,730221,-1,0
30000,30000,30000,90000,60000,60000,60000,180000,1
0,0,0,0,0,0,0,0,1
460867,620773,-1079691,1949,693983,934038,-1626975,1046,0
607122,473867,-1080341,648,916443,713045,-1628860,628,0
-222115,31380,190735,0,-287443,40610,246833,0,1
-1000,-366,1366,0,-11550,-4227,15777,0,1
167056,185256,-351664,648,766879,865960,-1632002,837,0
30000,30000,30000,90000,60000,60000,60000,180000,1
30000,30000,30000,90000,60000,60000,60000,180000,1
-490119,1082940,-592173,648,-738392,1631373,-892145,836,0
-662,286,376,0,-1254,541,712,-1,1
73,67,-141,-1,8534,7793,-16328,-1,1
130654,-350364,222308,2598,596787,-1615663,1018456,-420,0
-884,5281,-4396,1,-2555,15249,-12694,0,1
256109,-565522,310061,648,733992,-1631374,896752,-630,0
878832,-835932,-43552,-652,1448294,-1378121,-70383,-210,0
-349714,131954,220358,2598,-1617130,613126,1004631,627,0
182813,-226626,43812,-1,236582,-293281,56698,-1,1
-458268,-619474,1081640,3898,-691470,-935715,1627602,417,0
141055,-52652,-87104,1299,1613987,-591970,-1022437,-420,0
962686,-289911,-675376,-2601,1591364,-478227,-1113348,-211,0
593472,478417,-1071891,-2,903246,727289,-1629698,837,0
332,230,-562,0,9600,6643,-16244,-1,1
-970487,115704,859332,4549,-1493331,175538,1318840,1047,0
458267,-518720,61752,1299,1316326,-1495845,179518,-1,0
801480,234008,-1032889,2599,1206772,350238,-1556173,837,0
61102,-967887,911334,4549,88606,-1457093,1368275,-212,0
443,4661,-5105,-1,1281,13461,-14742,0,1
530419,529119,-1059540,-2,818619,815058,-1632840,837,0
-5172,9896,-4723,1,-14778,28274,-13496,0,1
117004,229458,-345163,1299,535202,1068939,-1603723,418,0
-221009,-785880,1010787,3898,-341860,-1212638,1554077,-421,0
889883,53301,-942536,648,1372674,80018,-1452275,417,0
12350,115054,-126105,1299,134481,1342929,-1476573,837,0
-334113,1061489,-726728,648,-502735,1597857,-1093867,1255,0
728677,321762,-1047190,3249,1106015,487861,-1593459,417,0
-56124,230515,-174391,0,-72631,298314,-225683,0,1
-541,-860,1402,1,-6250,-9943,16194,1,1
668225,-138456,-530420,-651,1546327,-317980,-1228348,-1,0
233773,-165491,-68281,1,302530,-214165,-88364,1,1
369213,689025,-1056940,1298,560339,1048620,-1608332,627,0
-125617,240333,-114716,0,-162563,311020,-148456,1,1
1073840,-687076,-384815,1949,1612101,-1033120,-579611,-630,0
1074490,-390015,-683176,1299,1613568,-587571,-1026417,-420,0
30000,30000,30000,90000,60000,60000,60000,180000,1
-808631,1030288,-221659,-2,-1215780,1552611,-335366,1465,0
80603,-978937,900283,1949,119608,-1470918,1350889,-421,0
-1034189,808630,227508,1949,-1552403,1215151,338507,1255,0
513519,572021,-1084241,1299,772954,859675,-1632212,417,0
-563,243,320,0,-16283,7032,9251,0,1
-48752,-463468,513519,1299,-142651,-1338321,1480552,-420,0
785229,258709,-1040689,3249,1181635,386058,-1566856,837,0
-122205,-861283,988037,4549,-188107,-1311509,1499614,-2,0
204988,6293,-211281,0,265279,8144,-273423,0,1
1012087,-163157,-846332,2598,1521819,-247807,-1274013,-1,0
1084890,-469318,-613623,1949,1628440,-707180,-921471,-211,0
-140406,59802,80603,-1,-1628022,705294,923355,627,0
3250,486868,-491419,-1301,7959,1411008,-1418131,836,0
30000,30000,30000,90000,60000,60000,60000,180000,1
0,0,0,0,0,0,0,0,1
-52,599,-547,0,-98,1136,-1037,1,1
-60290,-1850,62141,1,-96465,-2961,99426,0,1
-330863,1061489,-729328,1298,-498545,1596810,-1097428,837,0
-332,562,-230,0,-9600,16244,-6643,1,1
-525870,-461518,989337,1949,-868474,-763528,1632211,209,0
0,0,0,0,0,0,0,0,1
609072,-618174,10400,1298,1403885,-1424834,20109,-840,0
-21850,69165,-47314,1,-34961,110664,-75703,0,1
18862,198133,-216996,-1,24410,256407,-280818,-1,1
354913,-183957,-170307,649,1632839,-842919,-790341,-421,0
313311,390664,-703977,-2,726032,904503,-1629907,628,0
-137156,96853,40951,648,-1587594,1125287,463353,1046,0
-521320,-551221,1077090,4549,-792226,-840824,1633258,208,0
943185,-922385,-18851,1949,1429441,-1399278,-30793,-630,0
-662,376,286,0,-1254,712,541,-1,1
1083590,-490119,-592823,648,1630744,-737973,-892983,-212,0
-403016,-142356,546020,648,-1163831,-410357,1574396,208,0
787179,242459,-1026389,3249,1194832,367205,-1561410,627,0
1039388,-247660,-789780,1948,1563923,-374747,-1189386,-210,0
-409516,-293812,705926,2598,-945560,-680368,1626136,208,0
-705927,392614,315261,1948,-1629070,907645,722890,1465,0
-1064740,354913,714376,4549,-1602676,531851,1071871,1046,0
1205,-1242,37,0,13927,-14354,427,0,1
-377015,-689026,1072540,6499,-570185,-1040661,1610635,-211,0
335412,226208,-562272,-652,967344,656068,-1623204,208,0
-786530,-238559,1030288,5199,-1195671,-365321,1561618,626,0
1038738,-249610,-789130,-2,1564551,-376842,-1187920,-211,0
-99,136,-36,1,-11549,15777,-4227,1,1
-808631,1030288,-221009,648,-1216827,1552192,-334319,1046,0
53768,-66654,12885,-1,86030,-106647,20617,0,1
0,0,0,0,0,0,0,0,1
-132605,104653,31201,3249,-1552403,1215570,337460,627,0
-587623,-494019,1086840,5198,-885442,-745723,1631373,208,0
88,-528,439,-1,2555,-15249,12694,0,1
0,0,0,0,0,0,0,0,1
119604,-663675,545370,1299,274409,-1531874,1257255,-210,0
-934085,31201,905483,2599,-1436145,45246,1391317,418,0
131954,-19501,-111155,1298,1509041,-213244,-1295589,208,0
36946,33740,-70686,0,59113,53984,-113098,-1,1
-33152,-287961,323712,2599,-156686,-1329943,1486418,-211,0
-52,-547,599,0,-98,-1037,1136,1,1
983486,-889884,-91004,2598,1478039,-1341254,-136996,-211,0
457,-516,59,0,13214,-14922,1707,-1,1
-453717,516769,-62403,649,-1313185,1497939,-183499,1255,0
30000,30000,30000,90000,60000,60000,60000,180000,1
436166,643524,-1078391,1299,656487,967554,-1622995,1046,0
181356,-354264,175506,2598,827207,-1633887,806050,-630,0
423815,-703977,282110,1948,973210,-1622995,648946,-839,0
221,-1320,1099,0,2555,-15249,12694,0,1
-126,118,7,-1,-14553,13698,854,-1,1
256109,85153,-338663,2599,1174513,395484,-1569998,-1,0
1075,-1333,257,-1,12420,-15397,2976,-1,1
593472,479717,-1071891,1298,902198,728336,-1629907,627,0
-113105,-233359,349063,2599,-528710,-1074386,1602675,-421,0
-120,-3,124,1,-13927,-427,14354,0,1
254159,-1041990,791079,3248,378307,-1565809,1186662,-840,0
-657175,553820,104003,648,-1517211,1281972,236704,1465,0
-643525,-435517,1082940,3898,-966926,-656069,1623622,627,0
1059539,-580472,-477768,1299,1630535,-894449,-736297,-211,0
723477,338012,-1061490,-1,1090724,507552,-1597858,418,0
891833,76052,-964637,3248,1354450,114162,-1467566,1046,0
-67249,14701,52548,0,-107599,23522,84077,0,1
-550,389,160,-1,-15882,11243,4639,0,1
599972,-1082941,486868,3899,898847,-1631374,731897,-630,0
0,0,0,0,0,0,0,0,1
-471268,1080990,-609073,649,-710322,1629488,-917910,1256,0
-707877,-359464,1071890,4549,-1062446,-543163,1605608,-1,0
238558,712426,-950986,-2,395065,1175770,-1569789,1046,0
531069,528469,-1060190,-652,821132,812335,-1632840,627,0
-662,376,286,0,-1254,712,541,-1,1
-839182,-174207,1018588,5199,-1262702,-264774,1528103,627,0
214212,-201630,-12582,0,277216,-260933,-16283,0,1
-1070591,701376,370513,1298,-1607075,1054066,554055,1046,0
24050,-132605,111154,2599,249481,-1522867,1272965,-421,0
196307,826830,-1021189,1948,294518,1244686,-1538368,836,0
-793030,1036138,-241160,1948,-1194623,1562247,-366368,1256,0
1205,37,-1242,0,13927,427,-14354,0,1
-298362,-267811,566171,-2,-859467,-772745,1632630,418,0
148205,-1004938,860632,3899,220155,-1511974,1291608,-211,0
-256,-308,564,0,-7415,-8896,16311,0,1
-118955,123504,-1951,2598,-1391318,1436773,-44409,1046,0
182006,-354264,175506,3248,830559,-1633678,802699,-420,0
1320,-5423,4103,0,3813,-15661,11848,0,1
157305,-353614,198907,2598,718910,-1629907,910996,-1,0
906133,64352,-968537,1948,1364924,94891,-1459187,628,0
-666275,-378965,1049139,3899,-1026836,-586105,1613149,208,0
168356,185256,-351664,1948,767088,865541,-1632002,627,0
300961,730627,-1030289,1299,463772,1124868,-1587803,837,0
167706,185906,-351664,1948,766460,866169,-1631793,836,0
-6429,-3304,9733,0,-18369,-9441,27810,0,1
-2310,-7180,9491,1,-6602,-20516,27119,1,1
-926285,956185,-29902,-2,-1389433,1438029,-47341,1255,0
93603,46151,-137156,2598,1065797,538973,-1604352,418,0
-566172,1084240,-519370,-1302,-850669,1633258,-781334,1255,0
-113755,-233359,349063,1949,-528291,-1074595,1602675,-211,0
-106604,-26001,135855,3250,-1241545,-297452,1539414,417,0
256,-564,308,0,7415,-16311,8896,0,1
1058239,-749479,-306162,2598,1587593,-1126545,-461678,-630,0
-1060190,315261,746877,1948,-1589479,471523,1118793,837,0
668225,-137156,-531070,-1,1545698,-316723,-1229396,-421,0
93603,-141056,49401,1948,1055532,-1607703,551541,-630,0
-694227,956185,-263260,-1302,-1145607,1581309,-434447,1255,0
-223609,-785230,1011437,2598,-344583,-1210753,1554915,-421,0
91,-139,47,-1,10608,-16060,5452,0,1
537570,-424466,-113105,-1,1549050,-1222693,-326987,-630,0
249609,-1041990,793679,1298,373070,-1564133,1190642,-421,0
-63053,968536,-906134,-651,-94473,1460024,-1364506,1045,0
550,-389,-160,1,15882,-11243,-4639,0,1
978286,-364664,-615574,-1952,1615243,-601816,-1014267,-840,0
-656,238,418,0,-1243,451,792,0,1
937985,-742978,-195658,-651,1547374,-1225625,-322379,-630,0
755328,-1056290,302911,1949,1130943,-1586547,455184,-420,0
-109146,-130940,240086,0,-141248,-169451,310700,1,1
-33,-102,135,0,-3813,-11848,15661,0,1
0,61237,-61237,0,0,97979,-97979,0,1
55252,83853,-138456,649,627999,992062,-1619434,627,0
182813,-226626,43812,-1,236582,-293281,56698,-1,1
424465,-703327,281460,2598,975514,-1622785,646642,-629,0
-156137,236390,-80252,1,-202060,305917,-103856,1,1
794979,-1027039,235308,3248,1201954,-1559315,357360,-1,0
-178107,351663,-172257,1299,-826789,1633886,-806051,1046,0
-1344,1050,294,0,-15534,12138,3396,0,1
30000,30000,30000,90000,60000,60000,60000,180000,1
254159,-565522,312011,648,728755,-1630536,901779,-2,0
109854,23400,-131305,1949,1246781,290119,-1536692,208,0
70492,-40050,-30441,1,112788,-64081,-48706,1,1
-211258,-479718,691625,649,-487024,-1106854,1593668,-210,0
-738428,-315912,1059539,5199,-1113138,-478017,1591573,418,0
284060,-327613,44201,648,1305852,-1503177,196485,-840,0
109204,880132,-988688,648,166111,1324705,-1489770,1046,0
8820,-8302,-518,0,25201,-23721,-1480,0,1
-666925,1072540,-403666,1949,-1006098,1617757,-610613,1046,0
-1004288,863232,140405,-651,-1506109,1299987,207587,1465,0
7527,-9331,1804,0,21507,-26661,5154,0,1
-347114,225558,122854,1298,-1608122,1049039,559920,837,0
-49999,68301,-18301,1,-79999,109282,-29282,1,1
-618174,1080340,-460868,1298,-931735,1628021,-695240,1046,0
226858,-349714,124804,1948,1040660,-1611055,569765,-630,0
5200,486218,-492069,-651,14034,1408284,-1421273,1045,0
588922,497268,-1082941,3249,885859,745932,-1630955,836,0
4301,-5332,1030,-1,12420,-15397,2976,-1,1
843081,157955,-997138,3898,1280716,237960,-1517630,1046,0
-575922,1057589,-481669,-2,-887117,1632001,-743629,1255,0
566,-584,17,-1,1073,-1106,32,-1,1
-846332,994537,-146256,1949,-1287629,1514278,-224974,1675,0
-784580,-255460,1044589,4549,-1181217,-385849,1567484,418,0
1548,7693,-9241,0,4424,21981,-26405,0,1
-100754,-555121,658474,2599,-233772,-1283021,1516791,-2,0
-213208,1016638,-802781,649,-325312,1549678,-1222902,1464,0
-42252,137155,-93604,1299,-503782,1598067,-1093448,837,0
-978287,628573,349713,-1,-1611055,1037727,574164,836,0
-366614,1066039,-698777,648,-553637,1608331,-1053648,1046,0
1061489,-508970,-549921,2598,1632630,-785733,-847108,-211,0
-550,389,160,-1,-15882,11243,4639,0,1
975686,-77353,-897684,649,1470079,-118562,-1351518,-1,0
828131,197607,-1023139,2599,1245105,293261,-1537739,627,0
-99454,135855,-35752,649,-1154195,1578376,-422716,1465,0
408215,295761,-702677,1299,941370,685394,-1626137,627,0
103353,553820,-655875,1298,236075,1282182,-1517211,1046,0
-88404,-252210,342562,1948,-412452,-1162783,1574815,-420,0
36401,908734,-946436,-1301,56348,1385871,-1441382,837,0
-72153,-68253,143655,3249,-855906,-776516,1632420,-2,0
-9899,4949,4949,-1,-28284,14142,14142,0,1
0,0,0,0,0,0,0,0,1
-370514,-185907,555770,-651,-1067054,-537298,1604560,208,0
-5172,-4723,9896,1,-14778,-13496,28274,0,1
-978287,80603,900933,3249,-1470080,119608,1350889,417,0
-646,457,188,-1,-1223,866,357,0,1
-16507,67798,-51291,0,-26411,108478,-82066,1,1
-967887,911984,57202,1299,-1453531,1371836,82951,1256,0
332,-562,230,0,9600,-16244,6643,-1,1
-141313,239099,-97786,0,-182875,309422,-126546,1,1
-2568,-3080,5649,1,-7415,-8896,16311,0,1
258059,785229,-1042640,648,389409,1179540,-1567904,1045,0
-707227,-245060,954885,2598,-1166344,-406796,1573349,209,0
-5172,-4723,9896,1,-14778,-13496,28274,0,1
-110505,-879483,992587,2599,-165903,-1324496,1490398,-1,0
-74103,335412,-259360,1949,-350448,1557219,-1205935,836,0
-7527,-1804,9331,0,-21507,-5154,26661,0,1
90353,250259,-339963,649,410147,1164668,-1573978,837,0
27059,-70105,43045,-1,43295,-112169,68873,-1,1
221658,-946436,726077,1299,363016,-1561200,1197764,-420,0
-791730,1022488,-229459,1299,-1204678,1557848,-351705,1465,0
-566822,-81904,651324,2598,-1308157,-192087,1500871,627,0
705926,-393265,-312662,-1,1629697,-907646,-722262,-211,0
-380265,-687076,1071890,4549,-573746,-1037728,1611473,-1,0
51351,-329563,280160,1948,227068,-1514697,1287419,-210,0
319811,-26001,-291211,2599,1469241,-117096,-1352147,-2,0
-323063,284060,40951,1948,-1495845,1315907,181193,1255,0
-990638,502468,488818,648,-1632840,829092,805003,1255,0
-1306,184,1121,-1,-15090,2132,12958,0,1
-125455,7150,120254,1949,-1457302,91120,1366809,627,0
85153,-142356,59802,2599,959803,-1624880,664656,-421,0
977636,-81254,-895084,1298,1472592,-124846,-1347748,-2,0
-216,560,-344,0,-6250,16194,-9943,1,1
-165757,1012087,-846332,-2,-249064,1523075,-1272966,1045,0
-41562,-28760,70323,1,-66500,-46016,112517,1,1
843081,157305,-997138,3248,1281134,237332,-1517630,836,0
-311362,299661,13650,1949,-1439706,1387756,52996,1046,0
588922,497268,-1082941,3249,885859,746141,-1630955,1045,0
-347114,225558,122854,1298,-1607913,1050714,557825,626,0
217758,811880,-1028339,1299,328872,1221854,-1549470,1256,0
-891834,-71503,968536,5199,-1355289,-110812,1467146,1045,0
-69840,25340,44499,-1,-111744,40544,71199,-1,1
30000,30000,30000,90000,60000,60000,60000,180000,1
-1018589,769628,250259,1298,-1566018,1184986,382078,1046,0
-33802,-287961,323712,1949,-158362,-1328895,1487256,-1,0
356213,710476,-1065390,1299,535831,1068520,-1603723,628,0
339312,-81254,-256760,1298,1562247,-369301,-1193157,-211,0
676675,397814,-1071241,3248,1018456,596578,-1614825,209,0
-239675,136173,103501,-1,-310167,176224,133943,0,1
-125617,-114716,240333,0,-162563,-148456,311020,1,1
602572,453716,-1056290,-2,930058,698172,-1627394,836,0
453716,533019,-988038,-1303,752006,880204,-1631374,836,0
373764,-1068641,698126,3249,559292,-1609170,1049877,-1,0
139,-88,-50,1,16133,-10279,-5853,1,1
-587623,-492719,1086840,6498,-886698,-744466,1631163,-1,0
-846332,1010137,-161857,1948,-1274642,1521819,-245712,1465,0
433566,97503,-531070,-1,1250132,285301,-1535226,207,0
-651975,-319162,971786,649,-1075014,-527453,1602466,-1,0
30000,30000,30000,90000,60000,60000,60000,180000,1
141705,-52002,-87754,1949,1613149,-587362,-1026417,-630,0
135855,-30552,-104004,1299,1553868,-342488,-1211800,-420,0
-1025089,823580,204107,2598,-1540672,1239240,302897,1465,0
-228649,49985,178664,0,-295899,64686,231212,-1,1
-685776,1069940,-383515,649,-1032910,1612730,-579192,628,0
0,0,0,0,0,0,0,0,1
-98804,-37052,139105,3249,-1154404,-422716,1577329,209,0
460867,620773,-1080341,1299,693773,934248,-1627394,627,0
-692276,956185,-265210,-1301,-1143512,1582147,-437379,1256,0
-234009,-112455,348413,1949,-1081508,-519283,1600371,-420,0
-562922,1084240,-521320,-2,-846270,1633677,-786151,1256,0
297061,-965937,671475,2599,486605,-1593878,1106853,-420,0
-431,653,-221,1,-817,1237,-420,0,1
-889234,-73453,969836,7149,-1353404,-114582,1468403,417,0
134,-105,-29,0,15534,-12138,-3396,0,1
-940586,739727,200207,-652,-1549470,1222063,328453,1046,0
-482,497,-14,1,-13927,14354,-427,0,1
-73,141,-67,1,-8534,16328,-7793,1,1
75402,65652,-138456,2598,858838,773792,-1632002,628,0
-689676,481018,210607,1949,-1591783,1111462,481577,1256,0
567471,-1088791,524569,3249,847107,-1633678,785732,-839,0
-760529,-169657,931484,1298,-1251390,-282789,1534596,417,0
181356,-354264,174856,1948,828883,-1633887,804584,-420,0
1069940,-702677,-365314,1949,1606864,-1057000,-550076,-212,0
-880783,-108555,994537,5199,-1324287,-165065,1489769,417,0
886633,-62403,-825531,-1301,1462957,-103271,-1359897,-211,0
0,0,0,0,0,0,0,0,1
899633,-963337,66302,2598,1362619,-1461701,98871,-211,0
30000,30000,30000,90000,60000,60000,60000,180000,1
882733,109204,-989988,1949,1326799,161712,-1487885,626,0
664,-332,-332,0,1258,-629,-629,0,1
22750,-317862,297061,1949,96566,-1460654,1363876,-212,0
1050439,-767029,-282111,1299,1577957,-1153776,-425021,-840,0
30000,30000,30000,90000,60000,60000,60000,180000,1
-532370,-525220,1062789,5199,-821343,-811917,1633258,-2,0
-651975,-319812,972436,649,-1073967,-528710,1602675,-2,0
0,-1224,1224,0,0,-14145,14145,0,1
443,4661,-5105,-1,1281,13461,-14742,0,1
943835,-921735,-18851,3249,1429860,-1398859,-31212,-211,0
-113105,-232709,349063,3249,-529547,-1073967,1602884,-630,0
67249,-14701,-52548,0,107599,-23522,-84077,0,1
-277561,701376,-419916,3899,-646433,1622994,-975096,1465,0
192407,828781,-1020539,649,290119,1247619,-1536692,1046,0
-171607,551220,-379615,-2,-498336,1596810,-1098056,418,0
459567,54602,-515470,-1301,1327428,159827,-1487257,-2,0
-1409,608,801,0,-16283,7032,9251,0,1
-5040,296,4744,0,-14553,854,13698,-1,1
-188508,-164457,356213,3248,-874339,-757454,1631792,-1,0
121554,2600,-122855,1299,1394459,38961,-1433422,-2,0
-254160,563571,-309412,-1,-735040,1631373,-895496,837,0
-189158,-163807,355563,2598,-877901,-753683,1631582,-2,0
-1036789,231408,807980,2599,-1554707,345629,1209914,836,0
44,466,-510,0,1281,13461,-14742,0,1
-67249,14701,52548,0,-107599,23522,84077,0,1
-1075141,392614,685775,3248,-1613150,587361,1026416,627,0
-904834,-63703,972436,3899,-1361782,-98872,1461490,836,0
-789780,-217759,1010137,2598,-1214942,-337252,1552821,627,0
228649,-49985,-178664,0,295899,-64686,-231212,1,1
256109,82553,-338663,-1,1177655,391294,-1568532,417,0
-256,564,-308,0,-7415,16311,-8896,0,1
-524570,-462818,989987,2599,-865961,-766461,1632211,-211,0
-109146,-130940,240086,0,-141248,-169451,310700,1,1
-328913,560971,-231409,649,-952892,1625717,-671779,1046,0
-1067991,638973,432266,3248,-1622576,970068,653764,1256,0
-604523,-473218,1084890,7149,-912882,-715978,1629697,837,0
974386,-95554,-876883,1949,1482228,-146631,-1334970,627,0
-937336,921084,19500,3248,-1426928,1401372,27021,1465,0
211257,478417,-688376,1298,486395,1107482,-1593459,418,0
193707,828131,-1021189,649,292214,1246362,-1537530,1046,0
211257,478417,-688376,1298,486395,1107272,-1593250,417,0
-674726,519369,156655,1298,-1558058,1202792,356522,1256,0
-140406,78652,62402,648,-1627813,925659,702990,836,0
209957,479067,-688376,648,483253,1110205,-1592621,837,0
-1008838,825530,187207,3899,-1533131,1254112,280274,1255,0
279510,-702027,427065,4548,640358,-1621948,981170,-420,0
828131,197607,-1023139,2599,1244686,293680,-1537739,627,0
52,-599,547,0,98,-1136,1037,-1,1
273010,57202,-330213,-1,1258511,272523,-1530617,417,0
351663,-134556,-216459,648,1617548,-614174,-1003794,-420,0
-379615,-687076,1071890,5199,-573956,-1037519,1611473,-2,0
0,0,0,0,0,0,0,0,1
1004937,-865183,-139106,648,1507784,-1298522,-209473,-211,0
0,0,0,0,0,0,0,0,1
889233,53952,-942536,649,1371836,81694,-1453322,208,0
-312662,-391315,707226,3249,-721843,-908065,1629697,-211,0
330,-1355,1025,0,3813,-15661,11848,0,1
-33,135,-102,0,-3813,15661,-11848,0,1
-328913,1060839,-730628,1298,-496032,1596391,-1099313,1046,0
-543421,661724,-117005,1298,-1256837,1532083,-273781,1465,0
-599323,1069290,-468668,1299,-913301,1629697,-715350,1046,0
161856,763778,-926935,-1301,269591,1260816,-1529570,837,0
-63053,-77353,143655,3249,-744676,-886489,1631373,208,0
-520670,-550571,1077090,5849,-793693,-839567,1633258,-2,0
137,-40,-97,0,15882,-4639,-11243,0,1
-382865,-663025,1049789,3899,-591342,-1022856,1614405,207,0
325662,-286011,-39002,649,1498358,-1312556,-186222,-420,0
-380265,-666275,1049139,2599,-585058,-1028511,1613149,-420,0
302261,750778,-1052390,649,455184,1131361,-1585709,836,0
354913,-159256,-193708,1949,1629906,-727709,-902618,-421,0
-373765,1056939,-683176,-2,-569138,1611054,-1040661,1255,0
30000,30000,30000,90000,60000,60000,60000,180000,1
-390665,-592823,982836,-652,-642244,-979704,1621737,-211,0
0,0,0,0,0,0,0,0,1
136505,-29902,-104004,2599,1553658,-341441,-1212428,-211,0
301,362,-663,0,571,685,-1256,0,1
-110,-1165,1276,1,-1281,-13461,14742,0,1
0,208206,-208206,0,0,269443,-269443,0,1
-109205,-879483,991937,3249,-166112,-1324496,1490398,-210,0
-194358,-826831,1023788,2599,-292634,-1245525,1538157,-2,0
704626,247659,-953586,-1301,1165087,408681,-1573559,209,0
370513,-981537,610372,-652,608727,-1617339,1008192,-420,0
936035,-8451,-924335,3249,1422110,-15292,-1406400,418,0
57202,886633,-945136,-1301,90282,1367647,-1457093,836,0
768328,281460,-1049140,648,1157127,419783,-1576492,418,0
648724,322412,-971787,-651,1072081,531013,-1602885,209,0
297061,755328,-1051740,649,448481,1136598,-1584242,837,0
-461518,-53302,516119,1299,-1328895,-157733,1487046,418,0
783929,261959,-1041990,3898,1178493,390247,-1568113,627,0
-430,533,-103,0,-12420,15397,-2976,1,1
-240416,120208,120208,0,-311126,155563,155563,0,1
144955,-919785,776779,1949,238170,-1518887,1280506,-211,0
54,86,-140,0,6250,9943,-16194,-1,1
707226,-1071241,366613,2598,1057208,-1607075,549865,-2,0
455667,624023,-1079041,649,688746,938437,-1626556,627,0
-354264,181356,172256,-652,-1632421,842499,790968,1046,0
1004937,-865183,-138456,1298,1507155,-1298731,-208845,-421,0
905483,66302,-969187,2598,1363876,96566,-1460025,417,0
338662,726077,-1062790,1949,509437,1089676,-1598277,836,0
0,0,0,0,0,0,0,0,1
831,575,-1406,0,9600,6643,-16244,-1,1
-1067340,640273,430966,3899,-1622157,972791,650831,1465,0
256759,785879,-1042640,-2,388152,1180588,-1567485,1255,0
-202808,1021838,-819031,-1,-305831,1542975,-1236099,1045,0
60290,1850,-62141,-1,96465,2961,-99426,0,1
127404,-9751,-116355,1298,1458348,-92587,-1365553,208,0
-1025089,824230,204107,3248,-1540672,1239449,302269,1046,0
-464118,692275,-226859,1298,-1074176,1603094,-527872,1046,0
867132,-1003638,138455,1949,1299778,-1506947,206749,-420,0
336712,-1064090,729977,2599,503362,-1598068,1094285,-421,0
796929,-909385,114404,1948,1310461,-1499615,188734,-420,0
5547,58274,-63822,-1,8876,93239,-102115,0,1
1073840,-496619,-576572,649,1631792,-755359,-876644,-211,0
0,0,0,0,0,0,0,0,1
-328913,51351,278860,1298,-1518049,239427,1279668,1046,0
50051,-953586,908084,4549,72477,-1449551,1377282,208,0
-928885,-21451,955535,5199,-1395926,-36030,1432374,418,0
-55253,-889234,947735,3248,-86722,-1369323,1456044,-1,0
57206,7391,-64597,0,91529,11826,-103355,0,1
0,0,0,0,0,0,0,0,1
196307,826830,-1021839,1298,295356,1244058,-1538577,837,0
108554,882083,-988038,2599,163179,1326590,-1488723,1046,0
-987387,566821,420565,-1,-1626975,935714,692307,1046,0
-259360,-305512,566171,1299,-747399,-884185,1631373,-211,0
-126755,539520,-412766,-1,-367835,1562666,-1193995,836,0
-1306,184,1121,-1,-15090,2132,12958,0,1
-107255,-25351,135855,3249,-1241545,-297242,1539414,627,0
254159,787829,-1041340,648,383335,1183939,-1566228,1046,0
-140406,70202,72152,1948,-1632631,819247,814429,1045,0
-656,238,418,0,-1243,451,792,0,1
-107255,-26001,135205,1949,-1241964,-297033,1539414,417,0
-45922,69526,-23603,1,-73476,111242,-37765,1,1
-124805,6500,120254,1949,-1457721,92377,1365971,627,0
-3901,-488169,493368,1298,-13616,-1408076,1421481,-211,0
-1144,1291,-147,0,-13214,14922,-1707,1,1
141313,97786,-239099,0,182875,126546,-309422,-1,1
-917185,918484,0,1299,-1412056,1416873,-3562,1255,0
0,-489,489,0,0,-14145,14145,0,1
528469,-1085541,560320,3248,791387,-1633678,842289,-2,0
453716,601922,-1056290,-652,702361,926078,-1627813,626,0
1018588,-185907,-832032,649,1534387,-282160,-1252019,208,0
156137,-236390,80252,-1,202060,-305917,103856,-1,1
-239675,103501,136173,-1,-310167,133943,176224,0,1
-37702,957485,-918485,1298,-56977,1442847,-1384615,1255,0
-85804,525219,-441367,-1952,-248435,1522866,-1273385,1046,0
30000,30000,30000,90000,60000,60000,60000,180000,1
-464118,692275,-226859,1298,-1073967,1603303,-528291,1045,0
-724128,-321763,1051739,5848,-1102874,-491842,1594925,209,0
378964,-707877,332162,3249,869730,-1632840,762480,-630,0
1062789,-720227,-340613,1949,1599533,-1086535,-513418,-420,0
2955,2699,-5654,0,8534,7793,-16328,-1,1
-106604,131954,-24051,1299,-1239450,1541090,-300384,1256,0
799529,-907434,109854,1949,1314441,-1496892,182241,-210,0
656524,419915,-1075791,648,990177,630093,-1619853,417,0
-973087,93603,884033,4549,-1478459,140137,1339787,1465,0
143655,-72153,-68903,2599,1633049,-820296,-812964,-211,0
-912635,965286,-49402,3249,-1373094,1452693,-78343,1256,0
142355,209307,-348414,3248,649574,973210,-1622366,418,0
417965,662374,-1076441,3898,626742,992900,-1619224,418,0
221,-1320,1099,0,2555,-15249,12694,0,1
1375,-973,-401,1,15882,-11243,-4639,0,1
522619,-77353,-447867,-2601,1511764,-221623,-1290352,-211,0
30000,30000,30000,90000,60000,60000,60000,180000,1
222958,-947086,724777,649,366577,-1562038,1195251,-210,0
640273,-1082941,445916,3248,957290,-1625299,667798,-211,0
5587,-2027,-3559,1,16133,-5853,-10279,1,1
-1205,-37,1242,0,-13927,-427,14354,0,1
528469,-1084891,560320,3898,791387,-1633678,842080,-211,0
-136506,-406916,544720,1298,-394438,-1175771,1569997,-212,0
-86454,-253510,341912,1948,-407634,-1166135,1573558,-211,0
-974387,97503,882083,5199,-1481182,145583,1336435,836,0
-633124,586321,47451,648,-1463167,1359896,104736,1465,0
-7801,614923,-607123,-1,-19481,1424623,-1404305,837,0
-59803,-272361,334112,1948,-281532,-1252857,1534177,-212,0
-113755,-14951,131304,2598,-1322192,-168207,1490817,418,0
530419,530419,-1060190,648,817781,815896,-1633050,627,0
771578,-1018589,248959,1948,1183520,-1567066,383125,-421,0
-884,-4396,5281,1,-2555,-12694,15249,0,1
-154706,351013,-195658,649,-715978,1629697,-912882,837,0
-244410,341262,-96204,648,-1132200,1586127,-452252,1675,0
-42252,-94904,140405,3249,-511114,-1088211,1598905,-420,0
274960,-1023789,752078,3249,420621,-1577539,1156498,-420,0
-177457,351663,-173557,649,-825742,1634096,-806889,1465,0
-505,-121,626,0,-957,-229,1186,0,1
-708527,-244410,954235,1298,-1167182,-405330,1572930,418,0
30000,30000,30000,90000,60000,60000,60000,180000,1
-156137,236390,-80252,1,-202060,305917,-103856,1,1
457617,530419,-988688,-652,754939,877271,-1631583,627,0
136505,-107255,-26651,2599,1551983,-1217037,-335366,-420,0
-598673,1069290,-468018,2599,-912882,1629906,-715769,1255,0
-933435,11700,928884,7149,-1421063,13825,1407865,627,0
1040038,-249610,-789130,1298,1564760,-377261,-1187711,-212,0
-662375,-399115,1066689,5199,-1007983,-609147,1617338,208,0
482,14,-497,-1,13927,427,-14354,0,1
-1051090,765078,287960,1948,-1579006,1150423,429628,1045,0
-16507,-51291,67798,0,-26411,-82066,108478,1,1
326312,-286011,-39002,1299,1497939,-1313185,-185174,-420,0
-640274,-438767,1083590,4549,-962946,-661096,1624041,-1,0
233773,-68281,-165491,1,302530,-88364,-214165,1,1
987386,-501169,-490119,-3902,1633049,-826999,-806470,-420,0
1205,37,-1242,0,13927,427,-14354,0,1
1084240,-618824,-462818,2598,1627602,-931107,-696707,-212,0
-132605,105303,29251,1949,-1550727,1218921,332852,1046,0
841781,-874933,35751,2599,1383986,-1443267,58652,-629,0
-575922,641574,-64353,1299,-1330362,1485999,-154172,1465,0
-44852,-913285,962686,4549,-69545,-1378750,1448294,-1,0
66302,-643525,578521,1298,150401,-1483905,1333503,-1,0
1085540,-546021,-541471,-1952,1633258,-820296,-812964,-2,0
-1033539,768328,271710,6499,-1572931,1166553,407633,1255,0
-662,286,376,0,-1254,541,712,-1,1
-18862,216996,-198133,1,-24410,280818,-256407,1,1
-243760,341262,-96204,1298,-1131781,1586127,-453299,1047,0
-811231,1028988,-217759,-2,-1220179,1550935,-329292,1464,0
124804,-994538,872982,3248,184754,-1498149,1313603,208,0
-130,112,18,0,-15090,12958,2132,0,1
-333463,266509,69552,2598,-1544652,1231489,314209,1046,0
0,0,0,0,0,0,0,0,1
677325,397164,-1071891,2598,1019294,595530,-1614406,418,0
136505,-30552,-104004,1949,1554706,-344374,-1210334,-2,0
132,-542,410,0,3813,-15661,11848,0,1
-170000,-62224,232224,0,-220000,-80525,300525,0,1
30000,30000,30000,90000,60000,60000,60000,180000,1
-333463,265859,70202,2598,-1544862,1231070,315046,1254,0
-759229,-169657,930834,1948,-1252438,-281532,1534387,417,0
456967,-1071891,618823,3899,688536,-1627603,939066,-1,0
40951,-956836,920434,4549,58233,-1443058,1385033,208,0
255459,-565522,310711,648,731269,-1630745,899475,-1,0
-144306,1002987,-858033,648,-218062,1511554,-1292447,1045,0
37051,286010,-320463,2598,160665,1328056,-1487466,1255,0
132,410,-542,0,3813,11848,-15661,0,1
-326963,704626,-376365,1298,-758501,1632630,-872873,1256,0
-592,557,34,-1,-1121,1055,65,-1,1
0,0,0,0,0,0,0,0,1
209307,479067,-687726,648,483044,1110414,-1592202,1256,0
-2310,-7180,9491,1,-6602,-20516,27119,1,1
-480368,497918,-16901,649,-1387548,1440124,-51321,1255,0
1300,-122855,124804,3249,-1257,-1414151,1414987,-421,0
-539521,122204,418615,1298,-1556802,351704,1205724,626,0
-1020539,193057,831381,3899,-1536064,288443,1248457,836,0
-11061,66014,-54952,1,-17698,105622,-87924,0,1
-806031,-93604,902233,2598,-1329314,-156477,1486627,836,0
254,404,-658,0,481,766,-1247,0,1
-1073191,572671,505068,4548,-1631583,869521,763527,1465,0
906783,65002,-968537,3248,1364505,95310,-1459606,209,0
-537,607,-69,1,-1018,1149,-131,0,1
-939286,741677,196307,-1302,-1547585,1226043,322587,1045,0
-1085541,563571,524569,2599,-1632212,846688,787198,1674,0
-1014689,839831,177456,2598,-1527266,1264377,264354,1465,0
0,0,0,0,0,0,0,0,1
-646,457,188,-1,-1223,866,357,0,1
-937336,-3901,946435,5198,-1409752,-8798,1418758,208,0
55902,887933,-943836,-1,86302,1369951,-1455626,627,0
0,0,0,0,0,0,0,0,1
-4494,9885,-5391,0,-12840,28245,-15404,1,1
-1060840,581121,479067,-652,-1630117,895286,736087,1256,0
650024,-83854,-566172,-2,1500033,-191040,-1308995,-2,0
-521320,450466,70852,-2,-1505271,1301663,204654,1046,0
641574,440066,-1079691,1949,964202,660048,-1623623,627,0
1041989,-356214,-685776,-1,1606446,-550285,-1056581,-420,0
585671,499868,-1083591,1948,881461,750540,-1631374,627,0
-706577,-247010,955535,1948,-1163831,-410567,1574187,-211,0
-705277,297061,410165,1949,-1625927,684347,942627,1047,0
-211908,558370,-346463,-1,-613755,1618176,-1004003,418,0
-161857,-763779,926934,1298,-267078,-1262073,1529150,-1,0
70710,-35355,-35355,0,113137,-56568,-56568,1,1
273660,55902,-330213,-651,1262072,266658,-1528523,207,0
0,489,-489,0,0,14145,-14145,0,1
122204,861282,-983487,-1,185802,1313393,-1497521,1674,0
177456,375064,-554471,-1951,511741,1087791,-1598906,626,0
-380915,-664975,1049139,3249,-587781,-1025998,1613777,-2,0
-537,-69,607,1,-1018,-131,1149,0,1
-201508,351013,-147556,1949,-937391,1627393,-688747,1255,0
-968537,59152,913284,3899,-1455417,87140,1368904,627,0
854782,154055,-1004938,3899,1286371,228953,-1514697,627,0
-44,-466,510,0,-1281,-13461,14742,0,1
-1072541,568771,509619,5849,-1631793,863446,770021,1674,0
163156,762478,-928235,-2601,272105,1259140,-1530617,628,0
331512,-564222,233358,648,953100,-1625718,672197,-421,0
-388065,-594773,982836,-2,-638054,-983265,1621109,-210,0
-8451,126104,-115055,2598,-122751,1472383,-1348795,837,0
-977637,629223,348413,-1,-1610636,1039403,572279,1046,0
642,-1412,770,0,7415,-16311,8896,0,1
470,172,-642,0,890,325,-1215,0,1
446566,621423,-1068641,-652,680367,945978,-1625509,836,0
663674,399764,-1063440,-2,1009239,607889,-1616501,627,0
642224,438116,-1079041,1299,967344,656277,-1622995,626,0
-273661,1022488,-748829,-2,-421460,1577957,-1155452,1045,0
-838532,-159906,1002987,4549,-1275480,-244874,1521400,1046,0
1052389,-763779,-286661,1949,1580052,-1148330,-432352,-630,0
234008,-1035489,804080,2599,348353,-1556592,1207819,-420,0
167706,185256,-351664,1298,768974,863865,-1632002,837,0
-167707,1012087,-845032,-652,-251158,1523704,-1272128,418,0
712426,-1040039,328912,1299,1091771,-1598487,506086,-630,0
-253510,-87104,342562,1948,-1172210,-398627,1571045,208,0
-9751,126104,-115705,648,-124637,1473221,-1347748,836,0
787829,221658,-1006888,2599,1214103,339345,-1552612,836,0
-1548,9241,-7693,0,-4424,26405,-21981,0,1
1033538,-258060,-772879,2599,1569578,-393390,-1175980,208,0
-11,127,-116,0,-1281,14742,-13461,0,1
984786,-888584,-94254,1948,1480134,-1338531,-142023,-420,0
30000,30000,30000,90000,60000,60000,60000,180000,1
946435,-936036,-7801,2598,1420643,-1408914,-12150,-421,0
-1052390,344512,713726,5848,-1600581,521168,1080460,1047,0
-81904,139105,-55903,1298,-957291,1625298,-667171,836,0
-839832,-157306,1002987,5849,-1277784,-241523,1519933,626,0
-1005588,180056,831381,5849,-1530198,272314,1258930,1046,0
801480,234658,-1032889,3249,1206981,349609,-1555964,626,0
459567,53952,-515470,-1951,1328894,157732,-1486419,207,0
1075,257,-1333,-1,12420,2976,-15397,-1,1
11,116,-127,0,1281,13461,-14742,0,1
437,946,-1383,0,5047,10929,-15977,-1,1
-5172,-4723,9896,1,-14778,-13496,28274,0,1
-202158,351013,-147556,1299,-938019,1627393,-688118,1256,0
-245060,341262,-94904,1298,-1136390,1584870,-447225,1255,0
672125,-1075141,405615,2599,1006725,-1617549,610612,-212,0
-1060840,580471,481668,1299,-1630326,892982,738600,1256,0
-141,70,70,-1,-16334,8167,8167,0,1
-656525,555120,102703,1298,-1515745,1284277,232724,1256,0
592822,481668,-1071891,2599,899685,731269,-1630117,837,0
30000,30000,30000,90000,60000,60000,60000,180000,1
1034188,-262610,-770279,1299,1571045,-399465,-1171581,-1,0
-918485,917834,1300,649,-1413103,1415616,-1257,1256,0
70710,-35355,-35355,0,113137,-56568,-56568,1,1
-301,663,-362,0,-571,1256,-685,0,1
115704,13650,-127405,1949,1323029,167787,-1490608,208,0
-102054,342562,-239209,1299,-478227,1592201,-1112929,1045,0
-1054340,703976,353613,3249,-1603304,1069567,534993,1256,0
-879483,833981,44851,-651,-1448714,1377911,72058,1255,0
135205,406915,-542771,-651,387943,1180588,-1567694,837,0
-700727,437466,263909,648,-1615454,1011962,604747,1255,0
914584,-967887,55252,1949,1371627,-1454369,82113,-629,0
302911,728027,-1030939,-1,468590,1121516,-1588851,1255,0
892483,74752,-964637,2598,1355078,112486,-1466938,626,0
-43,138,-94,1,-5047,15977,-10929,1,1
-1001688,198257,806030,2599,-1540882,303525,1238402,1045,0
-5656,2828,2828,0,-16334,8167,8167,0,1
340612,723477,-1063440,649,513208,1086744,-1599115,837,0
30000,30000,30000,90000,60000,60000,60000,180000,1
8008,-9043,1034,-1,22882,-25838,2956,0,1
-541471,663024,-119605,1948,-1252228,1534596,-281322,1046,0
102703,35751,-135206,3248,1155032,422506,-1577120,418,0
329562,-53302,-275611,649,1519095,-240266,-1278622,207,0
-432267,-100104,533019,648,-1246991,-289492,1537110,627,0
-692276,957485,-266510,-1301,-1142046,1582775,-439684,1045,0
-701377,436816,264559,-2,-1616082,1010286,606842,1046,0
-6999,9562,-2562,1,-19999,27320,-7320,1,1
991937,-824881,-166407,649,1524751,-1269614,-255557,-420,0
-182813,226626,-43812,1,-236582,293281,-56698,1,1
-705277,296411,410815,1949,-1625927,683718,943255,1046,0
-632,493,138,-1,-1197,935,261,-1,1
-618174,1080340,-460868,1298,-931526,1628231,-695450,1255,0
3325,-5625,2300,0,9600,-16244,6643,-1,1
206707,809280,-1014689,1298,312114,1232956,-1544024,1046,0
497918,588922,-1084891,1949,749074,882717,-1631164,627,0
-524570,77352,448516,1298,-1512184,222669,1290142,627,0
74292,-235162,160869,-1,96143,-304328,208184,-1,1
174,-553,378,-1,5047,-15977,10929,-1,1
-393915,1071890,-677326,649,-593646,1615243,-1020551,1046,0
5656,-2828,-2828,0,16334,-8167,-8167,0,1
-3251,-938636,945135,3248,-6494,-1411637,1418130,-1,0
214212,-12582,-201630,0,277216,-16283,-260933,0,1
662,-376,-286,0,1254,-712,-541,1,1
-134,105,29,0,-15534,12138,3396,0,1
255459,83853,-338013,1299,1175770,394227,-1569579,418,0
-495969,-588273,1087490,3248,-746142,-885442,1631582,-2,0
93603,-141056,49401,1948,1055323,-1607913,551751,-839,0
-436817,-640925,1081640,3898,-657745,-965879,1623413,-211,0
867782,-1002338,135855,1299,1301453,-1506109,204235,-421,0
800830,233358,-1032239,1949,1207610,348772,-1555754,628,0
398464,-548621,151455,1298,1146653,-1581100,433817,-630,0
1067990,-640274,-427066,650,1622575,-973420,-649366,-211,0
155,482,-637,0,293,912,-1206,-1,1
505068,-34452,-472568,-1952,1460653,-97615,-1363039,-1,0
1306,-1121,-184,1,15090,-12958,-2132,0,1
550570,-166407,-387415,-3252,1590945,-476341,-1115024,-420,0
-939286,919784,21450,1948,-1428395,1400115,29954,1674,0
-1075,1333,-257,1,-12420,15397,-2976,1,1
-295,-269,565,1,-8534,-7793,16328,1,1
37609,-224447,186838,0,48670,-290462,241791,-1,1
-35102,955535,-919785,648,-51950,1440334,-1387548,836,0
141313,97786,-239099,0,182875,126546,-309422,-1,1
220358,339962,-562272,-1952,637215,984102,-1620691,626,0
-297712,-751429,1054339,5198,-450367,-1134714,1585079,-2,0
-2955,5654,-2699,0,-8534,16328,-7793,1,1
-3999,5464,-1464,1,-11549,15777,-4227,1,1
-46802,-587623,636373,1948,-109345,-1356965,1466099,-211,0
508969,-1060840,555120,3249,779238,-1633469,853601,-630,0
74752,-143006,68902,648,850040,-1633469,783008,-421,0
-172907,678625,-504419,1299,-403654,1573139,-1168649,836,0
-687076,1069940,-382215,649,-1034586,1612520,-576888,1046,0
226858,-349714,126104,3248,1038356,-1611474,572698,-420,0
-656,238,418,0,-1243,451,792,0,1
-564872,324362,239858,-652,-1626765,936761,691050,1046,0
530419,553170,-1082941,648,802280,831397,-1632840,837,0
347,-664,317,0,657,-1258,600,-1,1
73,-141,67,-1,8534,-16328,7793,-1,1
-790430,1023788,-231409,1949,-1202583,1558895,-355057,1255,0
-141313,-97786,239099,0,-182875,-126546,309422,1,1
0,-1224,1224,0,0,-14145,14145,0,1
-33152,-287961,323712,2599,-154801,-1330990,1485580,-211,0
1077090,-653925,-421216,1949,1620480,-986407,-634703,-630,0
0,0,0,0,0,0,0,0,1
-286011,1047839,-760529,1299,-431514,1580471,-1148120,837,0
3325,2300,-5625,0,9600,6643,-16244,-1,1
30000,30000,30000,90000,60000,60000,60000,180000,1
335412,-268461,-65653,1298,1543185,-1234633,-309392,-840,0
-344513,105303,241159,1949,-1593878,490585,1103921,628,0
978286,-80604,-895734,1948,1472174,-123380,-1348376,418,0
30000,30000,30000,90000,60000,60000,60000,180000,1
-107255,-26001,135205,1949,-1243640,-294519,1538367,208,0
366613,-557721,191107,-1,1055323,-1607913,551960,-630,0
-529120,1071890,-542121,649,-806051,1633886,-826370,1465,0
148855,-1005588,859332,2599,220784,-1512184,1291189,-211,0
-45502,-588273,635073,1298,-106832,-1358640,1465051,-421,0
-531720,-138456,672125,1949,-1226044,-320913,1547374,417,0
-214212,201630,12582,0,-277216,260933,16283,0,1
706576,-1071241,367263,2598,1056161,-1607284,550703,-420,0
9414,-7356,-2058,0,26899,-21019,-5880,0,1
-845032,995187,-148856,1299,-1285744,1515534,-228116,1674,0
-141313,-97786,239099,0,-182875,-126546,309422,1,1
-1375,401,973,-1,-15882,4639,11243,0,1
120904,-664325,545370,1949,275456,-1532503,1256417,-630,0
-986737,570071,416665,-1,-1626137,941160,686232,1255,0
999,-1366,366,-1,11549,-15777,4227,-1,1
-138456,88403,52001,1948,-1611474,1033747,578563,836,0
457,59,-516,0,13214,1707,-14922,-1,1
-525870,-462168,989337,1299,-867636,-764576,1632420,208,0
-118955,-3901,125454,2598,-1395298,-36658,1432374,418,0
191757,160556,-351664,649,879994,752006,-1631374,626,0
-41562,70323,-28760,1,-66500,112517,-46016,1,1
-222959,347113,-122855,1299,-1036681,1611892,-574165,1046,0
-521320,450466,71502,648,-1505062,1302082,204235,1255,0
1004937,-866483,-136506,1948,1506318,-1300197,-206541,-420,0
1306,-1121,-184,1,15090,-12958,-2132,0,1
-33152,-288611,323712,1949,-154382,-1331199,1485370,-211,0
1344,-1050,-294,0,15534,-12138,-3396,0,1
-1087491,549920,541470,3899,-1632421,825112,808983,1674,0
-707877,346462,363363,1948,-1632421,799766,833910,1255,0
985436,-569422,-416666,-652,1626345,-939486,-687071,-212,0
-586972,-394565,984786,3249,-969859,-653346,1623203,-2,0
-86454,-894434,983486,2598,-131340,-1344396,1475944,208,0
-10401,-117655,129354,1298,-132387,-1343977,1475944,-420,0
-291861,564221,-271711,649,-844804,1633677,-787618,1255,0
603872,-1074491,473217,2598,912672,-1629907,717234,-1,0
297711,267810,-565522,-1,858838,773792,-1632212,418,0
-976987,630523,347113,649,-1610217,1041079,569975,837,0
-211258,-479718,691625,649,-486396,-1107273,1593458,-211,0
-722178,-339963,1066039,3898,-1085697,-513628,1599323,-2,0
1037438,-765729,-268461,3248,1574396,-1164459,-409939,-2,0
605822,477117,-1080991,1948,911834,718072,-1629279,627,0
-9414,2058,7356,0,-26899,5880,21019,0,1
878832,-835282,-43552,-2,1448294,-1377912,-71012,-630,0
-39002,956835,-917835,-2,-58024,1443266,-1384405,837,0
-224259,347763,-122205,1299,-1039194,1611473,-571023,1256,0
-884,5281,-4396,1,-2555,15249,-12694,0,1
0,1224,-1224,0,0,14145,-14145,0,1
-244410,341912,-96204,1298,-1133038,1585708,-451624,1046,0
294461,-566172,273660,1949,845222,-1633678,787826,-630,0
-364664,555120,-190458,-2,-1054695,1607912,-552380,837,0
-437,-946,1383,0,-5047,-10929,15977,1,1
-263260,334112,-68253,2599,-1223321,1549469,-324893,1255,0
1056289,-704627,-348414,3248,1603303,-1071663,-532061,-421,0
-597373,1080990,-482319,1298,-901361,1630744,-728128,1255,0
980236,-874933,-103354,1949,1487046,-1329105,-158152,-211,0
373764,-981537,608422,649,613754,-1617968,1004212,-2,0
789129,221008,-1007538,2599,1215360,337460,-1552193,627,0
135855,-31202,-104004,649,1554077,-342488,-1211800,-211,0
-839832,874282,-35752,-1302,-1382730,1444733,-60748,1255,0
21450,928884,-949686,648,33096,1398439,-1430071,1464,0
399114,-548621,150155,648,1149167,-1580262,430885,-210,0
-542771,662374,-117005,2598,-1255161,1532921,-276295,1465,0
0,61237,-61237,0,0,97979,-97979,0,1
65002,-143006,78652,648,739229,-1631374,891515,-630,0
-664325,1073190,-406916,1949,-1002118,1618385,-615012,1255,0
936035,-10401,-923685,1949,1423366,-17387,-1405143,836,0
-132605,104653,30551,2599,-1551774,1216826,336413,1465,0
-472568,1080990,-607773,649,-711998,1629488,-916653,837,0
6999,-9562,2562,-1,19999,-27320,7320,-1,1
-656525,555770,102053,1298,-1515535,1284905,231676,1046,0
8820,-518,-8302,0,25201,-1480,-23721,0,1
-33802,-288611,323712,1299,-156267,-1330152,1486418,-1,0
-4576,5167,-591,0,-13214,14922,-1707,1,1
-7000,-2562,9562,0,-20000,-7320,27320,0,1
0,-1224,1224,0,0,-14145,14145,0,1
470,172,-642,0,890,325,-1215,0,1
-1061490,333462,731277,3249,-1595973,500011,1096589,627,0
-1087491,548620,542770,3899,-1632631,822599,811078,1046,0
640273,-1082941,445266,2598,957290,-1625090,667798,-2,0
936035,7800,-942536,1299,1409960,9216,-1418968,208,0
-790430,-216459,1010787,3898,-1215989,-335576,1552192,627,0
-1043290,781329,264559,2598,-1569579,1174932,395903,1256,0
-911985,965286,-52002,1299,-1371418,1454368,-81485,1465,0
-254160,-85804,341912,1948,-1177028,-391714,1568950,208,0
458917,-1071891,616873,3899,691888,-1627603,935923,208,0
-704627,296411,410165,1949,-1625927,683509,943255,837,0
120904,-664325,544720,1299,277132,-1532712,1255579,-1,0
1344,-1050,-294,0,15534,-12138,-3396,0,1
938635,-741678,-197608,-651,1548422,-1224159,-324893,-630,0
-376365,705276,-326963,1948,-872035,1632630,-759548,1047,0
132,410,-542,0,3813,11848,-15661,0,1
-49999,68301,-18301,1,-79999,109282,-29282,1,1
-16507,-51291,67798,0,-26411,-82066,108478,1,1
21850,-69165,47314,-1,34961,-110664,75703,0,1
-114,-14,129,1,-13214,-1707,14922,1,1
-614,527,86,-1,-1162,998,164,0,1
-347,-317,664,0,-657,-600,1258,1,1
-738428,-314612,1059539,6499,-1113976,-476970,1591573,627,0
-3059,9683,-6624,0,-8740,27666,-18925,1,1
126754,-120255,-5851,648,1452693,-1373094,-80229,-630,0
534320,551220,-1083591,1949,805422,828255,-1632840,837,0
30000,30000,30000,90000,60000,60000,60000,180000,1
254809,-564872,312011,1948,728546,-1630536,901989,-1,0
-49999,68301,-18301,1,-79999,109282,-29282,1,1
551220,-165757,-386765,-1302,1590107,-474037,-1116490,-420,0
505068,-1060840,559020,3248,773373,-1633259,859256,-630,0
-41602,507669,-467368,-1301,-121495,1471964,-1349633,836,0
30000,30000,30000,90000,60000,60000,60000,180000,1
-254160,-85804,341912,1948,-1175142,-394228,1569788,418,0
-16507,67798,-51291,0,-26411,108478,-82066,1,1
567471,-1088791,524569,3249,847735,-1633678,785313,-630,0
-121555,993237,-870383,1299,-183708,1497939,-1313185,1046,0
-253510,563571,-309412,649,-732317,1630954,-897591,1046,0
-128055,348413,-219059,1299,-597836,1615872,-1017409,627,0
625973,-28602,-597373,-2,1445780,-64937,-1380635,208,0
-1205,1242,-37,0,-13927,14354,-427,0,1
-352964,157305,196957,1298,-1629698,728546,901989,837,0
30000,30000,30000,90000,60000,60000,60000,180000,1
-1058240,750128,309411,1299,-1587175,1126544,461677,1046,0
-964637,288610,677325,1298,-1590527,475293,1116070,836,0
460867,53952,-514820,-1,1329523,156895,-1486000,418,0
936035,7150,-943186,-1,1409960,8797,-1418550,207,0
0,8573,-8573,0,0,24494,-24494,0,1
-259360,-304862,565521,1299,-749494,-881881,1631792,417,0
-982187,887933,97503,3249,-1480135,1337902,143907,1674,0
110,-1276,1165,-1,1281,-14742,13461,0,1
-169657,-843082,1017288,4549,-256605,-1268777,1525380,-2,0
338662,726077,-1062790,1949,509228,1089886,-1598277,837,0
695526,-959436,265209,1299,1142882,-1582148,439054,-212,0
740377,315911,-1055640,648,1117955,472570,-1589898,627,0
-494019,-189808,687075,3248,-1142046,-439893,1581937,-2,0
33,102,-135,0,3813,11848,-15661,0,1
-271711,1022488,-750129,648,-418736,1577329,-1157547,1046,0
-792380,1036788,-243760,648,-1192110,1563294,-369720,1464,0
-503769,1059539,-553821,1949,-777773,1633468,-854649,1046,0
0,0,0,0,0,0,0,0,1
-5547,63822,-58274,1,-8876,102115,-93239,0,1
-137156,40301,100103,3248,-1588222,465448,1123192,418,0
-373765,1056939,-681876,1298,-570395,1611263,-1039613,1255,0
100,36,-136,0,11550,4227,-15777,0,1
131304,866482,-997138,648,197951,1305852,-1502548,1255,0
18862,198133,-216996,-1,24410,256407,-280818,-1,1
134,-29,-105,0,15534,-3396,-12138,0,1
689025,-1073841,388714,3898,1030186,-1613359,582543,-630,0
7800,301611,-307462,1949,30583,1399487,-1429233,837,0
-70492,30441,40050,-1,-112788,48706,64081,-1,1
-895734,960085,-61753,2598,-1362411,1461281,-97405,1465,0
379614,-707877,330862,2599,871825,-1632840,760176,-839,0
-260660,-304212,566171,1299,-751589,-880205,1631582,-212,0
-1036789,713076,326312,2599,-1595763,1098265,498754,1256,0
142355,-81904,-59153,1298,1627812,-928593,-699220,-1,0
-204988,211281,-6293,0,-265279,273423,-8144,0,1
-8008,9043,-1034,1,-22882,25838,-2956,0,1
0,0,0,0,0,0,0,0,1
174,-553,378,-1,5047,-15977,10929,-1,1
9868,-5607,-4261,0,28197,-16020,-12176,1,1
-494669,-588923,1087490,3898,-744466,-886908,1631373,-1,0
-204758,-807981,1019238,6499,-312953,-1232119,1545280,208,0
-626624,27301,600622,1299,-1443686,62003,1382310,627,0
985436,-100754,-884034,648,1485161,-154172,-1330780,209,0
-141,70,70,-1,-16334,8167,8167,0,1
-482,497,-14,1,-13927,14354,-427,0,1
170000,62224,-232224,0,220000,80525,-300525,0,1
579171,-644175,67602,2598,1331408,-1485371,153543,-420,0
-66303,887283,-822281,-1301,-109345,1466518,-1356336,837,0
549920,-393265,-156006,649,1584870,-1134295,-451205,-630,0
522,-73,-448,1,15090,-2132,-12958,0,1
301,-663,362,0,571,-1256,685,0,1
493368,-1086841,595422,1949,737972,-1631374,893191,-211,0
30000,30000,30000,90000,60000,60000,60000,180000,1
-99454,-37052,138455,1949,-1158384,-417480,1575863,-1,0
9777,-3547,-6229,1,27936,-10136,-17799,1,1
1950,120254,-120905,1299,3142,1413521,-1415826,837,0
-139756,-839832,982186,2598,-216595,-1293913,1510507,-1,0
-70492,30441,40050,-1,-112788,48706,64081,-1,1
811230,-1033539,224258,1949,1216198,-1553031,336203,-630,0
891183,76702,-964637,3248,1353612,115209,-1468404,417,0
-27059,-43045,70105,1,-43295,-68873,112169,1,1
598672,25350,-623374,648,1383776,59280,-1443058,-2,0
-260660,-438117,701376,2599,-603491,-1012801,1616081,-211,0
-549271,391314,158605,648,-1585499,1131571,454555,627,0
-1414,707,707,0,-16334,8167,8167,0,1
101403,-137156,38351,2598,1153985,-1578377,423972,-420,0
928234,-957486,31201,1949,1390898,-1437402,46083,-421,0
102053,35751,-134556,3248,1154822,422715,-1577120,417,0
5226,-4487,-738,1,15090,-12958,-2132,0,1
214212,-201630,-12582,0,277216,-260933,-16283,0,1
135855,-31202,-104004,649,1554077,-342488,-1211591,-2,0
230108,-694227,467367,3248,526823,-1602885,1075223,-839,0
-1084891,620773,466067,1949,-1627184,931106,696915,837,0
355563,-183957,-170307,1299,1632839,-842500,-790760,-421,0
1067339,-637674,-429017,648,1623203,-969859,-653346,-2,0
88,439,-528,-1,2555,12694,-15249,0,1
798879,-908085,111154,1948,1313812,-1497311,183079,-420,0
-686426,1070590,-382215,1949,-1034377,1612520,-576888,1255,0
-228649,49985,178664,0,-295899,64686,231212,-1,1
70710,-35355,-35355,0,113137,-56568,-56568,1,1
-5587,2027,3559,-1,-16133,5853,10279,-1,1
335412,-267811,-66303,1298,1544651,-1232119,-312953,-421,0
193057,-999738,808630,1949,295984,-1539625,1243010,-631,0
-673426,-395215,1075140,6499,-1016571,-598883,1615662,208,0
-936686,921084,18200,2598,-1426091,1402629,24927,1465,0
-4494,9885,-5391,0,-12840,28245,-15404,1,1
-107,133,-25,1,-12420,15397,-2976,1,1
115704,-130655,17550,2599,1317164,-1495426,177842,-420,0
5379,-4203,-1176,0,15534,-12138,-3396,0,1
161206,763778,-926935,-1951,268125,1261863,-1529151,837,0
-228159,1031588,-802781,648,-343745,1555334,-1210334,1255,0
564221,-323713,-241160,-652,1627602,-931107,-696497,-2,0
937335,5200,-941886,649,1411426,6074,-1417083,417,0
-221009,-785880,1010787,3898,-341860,-1212219,1554077,-2,0
50701,-328913,281460,3248,223507,-1513441,1289304,-630,0
848931,14950,-864533,-652,1402000,24089,-1426300,-211,0
550,-389,-160,1,15882,-11243,-4639,0,1
-98154,135855,-35752,1949,-1149168,1580052,-429838,1046,0
60290,1850,-62141,-1,96465,2961,-99426,0,1
-33,-102,135,0,-3813,-11848,15661,0,1
136505,-107255,-26651,2599,1551773,-1217665,-334528,-420,0
-330,1355,-1025,0,-3813,15661,-11848,0,1
30000,30000,30000,90000,60000,60000,60000,180000,1
139,-50,-88,1,16133,-5853,-10279,1,1
-190458,997137,-806031,648,-293472,1538786,-1244268,1046,0
-570072,-515470,1088790,3248,-856534,-776097,1632839,208,0
0,0,0,0,0,0,0,0,1
523919,-78003,-447217,-1301,1512602,-223717,-1289095,-210,0
1078390,-430317,-646125,1948,1622575,-650832,-972163,-420,0
-657175,555120,103353,1298,-1516164,1283439,233980,1255,0
-430,533,-103,0,-12420,15397,-2976,1,1
703976,249609,-954886,-1301,1163830,410566,-1573978,418,0
-336063,-226859,562921,-1,-968393,-655022,1623413,-2,0
298361,753378,-1051740,-1,449528,1135760,-1584452,836,0
-20801,-110505,133905,2599,-258699,-1267310,1526217,208,0
-904834,-61753,971786,5199,-1362830,-96777,1460443,836,0
143655,-72153,-68903,2599,1632839,-816944,-816316,-421,0
-171607,677975,-505719,649,-398627,1571673,-1172000,1046,0
-1205,-37,1242,0,-13927,-427,14354,0,1
91,47,-139,-1,10608,5452,-16060,0,1
400,146,-546,0,11550,4227,-15777,0,1
143005,-62403,-78003,2599,1628231,-706552,-922309,-630,0
291210,-1050440,762478,3248,434236,-1581100,1146653,-211,0
-114,129,-14,1,-13214,14922,-1707,1,1
-4823,-148,4971,0,-13927,-427,14354,0,1
-256,564,-308,0,-7415,16311,-8896,0,1
1038738,-709177,-327613,1948,1597648,-1092610,-505458,-420,0
-831,1406,-575,0,-9600,16244,-6643,1,1
-844382,995837,-149506,1949,-1284487,1516372,-230002,1883,0
41562,-70323,28760,-1,66500,-112517,46016,-1,1
709176,360113,-1067340,1949,1065378,539392,-1604771,-1,0
-989988,824230,168356,2598,-1524543,1269823,255975,1255,0
30000,30000,30000,90000,60000,60000,60000,180000,1
976986,-361414,-618174,-2602,1614824,-597417,-1017828,-421,0
-1084891,488168,598672,1949,-1629907,733573,897590,1256,0
-114,129,-14,1,-13214,14922,-1707,1,1
9625,-2811,-6814,0,27502,-8033,-19469,0,1
943835,-211908,-731278,649,1556382,-351077,-1205935,-630,0
-380915,-686426,1072540,5199,-576260,-1035843,1611892,-211,0
-41562,70323,-28760,1,-66500,112517,-46016,1,1
-60290,62141,-1850,1,-96465,99426,-2961,0,1
-214212,12582,201630,0,-277216,16283,260933,0,1
0,0,0,0,0,0,0,0,1
429666,-535621,106603,648,1235260,-1543395,307924,-211,0
-170000,-62224,232224,0,-220000,-80525,300525,0,1
-430,533,-103,0,-12420,15397,-2976,1,1
-430,-103,533,0,-12420,-2976,15397,1,1
-651325,-319162,972436,1949,-1074595,-528081,1602675,-1,0
-1073191,572021,506368,5198,-1631583,868473,764365,1255,0
-1064740,355563,713076,3899,-1602885,532270,1071662,1047,0
220358,787179,-1008188,-651,341440,1213265,-1553450,1255,0
-534321,-524570,1062789,3898,-821971,-811079,1633468,418,0
68902,-889234,820980,648,113324,-1468195,1354450,-421,0
-330,1355,-1025,0,-3813,15661,-11848,0,1
-514820,-567472,1086840,4548,-776306,-856325,1632630,-1,0
30000,30000,30000,90000,60000,60000,60000,180000,1
-332163,1060839,-728028,648,-499802,1597229,-1096381,1046,0
-102054,-554471,658474,1949,-236914,-1281135,1518048,-1,0
457617,599972,-1056290,1299,705504,923146,-1628232,418,0
-566,584,-17,1,-1073,1106,-32,1,1
301611,751428,-1052390,649,454555,1131780,-1585499,836,0
2310,-9491,7180,-1,6602,-27119,20516,-1,1
997137,-876233,-118955,1949,1496053,-1316117,-180147,-211,0
3673,-5562,1888,-1,10608,-16060,5452,0,1
881433,110504,-989988,1949,1325962,163179,-1488932,209,0
-139106,50051,90353,1298,-1613150,588408,1025578,836,0
-419916,-656525,1080340,3899,-631770,-988502,1620480,208,0
206707,-1024439,821630,3898,307086,-1543186,1236098,-2,0
804730,96203,-900934,-1,1329523,157104,-1486000,627,0
54,86,-140,0,6250,9943,-16194,-1,1
2600,120904,-120255,3249,7122,1411636,-1417502,1256,0
-68756,20082,48674,0,-110011,32132,77878,-1,1
142355,208657,-349064,1948,653135,970277,-1622785,627,0
44851,92953,-136506,1298,506714,1091352,-1597858,208,0
30000,30000,30000,90000,60000,60000,60000,180000,1
-722828,-337363,1066689,6498,-1088630,-510066,1598905,209,0
451116,-1080341,632473,3248,674711,-1626137,951215,-211,0
-1025089,276910,750778,2599,-1577539,424810,1153775,1046,0
94253,435516,-528470,1299,269172,1261235,-1529361,1046,0
-222115,31380,190735,0,-287443,40610,246833,0,1
-5379,1176,4203,0,-15534,3396,12138,0,1
-597373,1080340,-483619,-652,-900524,1630744,-729175,1045,0
457617,-519370,62402,649,1315279,-1496473,180984,-210,0
-686426,1070590,-383515,649,-1033120,1612730,-578564,1046,0
-827482,-196308,1026388,2598,-1242592,-295985,1539205,628,0
-932785,27951,906783,1949,-1434469,42104,1392993,628,0
1548,-9241,7693,0,4424,-26405,21981,0,1
295,-565,269,-1,8534,-16328,7793,-1,1
1073190,-499219,-574622,-651,1632001,-758501,-873292,208,0
30000,30000,30000,90000,60000,60000,60000,180000,1
-119605,122854,-1951,1298,-1390480,1437192,-45456,1256,0
237456,-151298,-86157,1,307296,-195798,-111497,1,1
-103,-516,620,1,-196,-978,1175,1,1
-7151,-853482,861282,649,-11521,-1408914,1420224,-211,0
-705927,-246360,954885,2598,-1164669,-408891,1573977,417,0
595422,478417,-1071891,1948,904084,726451,-1629698,837,0
300311,-1043940,747528,3899,451204,-1585709,1134294,-211,0
649374,-85804,-564872,-1302,1502338,-196695,-1305644,-1,0
-37609,-186838,224447,0,-48670,-241791,290462,1,1
30000,30000,30000,90000,60000,60000,60000,180000,1
221008,787179,-1007538,649,341231,1213265,-1553659,837,0
32101,-70613,38511,-1,51363,-112982,61618,-1,1
-140,80,60,0,-16283,9251,7032,0,1
362713,343862,-705927,648,837262,796205,-1632840,627,0
-1009488,823580,189157,3249,-1534178,1252437,283207,1466,0
30000,30000,30000,90000,60000,60000,60000,180000,1
1069290,-637674,-429667,1949,1623203,-969650,-653555,-2,0
1004937,-865183,-139756,-2,1508203,-1297474,-211149,-420,0
-52,599,-547,0,-98,1136,-1037,1,1
899633,-963337,66952,3248,1362410,-1461910,99499,-1,0
-588273,-494019,1086840,4548,-885860,-745304,1631373,209,0
-549271,392614,156655,-2,-1584452,1134713,450785,1046,0
-1084241,621423,465417,2599,-1627184,931734,696496,1046,0
12350,114404,-126105,649,132386,1344186,-1475526,1046,0
521319,551870,-1073191,-2,794320,839357,-1632631,1046,0
-323713,283410,41601,1298,-1498149,1312555,186640,1046,0
12350,115704,-126105,1949,130292,1345443,-1474688,1047,0
-1088791,547320,544070,2599,-1632840,821132,812754,1046,0
911334,-793030,-118955,-651,1501500,-1307529,-194601,-630,0
91003,892483,-982187,1299,136157,1342300,-1477411,1046,0
-545371,1084240,-538221,648,-821552,1633886,-811079,1255,0
-295,565,-269,1,-8534,16328,-7793,1,1
-525220,78002,447216,-2,-1512812,224764,1288885,837,0
-3325,5625,-2300,0,-9600,16244,-6643,1,1
35101,-135856,104653,3898,379564,-1565809,1186034,-211,0
1086840,-548621,-538871,-652,1633258,-824276,-809193,-211,0
-221,1320,-1099,0,-2555,15249,-12694,0,1
-1053040,648724,405615,1299,-1618177,998765,620667,1255,0
-993238,876882,118954,2598,-1493541,1319049,175747,1255,0
-254,658,-404,0,-481,1247,-766,0,1
-210608,-479718,690975,649,-484511,-1108739,1593249,-1,0
-368564,1066039,-696827,648,-556988,1608750,-1050925,837,0
-335413,-227509,562921,-1,-965670,-657535,1623622,417,0
704626,-1071891,369213,1948,1053857,-1608122,553636,-629,0
33,-135,102,0,3813,-15661,11848,0,1
-242460,-709177,953585,1948,-398627,-1172629,1571045,-211,0
-685126,191757,495968,2599,-1582148,441987,1140788,627,0
117004,230108,-345163,1949,533526,1070405,-1603304,627,0
425115,-703327,280160,1948,977609,-1622576,644337,-630,0
-989338,436816,552520,-2,-1629279,720376,909949,1046,0
-103,-516,620,1,-196,-978,1175,1,1
-20801,-110505,133254,1948,-260166,-1266682,1526636,-212,0
664,-332,-332,0,1258,-629,-629,0,1
522,-448,-73,1,15090,-12958,-2132,0,1
-8008,9043,-1034,1,-22882,25838,-2956,0,1
932134,-28602,-902884,648,1436354,-45247,-1390899,208,0
729327,322412,-1048490,3249,1106434,487233,-1593250,417,0
704626,248959,-954236,-651,1164458,409519,-1573769,208,0
74292,-235162,160869,-1,96143,-304328,208184,-1,1
997137,-875583,-118955,2599,1496053,-1316117,-180566,-630,0
30000,30000,30000,90000,60000,60000,60000,180000,1
-646,457,188,-1,-1223,866,357,0,1
174,-553,378,-1,5047,-15977,10929,-1,1
141,-70,-70,1,16334,-8167,-8167,0,1
-2568,-3080,5649,1,-7415,-8896,16311,0,1
1086190,-546021,-541471,-1302,1633258,-820296,-813173,-211,0
222115,-190735,-31380,0,287443,-246833,-40610,0,1
-291211,563571,-272361,-1,-843128,1633677,-789503,1046,0
-328913,52001,278860,1948,-1519306,241940,1277992,626,0
130,-112,-18,0,15090,-12958,-2132,0,1
-738,1413,-674,1,-8534,16328,-7793,1,1
940585,-741028,-199558,-1,1549259,-1222274,-327406,-421,0
-934085,12350,927584,5849,-1421901,15919,1406818,836,0
-46802,-464768,512219,649,-137624,-1341045,1478458,-211,0
1060839,-507019,-551871,1949,1632420,-783638,-849203,-421,0
125617,114716,-240333,0,162563,148456,-311020,-1,1
-61103,967886,-906784,-1,-92168,1458977,-1365762,1047,0
977636,-362714,-616224,-1302,1615243,-599930,-1015524,-211,0
239208,711126,-951636,-1302,397160,1174094,-1570417,837,0
0,-122,122,0,0,-14145,14145,0,1
-139106,50051,90353,1298,-1613778,590503,1023902,627,0
-599323,-27952,627273,-2,-1381263,-63261,1444942,418,0
-592823,-477118,1075790,5849,-902828,-727080,1630535,627,0
-493369,-190458,687725,3898,-1140789,-441359,1582566,418,0
39651,-956186,920434,3899,56348,-1442220,1385871,-1,0
73,67,-141,-1,8534,7793,-16328,-1,1
-61103,969186,-906784,1299,-93425,1459605,-1364925,1255,0
0,-123505,124154,649,-5237,-1412056,1417292,-1,0
-162507,-763779,927584,1298,-266450,-1262492,1528941,-1,0
233773,-68281,-165491,1,302530,-88364,-214165,1,1
30000,30000,30000,90000,60000,60000,60000,180000,1
-43,138,-94,1,-5047,15977,-10929,1,1
-822281,990637,-165757,2599,-1266682,1526846,-258699,1465,0
140,-80,-60,0,16283,-9251,-7032,0,1
-302262,-729328,1032888,1298,-463145,-1125078,1588012,-211,0
-508320,987386,-479718,-652,-839358,1633677,-793064,1255,0
-9868,4261,5607,0,-28197,12176,16020,-1,1
-573972,-512870,1088140,1298,-860514,-771907,1632630,209,0
-1409,801,608,0,-16283,9251,7032,0,1
-352314,204107,148855,648,-1625509,947235,679319,1045,0
-128055,347763,-219059,649,-598254,1615872,-1016781,837,0
-1062140,333462,731927,3249,-1596182,499801,1096798,417,0
295,-565,269,-1,8534,-16328,7793,-1,1
-3673,-1888,5562,1,-10608,-5452,16060,0,1
918,472,-1390,0,10608,5452,-16060,0,1
-351664,204107,148205,648,-1625299,948492,677853,1046,0
4576,-5167,591,0,13214,-14922,1707,-1,1
1057589,-310712,-746878,-1,1588850,-466706,-1122146,-2,0
9100,-616874,610372,2598,17595,-1423577,1405771,-211,0
-124155,6500,120254,2599,-1456674,89863,1367647,836,0
-4576,-591,5167,0,-13214,-1707,14922,1,1
-1748,-3785,5533,0,-5047,-10929,15977,1,1
-397165,545370,-148856,-651,-1148120,1580680,-431305,1255,0
116354,230108,-345163,1299,533945,1069986,-1603304,627,0
603222,-1083591,482318,1949,903246,-1630745,727289,-210,0
32101,38511,-70613,-1,51363,61618,-112982,-1,1
-573972,983486,-411466,-1952,-946398,1626764,-679530,836,0
143005,-63053,-78003,1949,1628440,-707809,-920842,-211,0
-317862,23400,295761,1299,-1467147,113534,1354450,837,0
30000,30000,30000,90000,60000,60000,60000,180000,1
-558,202,355,-1,-16133,5853,10279,-1,1
-532370,-548621,1086190,5199,-803957,-829303,1633468,208,0
-67603,887283,-821631,-1951,-112278,1467984,-1354870,836,0
367,-556,188,-1,10608,-16060,5452,0,1
1080340,-635724,-444617,-1,1624879,-957291,-668218,-630,0
-139756,78652,62402,1298,-1627394,928382,700267,1255,0
531069,528469,-1059540,-2,820713,813172,-1633050,835,0
852181,-1009488,160556,3249,1279249,-1519515,240474,208,0
738427,319811,-1056290,1948,1113556,478226,-1591365,417,0
-102054,-553821,658474,2599,-237752,-1280717,1518258,-211,0
30000,30000,30000,90000,60000,60000,60000,180000,1
-52652,139105,-85154,1299,-624858,1620061,-994367,836,0
-48102,-912635,963986,3249,-74154,-1376236,1450388,-2,0
66302,-643525,578521,1298,148935,-1483486,1334131,-420,0
-362064,-344513,708526,1949,-834330,-798929,1633049,-210,0
-216,-344,560,0,-6250,-9943,16194,1,1
-501819,477117,25350,648,-1448714,1377701,71849,836,0
84503,810580,-896384,-1301,139927,1339996,-1479087,836,0
-256,-308,564,0,-7415,-8896,16311,0,1
167056,185256,-351014,1298,766251,866588,-1632002,837,0
367,188,-556,-1,10608,5452,-16060,0,1
141055,-90354,-49402,1299,1612939,-1029349,-584010,-420,0
60290,-62141,1850,-1,96465,-99426,2961,0,1
330212,-53953,-276261,-2,1518676,-239637,-1279041,-2,0
443,4661,-5105,-1,1281,13461,-14742,0,1
1085540,-564222,-520020,1298,1632839,-850460,-782800,-421,0
852181,-997138,149505,4548,1288675,-1513860,224973,-212,0
30000,30000,30000,90000,60000,60000,60000,180000,1
228649,-49985,-178664,0,295899,-64686,-231212,1,1
30000,30000,30000,90000,60000,60000,60000,180000,1
140,-60,-80,0,16283,-7032,-9251,0,1
781979,261959,-1041990,1948,1178074,390876,-1568532,418,0
-233359,-112455,348413,2599,-1082346,-518236,1600161,-421,0
841781,160556,-998438,3899,1278830,241103,-1518887,1046,0
-750129,1053689,-302262,1298,-1128430,1587384,-457489,1465,0
-887284,61752,827481,1949,-1461282,99499,1362200,417,0
-965937,289910,677325,1298,-1590736,476340,1114813,417,0
964636,-291861,-674076,-1301,1592201,-482207,-1110206,-212,0
-176807,351663,-172907,1949,-826580,1633677,-806261,836,0
558,-202,-355,1,16133,-5853,-10279,1,1
-891184,-52652,947085,3249,-1369952,-83999,1454787,836,0
167056,186556,-351664,1948,766041,866588,-1632002,627,0
649374,-84504,-566172,-1302,1500243,-191249,-1308576,418,0
-72803,-67603,142355,1949,-859048,-773164,1632420,208,0
279510,-703327,425765,1948,641195,-1621948,980541,-212,0
-990638,824880,168356,2598,-1524333,1269823,255556,1046,0
-421866,700726,-276911,1949,-976772,1622575,-644757,1046,0
697476,-959436,262609,649,1146653,-1581100,433817,-630,0
0,0,0,0,0,0,0,0,1
-1066690,639623,430966,3899,-1622157,972162,651460,1465,0
550570,-393265,-156656,649,1585498,-1131991,-453928,-421,0
132,410,-542,0,3813,11848,-15661,0,1
-9751,-851532,863232,1949,-16758,-1406400,1422947,-211,0
-506369,988037,-482319,-651,-837053,1633886,-795787,1046,0
-92304,-436817,529769,648,-264774,-1263749,1528312,-211,0
-291211,563571,-272361,-1,-843547,1633677,-788875,1255,0
131954,-113755,-16901,1298,1506527,-1299569,-207797,-839,0
29251,-932135,905483,2599,43151,-1435936,1392364,-421,0
-564872,245709,319811,648,-1628651,709902,918956,207,0
-295,-269,565,1,-8534,-7793,16328,1,1
-989988,826830,163806,648,-1522029,1274012,249272,1255,0
5547,-63822,58274,-1,8876,-102115,93239,0,1
-1077091,652624,427716,3249,-1620691,982007,640148,1464,0
0,0,0,0,0,0,0,0,1
332,230,-562,0,9600,6643,-16244,-1,1
945135,-935386,-7801,1948,1421062,-1408704,-12359,-1,0
704626,247659,-953586,-1301,1165506,408052,-1573350,208,0
-81904,978936,-897034,-2,-123380,1472592,-1348376,836,0
254,-658,404,0,481,-1247,766,0,1
64,77,-141,0,7415,8896,-16311,0,1
-68756,20082,48674,0,-110011,32132,77878,-1,1
986736,-435517,-551871,-652,1629278,-720377,-909321,-420,0
1059539,-576572,-481669,1298,1630744,-889422,-741743,-421,0
946435,-935386,-7801,3248,1421062,-1408285,-13197,-420,0
30000,30000,30000,90000,60000,60000,60000,180000,1
30000,30000,30000,90000,60000,60000,60000,180000,1
505,121,-626,0,957,229,-1186,0,1
-5379,1176,4203,0,-15534,3396,12138,0,1
139105,-98804,-38352,1949,1587384,-1126126,-461888,-630,0
986086,-101404,-883384,1298,1485789,-155848,-1329733,208,0
880782,-996488,117654,1948,1318421,-1494798,176166,-211,0
1000,366,-1366,0,11550,4227,-15777,0,1
-209958,1015338,-804731,649,-321122,1548003,-1225835,1046,0
-693576,956835,-264560,-1301,-1143931,1582147,-436961,1255,0
-2568,5649,-3080,1,-7415,16311,-8896,0,1
5172,-9896,4723,-1,14778,-28274,13496,0,1
0,1224,-1224,0,0,14145,-14145,0,1
132,410,-542,0,3813,11848,-15661,0,1
537,-420,-117,0,15534,-12138,-3396,0,1
-986087,106603,885333,5849,-1485790,157104,1329732,1046,0
1748,-5533,3785,0,5047,-15977,10929,-1,1
-1008838,825530,187207,3899,-1533341,1253903,280693,1255,0
890533,78002,-965287,3248,1352565,116885,-1468823,627,0
-980887,364013,617523,649,-1615035,598463,1016989,417,0
293811,-1050440,759878,3249,439054,-1582357,1143092,-211,0
-253510,-87104,341912,1298,-1173048,-397161,1570626,417,0
-492719,-190458,687075,3898,-1141208,-440731,1582356,417,0
-240416,120208,120208,0,-311126,155563,155563,0,1
980236,-875583,-102704,1949,1486837,-1329314,-157524,-1,0
4550,486218,-492069,-1301,11102,1409541,-1419806,837,0
797579,-909385,113104,1298,1311299,-1499197,187268,-630,0
-449167,1077740,-627274,1299,-678273,1626555,-947236,1046,0
510919,-990638,480367,648,838938,-1633469,793901,-630,0
1051739,-764429,-285361,1949,1579424,-1150006,-429838,-420,0
-3788,9814,-6026,0,-10823,28042,-17218,1,1
493368,188507,-684476,-2601,1142254,439892,-1581938,208,0
-137156,40301,99453,2598,-1588222,465867,1122773,418,0
182813,-226626,43812,-1,236582,-293281,56698,-1,1
-933435,12350,927584,6499,-1422111,15919,1406818,626,0
434866,642224,-1078391,-1301,656487,967344,-1623204,627,0
121554,-664325,544720,1949,277551,-1532922,1255160,-211,0
109854,24050,-131305,2599,1243429,295565,-1538577,417,0
134,-105,-29,0,15534,-12138,-3396,0,1
-166407,-761829,928234,-2,-271896,-1258931,1530826,-1,0
-298362,-267161,566171,648,-860724,-771698,1632420,-2,0
-426416,1053039,-625974,649,-657745,1624251,-965251,1255,0
378314,-707877,332162,2599,869311,-1632631,762899,-421,0
-113105,-14951,130654,2598,-1323449,-166112,1490188,627,0
-3788,9814,-6026,0,-10823,28042,-17218,1,1
-928885,-22751,955535,3899,-1395089,-37077,1432793,627,0
30000,30000,30000,90000,60000,60000,60000,180000,1
-44,510,-466,0,-1281,14742,-13461,0,1
-566172,246359,319161,-652,-1628651,711578,917699,626,0
-63053,969186,-906134,-1,-94054,1460024,-1364715,1255,0
70710,-35355,-35355,0,113137,-56568,-56568,1,1
-1053690,707876,350363,4549,-1602048,1074804,528499,1255,0
-33152,134555,-100754,649,-380612,1566227,-1184987,628,0
367,188,-556,-1,10608,5452,-16060,0,1
-3325,5625,-2300,0,-9600,16244,-6643,1,1
32101,38511,-70613,-1,51363,61618,-112982,-1,1
30000,30000,30000,90000,60000,60000,60000,180000,1
-70853,888583,-818381,-651,-117096,1470079,-1352147,836,0
-748179,934735,-186557,-1,-1233376,1544442,-310020,1046,0
30000,30000,30000,90000,60000,60000,60000,180000,1
84503,-141706,59802,2599,954567,-1625509,670312,-630,0
-57853,-887934,948385,2598,-90283,-1367229,1457720,208,0
88403,894433,-980237,2599,131967,1344186,-1475526,627,0
1073840,-494669,-579172,-1,1631582,-752007,-879576,-1,0
136505,-106604,-27952,1949,1552402,-1215571,-337252,-421,0
-549921,163806,388064,1949,-1589898,472360,1118165,627,0
-538871,120254,418615,-2,-1555335,347724,1208657,1046,0
-25351,-926285,954885,3249,-40010,-1394460,1434259,-211,0
148855,-921735,774179,1299,243407,-1520563,1276945,-211,0
228649,-178664,-49985,0,295899,-231212,-64686,1,1
1054339,-434217,-620124,-2,1624879,-670523,-954358,-2,0
260009,304211,-566172,-1952,751378,880623,-1631374,627,0
0,0,0,0,0,0,0,0,1
30000,30000,30000,90000,60000,60000,60000,180000,1
-1060190,581121,481018,1949,-1630326,893819,737972,1465,0
110,-1276,1165,-1,1281,-14742,13461,0,1
0,0,0,0,0,0,0,0,1
0,0,0,0,0,0,0,0,1
650,-122855,124804,2599,-7123,-1411218,1418130,-211,0
30000,30000,30000,90000,60000,60000,60000,180000,1
11700,115054,-125455,1299,128616,1346280,-1474060,836,0
537570,-425116,-113105,-651,1548841,-1223321,-326149,-629,0
-222115,31380,190735,0,-287443,40610,246833,0,1
-955536,924334,33801,2599,-1436564,1391317,46502,1255,0
-69840,25340,44499,-1,-111744,40544,71199,-1,1
-974387,96203,882733,4549,-1479925,142860,1337902,837,0
0,0,0,0,0,0,0,0,1
-300312,-750129,1054339,3898,-454137,-1131781,1585917,-1,0
770928,280810,-1049790,1948,1157546,419154,-1576492,208,0
425765,-703977,280810,2598,976352,-1622576,645804,-420,0
-605173,-473218,1084240,5849,-912882,-716188,1629488,418,0
4494,-9885,5391,0,12840,-28245,15404,-1,1
0,0,0,0,0,0,0,0,1
56124,-230515,174391,0,72631,-298314,225683,0,1
-451117,-245060,698776,2599,-1042337,-567671,1609797,-211,0
-1053040,341262,715676,3898,-1599743,517397,1083392,1046,0
380914,688375,-1068641,648,574164,1037518,-1611055,627,0
235308,111154,-344513,1949,1081716,518654,-1600372,-2,0
1017938,-772229,-243110,2599,1563923,-1188967,-375585,-629,0
-88,528,-439,1,-2555,15249,-12694,0,1
-893784,962036,-65003,3249,-1359897,1463585,-102433,1255,0
1027038,-822281,-202808,1949,1542347,-1236937,-305621,-211,0
0,0,0,0,0,0,0,0,1
-656,238,418,0,-1243,451,792,0,1
-962687,688375,271710,-2602,-1583405,1137855,447014,1464,0
1075790,-653925,-420566,1299,1620690,-986407,-634284,-1,0
-916535,919784,-1301,1948,-1410799,1418130,-5866,1465,0
336062,-1064090,729977,1949,502106,-1597649,1095123,-420,0
-262610,-436167,702026,3249,-607471,-1009449,1616710,-210,0
-1000,1366,-366,0,-11550,15777,-4227,0,1
848931,-999738,153405,2598,1284695,-1516373,231467,-211,0
-539521,122204,417315,-2,-1557220,353380,1204677,837,0
-538871,120254,419265,648,-1555335,347305,1208866,836,0
565,-282,-282,1,16334,-8167,-8167,0,1
659124,417965,-1075141,1948,992272,627580,-1619434,418,0
65652,-143006,78002,648,737343,-1631583,893401,-839,0
254809,-1043290,790429,1948,380402,-1566228,1185615,-211,0
-1016639,770928,248309,2598,-1564761,1187081,378936,1256,0
-333463,267160,68252,1949,-1542767,1235260,308343,836,0
-827482,-194358,1026388,4548,-1243849,-294100,1538576,627,0
1034838,-230109,-804081,648,1555753,-348144,-1207820,-211,0
127404,-120255,-5201,1948,1451855,-1374141,-78762,-1048,0
30000,30000,30000,90000,60000,60000,60000,180000,1
-549271,391314,158605,648,-1585918,1131152,455393,627,0
893133,89703,-979587,3249,1344395,131758,-1475107,1046,0
566171,-247660,-317212,1299,1628859,-714093,-915187,-421,0
65652,-642875,578521,1298,149563,-1483486,1333922,-1,0
117004,230758,-344513,3249,532270,1071243,-1603095,418,0
1080340,-636374,-443317,649,1624879,-957919,-666962,-2,0
191757,161206,-351014,1949,877481,754730,-1631374,837,0
-650675,-318512,973086,3899,-1074176,-528710,1602884,-2,0
-945136,215808,731277,1949,-1557430,354846,1203839,1255,0
519369,555770,-1073191,1948,789293,844384,-1632421,1256,0
1144,-1291,147,0,13214,-14922,1707,-1,1
-782630,-258710,1045889,4549,-1177865,-390877,1568740,-2,0
-351664,204757,148205,1298,-1625090,950587,675339,836,0
-278211,-768329,1051089,4549,-420412,-1156918,1577119,-211,0
170306,-1014689,846981,2598,253880,-1524543,1270661,-2,0
143005,-81254,-59803,1948,1628021,-925870,-702572,-421,0
-724778,-336713,1065389,3898,-1089887,-508391,1598276,-2,0
267160,-337363,70852,649,1225415,-1548423,322797,-211,0
1081640,-633124,-447217,1299,1625298,-953101,-672198,-1,0
-170307,551220,-380915,-2,-494566,1595972,-1100779,627,0
0,0,0,0,0,0,0,0,1
30000,30000,30000,90000,60000,60000,60000,180000,1
-999,1366,-366,1,-11549,15777,-4227,1,1
313311,391964,-703977,1298,725194,904922,-1629698,418,0
2955,2699,-5654,0,8534,7793,-16328,-1,1
195007,827481,-1021189,1299,292633,1245943,-1537530,1046,0
642,-1412,770,0,7415,-16311,8896,0,1
3250,486868,-491419,-1301,6493,1411636,-1417502,627,0
-876883,994537,-115705,1949,-1316955,1495425,-177214,1256,0
-605823,616873,-9101,1949,-1400535,1427975,-26185,1255,0
0,0,0,0,0,0,0,0,1
-504,29,474,-1,-14553,854,13698,-1,1
9899,-4949,-4949,1,28284,-14142,-14142,0,1
1023138,-277561,-747529,-1952,1578586,-427534,-1151262,-210,0
-632,138,493,-1,-1197,261,935,-1,1
-674726,-394565,1075790,6499,-1016153,-599302,1615662,207,0
0,-1224,1224,0,0,-14145,14145,0,1
915234,-967237,54602,2599,1372255,-1453741,80856,-630,0
156137,80252,-236390,-1,202060,103856,-305917,-1,1
-419916,-658475,1080990,2599,-629675,-990387,1620061,-1,0
481018,-499869,18850,-1,1385661,-1442010,55929,-420,0
-291211,563571,-272361,-1,-844175,1633677,-788246,1256,0
122854,861282,-984787,-651,187059,1312555,-1497730,1884,0
505,-626,121,0,957,-1186,229,0,1
-934736,31851,904833,1948,-1436774,46502,1390689,417,0
-767029,1049139,-280811,1299,-1152729,1579005,-425230,1046,0
-33,135,-102,0,-3813,15661,-11848,0,1
-457618,-598023,1059539,3898,-705923,-922518,1628650,209,0
36946,33740,-70686,0,59113,53984,-113098,-1,1
0,0,0,0,0,0,0,0,1
-806031,-94904,902883,1948,-1328686,-157733,1486837,418,0
-211908,558370,-347114,-652,-613755,1617967,-1003794,418,0
-1260,74,1186,0,-14553,854,13698,-1,1
-312012,1054989,-743628,-651,-469638,1590316,-1119632,1046,0
228158,-349714,124804,3248,1041498,-1611055,568718,-839,0
-1548,9241,-7693,0,-4424,26405,-21981,0,1
-840482,873632,-34452,-1302,-1384405,1443057,-57605,1047,0
-427717,532369,-105304,-652,-1235889,1542975,-305831,1255,0
-44852,-588923,635073,1298,-105156,-1359269,1464214,-211,0
0,0,0,0,0,0,0,0,1
492068,-1086191,597372,3249,734830,-1631374,896124,-420,0
578521,-644175,67602,1948,1331827,-1485371,153124,-420,0
-563572,1084890,-521320,-2,-847736,1633468,-784685,1047,0
-632,493,138,-1,-1197,935,261,-1,1
30000,30000,30000,90000,60000,60000,60000,180000,1
538870,-120905,-419266,-1301,1555125,-346259,-1209077,-211,0
139755,-41602,-95554,2599,1589688,-471314,-1118794,-420,0
-976987,81253,900283,4549,-1470499,120865,1350470,836,0
1055639,-433567,-619474,2598,1624670,-670523,-954358,-211,0
-64,141,-77,0,-7415,16311,-8896,0,1
917184,-139756,-780030,-2602,1514906,-229583,-1285325,-2,0
-986737,570071,417315,649,-1626556,940532,686651,627,0
-134,105,29,0,-15534,12138,3396,0,1
-550,160,389,-1,-15882,4639,11243,0,1
91,-139,47,-1,10608,-16060,5452,0,1
541,-1402,860,-1,6250,-16194,9943,-1,1
336062,225558,-562272,-652,969439,653764,-1622785,418,0
-341263,-722828,1066689,2598,-511533,-1088002,1599114,-421,0
126754,-120255,-5851,648,1453740,-1371837,-82533,-630,0
393264,-1073841,682525,1948,588408,-1614197,1025578,-211,0
33801,101403,-134556,648,388571,1180169,-1567694,1046,0
38351,908734,-947086,-1,57814,1385452,-1441801,1465,0
-2955,-2699,5654,0,-8534,-7793,16328,1,1
300961,-967887,668225,1299,493727,-1595973,1101197,-1049,0
175506,840481,-1015989,-2,264564,1264167,-1527685,1046,0
295111,-566172,272360,1299,847317,-1633469,785313,-839,0
-724778,-338013,1066039,3248,-1088421,-510485,1598695,-211,0
-132605,104653,31201,3249,-1551774,1216617,335994,837,0
-60453,-271711,334112,1948,-281532,-1252857,1534177,-212,0
-707877,346462,363363,1948,-1632631,799557,834120,1046,0
-1306,1121,184,-1,-15090,12958,2132,0,1
261959,438116,-697477,2598,602862,1013219,-1615873,208,0
-588273,-494669,1086190,3248,-884394,-746771,1631163,-2,0
-481019,497268,-16901,-652,-1387548,1440124,-51531,1045,0
-668876,-377665,1049139,2598,-1029768,-582754,1612730,208,0
-3788,9814,-6026,0,-10823,28042,-17218,1,1
8450,852181,-859983,648,12777,1408703,-1420644,836,0
30000,30000,30000,90000,60000,60000,60000,180000,1
-72803,-68253,142355,1299,-857582,-774840,1632420,-2,0
976986,-364014,-616224,-3252,1615243,-600559,-1015315,-631,0
669525,-140406,-529120,-1,1547165,-321332,-1226044,-211,0
-865183,999737,-133255,1299,-1300826,1506108,-204027,1255,0
564871,-325663,-239209,-1,1626974,-937181,-690422,-629,0
66302,-888584,822930,648,109344,-1466309,1356754,-211,0
-99454,135205,-35752,-1,-1151262,1579214,-426696,1256,0
-1076441,655224,424465,3248,-1620272,984731,636796,1255,0
297711,-966587,670175,1299,488280,-1594297,1105596,-421,0
-707877,-245060,954235,1298,-1166973,-405540,1572930,417,0
22750,-317862,296411,1299,99708,-1462120,1361991,-421,0
-81904,139105,-55903,1298,-958757,1625089,-665286,1046,0
379614,668875,-1045890,2599,584847,1028720,-1612731,836,0
564221,-324363,-240510,-652,1627393,-933620,-694193,-420,0
-2601,-488169,492718,1948,-9427,-1410171,1419177,-421,0
503118,-477118,-26001,-1,1450179,-1376027,-74992,-840,0
300311,-315262,16250,1299,1377701,-1448923,70592,-630,0
0,0,0,0,0,0,0,0,1
-842432,-132605,980886,5849,-1298103,-208426,1506946,417,0
-324363,283410,42251,1298,-1498568,1311717,187897,1046,0
133254,864532,-997788,-2,200884,1303967,-1503595,1256,0
30000,30000,30000,90000,60000,60000,60000,180000,1
330,-1355,1025,0,3813,-15661,11848,0,1
65002,-642875,579171,1298,146840,-1482648,1335388,-420,0
-1073841,689025,387414,2598,-1611474,1034166,578354,1046,0
88,-528,439,-1,2555,-15249,12694,0,1
65002,-143006,78652,648,738600,-1631583,892353,-630,0
-482,497,-14,1,-13927,14354,-427,0,1
92303,436816,-528470,649,264564,1264167,-1527685,1046,0
-1084891,469317,618173,2599,-1627813,704666,923984,837,0
482,14,-497,-1,13927,427,-14354,0,1
131954,-113755,-16901,1298,1507155,-1298731,-209054,-630,0
0,0,0,0,0,0,0,0,1
143005,-63053,-78003,1949,1628231,-706133,-922518,-420,0
121554,3250,-122205,2599,1392783,42522,-1435098,207,0
-127405,986736,-857383,1948,-195857,1502966,-1305644,1465,0
0,575,-575,0,0,1090,-1090,0,1
-493369,-590223,1087490,3898,-742791,-888374,1631373,208,0
892483,91003,-980887,2599,1342510,134481,-1476573,418,0
50051,911984,-962687,-652,75829,1375607,-1450389,1047,0
30000,30000,30000,90000,60000,60000,60000,180000,1
103,516,-620,-1,196,978,-1175,-1,1
-607773,-469968,1083590,5849,-917281,-711789,1629278,208,0
35751,286660,-319812,2599,156685,1330151,-1486000,836,0
-1038739,710476,330212,1949,-1597020,1093656,504619,1255,0
30000,30000,30000,90000,60000,60000,60000,180000,1
-31852,133905,-101404,649,-375585,1564970,-1188339,1046,0
-5851,-302912,311361,2598,-31631,-1398859,1430070,-420,0
143005,837881,-980237,649,219736,1292446,-1511136,1046,0
340612,724127,-1063440,1299,511532,1087791,-1598906,417,0
30000,30000,30000,90000,60000,60000,60000,180000,1
-795630,906783,-112455,-1302,-1311300,1499405,-186850,1255,0
559020,-208658,-352964,-2602,1614405,-595112,-1019714,-421,0
-429017,1053039,-623374,648,-661096,1624670,-962527,1047,0
313961,390014,-704627,-652,725822,904503,-1629907,418,0
-131305,-863233,1000387,5849,-201932,-1302921,1504851,-2,0
84503,56552,-138456,2599,960013,664447,-1624042,418,0
130654,866482,-996488,648,198789,1305014,-1502967,836,0
209307,-1025739,819030,2598,311695,-1544862,1232956,-211,0
-676026,518069,159905,1948,-1559944,1198393,362597,1046,0
-5851,614273,-606473,1949,-16549,1423366,-1405772,1045,0
289260,750778,-1038739,1299,439264,1143511,-1581729,1046,0
-459568,-529120,989337,649,-758082,-873921,1632001,-2,0
878832,-835932,-43552,-652,1448503,-1377912,-71012,-421,0
-976337,876232,103353,3248,-1483905,1332455,152705,1255,0
230108,-1034189,806680,2599,343325,-1554916,1211380,-211,0
100,36,-136,0,11550,4227,-15777,0,1
-409516,-293812,705926,2598,-945141,-680787,1626136,208,0
-1396,506,889,-1,-16133,5853,10279,-1,1
-70492,30441,40050,-1,-112788,48706,64081,-1,1
0,0,0,0,0,0,0,0,1
433566,-1056290,624673,1949,664237,-1625090,960222,-631,0
122204,2600,-122855,1949,1392993,41894,-1434679,208,0
-704627,296411,410815,2599,-1625927,683509,943255,837,0
210607,478417,-688376,648,485557,1108110,-1593040,627,0
-163807,1012087,-846982,1298,-246550,1522028,-1274432,1046,0
947085,-934736,-10401,1948,1422319,-1407029,-15711,-421,0
1062139,-718927,-342563,649,1600161,-1084231,-515722,208,0
-884,-4396,5281,1,-2555,-12694,15249,0,1
-1077091,433566,647424,3899,-1621948,649784,973210,1046,0
-9625,6814,2811,0,-27502,19469,8033,0,1
524569,-78653,-446567,-651,1513859,-226440,-1287420,-1,0
60290,-62141,1850,-1,96465,-99426,2961,0,1
912634,-791080,-120905,649,1502966,-1305225,-198162,-421,0
-70492,30441,40050,-1,-112788,48706,64081,-1,1
-1260,1186,74,0,-14553,13698,854,-1,1
214212,-201630,-12582,0,277216,-260933,-16283,0,1
-67603,887933,-820331,-1,-112068,1468194,-1354870,1256,0
36946,-70686,33740,0,59113,-113098,53984,-1,1
-113755,-233359,349063,1949,-529966,-1073339,1602884,-421,0
-563,243,320,0,-16283,7032,9251,0,1
367,188,-556,-1,10608,5452,-16060,0,1
-689676,481018,209957,1299,-1591365,1112718,479901,1254,0
-585672,-497269,1086840,3899,-881671,-749703,1631582,208,0
69840,-44499,-25340,1,111744,-71199,-40544,1,1
7800,302261,-306162,3899,25765,1401791,-1426719,837,0
-34452,-287961,324362,1949,-160247,-1327848,1488093,-2,0
-351664,204107,148855,1298,-1625718,946816,679738,836,0
-54,-86,140,0,-6250,-9943,16194,1,1
8008,1034,-9043,-1,22882,2956,-25838,0,1
-565522,245059,319811,-652,-1628441,709274,920004,837,0
-492719,-191758,687075,2598,-1138694,-444292,1583194,208,0
-490769,1083590,-591523,1298,-739649,1631582,-890888,1045,0
-141056,59802,80603,-651,-1628022,707598,921470,1046,0
806030,93603,-900284,-651,1331408,153543,-1484743,208,0
131954,-20151,-110505,1298,1510926,-218899,-1292028,-1,0
9100,850881,-861283,-1302,15291,1407446,-1421901,836,0
559670,-208658,-351664,-652,1615034,-598883,-1016362,-211,0
-731278,1058239,-325663,1298,-1102036,1595343,-492261,1046,0
-48752,326312,-276261,1299,-229373,1515953,-1285325,1255,0
-41562,-28760,70323,1,-66500,-46016,112517,1,1
1074490,-391315,-681226,1949,1613777,-589666,-1024322,-211,0
-936686,-3251,945785,5848,-1409752,-8170,1418549,627,0
-213859,-811881,1028988,3248,-323426,-1224578,1548841,837,0
-980237,364013,617523,1299,-1615035,598672,1016989,626,0
504,-29,-474,1,14553,-854,-13698,1,1
429666,-536271,107904,1299,1234213,-1544024,309181,-630,0
969186,-915885,-51352,1949,1451855,-1374351,-78134,-630,0
-65653,887283,-821631,-1,-109764,1467146,-1356127,1255,0
920434,-919135,650,1949,1414569,-1414570,-419,-420,0
957485,-926285,-30552,648,1437192,-1391109,-46503,-420,0
738,674,-1413,-1,8534,7793,-16328,-1,1
-1344,1050,294,0,-15534,12138,3396,0,1
482,14,-497,-1,13927,427,-14354,0,1
-8440,8699,-259,0,-24116,24856,-740,0,1
30000,30000,30000,90000,60000,60000,60000,180000,1
67249,-52548,-14701,0,107599,-84077,-23522,0,1
586321,397164,-982837,648,969439,654183,-1622576,1046,0
-332,562,-230,0,-9600,16244,-6643,1,1
-5656,2828,2828,0,-16334,8167,8167,0,1
-224259,690975,-465418,1298,-521797,1601628,-1079204,627,0
-563,320,243,0,-16283,9251,7032,0,1
141705,-90354,-49402,1949,1612311,-1031235,-581706,-630,0
723477,340612,-1063440,649,1089048,509856,-1598487,417,0
605822,476467,-1080991,1298,913510,716187,-1629070,627,0
-194358,-826831,1023788,2599,-293472,-1245106,1538367,-211,0
-537,420,117,0,-15534,12138,3396,0,1
-5500,1606,3893,-1,-15882,4639,11243,0,1
139755,-98804,-39002,1949,1586755,-1128639,-458955,-839,0
-676026,-391965,1074490,6499,-1020551,-594065,1614824,208,0
42251,-510270,468017,-2,119189,-1470708,1351308,-211,0
892483,73452,-963337,2598,1356754,109554,-1465681,627,0
237908,712426,-951636,-1302,393808,1176398,-1569579,627,0
-2164,-3443,5608,1,-6250,-9943,16194,1,1
-782630,-258710,1045239,3899,-1177865,-390667,1568740,208,0
-91654,-47452,140405,1299,-1065379,-538974,1604560,207,0
1073190,-568122,-504419,649,1632420,-864494,-767718,208,0
-990638,824880,167056,1298,-1523705,1270870,254090,1255,0
999,366,-1366,-1,11549,4227,-15777,-1,1
-1026389,822280,206707,2598,-1542138,1236517,306877,1256,0
30000,30000,30000,90000,60000,60000,60000,180000,1
-18862,-198133,216996,1,-24410,-256407,280818,1,1
-787180,-237909,1029638,4549,-1196508,-364274,1561409,627,0
-606473,616223,-8451,1299,-1401163,1427137,-24509,1465,0
-558,355,202,-1,-16133,10279,5853,-1,1
126754,-120255,-5851,648,1453530,-1372047,-82323,-840,0
-5587,3559,2027,-1,-16133,10279,5853,-1,1
-845032,995187,-148856,1299,-1285115,1515744,-229164,1465,0
1005587,-143656,-859983,1948,1510507,-217014,-1293075,418,0
85153,-141706,59152,2599,959384,-1624880,665285,-211,0
-558371,358813,200207,649,-1611055,1037518,574374,837,0
-497269,-586972,1087490,3249,-748237,-883137,1631582,208,0
195007,826830,-1021839,-2,293890,1245105,-1538158,837,0
1748,-5533,3785,0,5047,-15977,10929,-1,1
-211258,558370,-347114,-2,-613127,1618176,-1004422,627,0
156655,518069,-674076,648,361130,1199440,-1559734,836,0
318511,-25351,-292511,649,1466937,-112068,-1354870,-1,0
131954,-19501,-111155,1298,1509041,-213453,-1295170,418,0
-656525,554470,104003,1948,-1516583,1283020,234818,1255,0
567471,80603,-647425,649,1310251,189363,-1498987,627,0
-700077,438766,262609,1298,-1615244,1014685,601815,1256,0
346462,-108555,-236609,1298,1595134,-494775,-1100989,-630,0
380914,-1062140,683825,2599,574374,-1611683,1037727,418,0
-62403,968536,-906134,-1,-93844,1459815,-1364925,1046,0
577871,-644175,67602,1298,1330989,-1485581,154171,-421,0
551220,-166407,-386115,-1302,1590945,-477598,-1113976,-629,0
-67249,52548,14701,0,-107599,84077,23522,0,1
84503,55902,-139106,1299,961898,662562,-1623833,627,0
1748,3785,-5533,0,5047,10929,-15977,-1,1
-107,133,-25,1,-12420,15397,-2976,1,1
735177,-1060190,326962,1949,1103292,-1595135,491632,-211,0
115704,13650,-127405,1949,1325333,164226,-1488932,627,0
-155,-482,637,0,-293,-912,1206,1,1
91,-139,47,-1,10608,-16060,5452,0,1
-945786,216458,730627,1299,-1557849,355056,1203420,627,0
1026388,-824231,-201508,649,1541300,-1238822,-302898,-420,0
-4823,-148,4971,0,-13927,-427,14354,0,1
-1005588,145605,864532,4549,-1509461,215756,1294541,836,0
-1414,707,707,0,-16334,8167,8167,0,1
-1010138,823580,189807,3249,-1534597,1251389,284673,1465,0
-541471,662374,-118955,1948,-1253066,1534177,-279856,1255,0
-48752,326312,-276261,1299,-228326,1515534,-1285953,1255,0
-724778,-323063,1052389,4548,-1102455,-492052,1594925,418,0
102053,553820,-655225,648,234399,1283229,-1516792,836,0
430316,-1055640,627273,1949,659838,-1624252,963993,-421,0
-119605,-4551,126104,1948,-1393832,-39591,1433840,417,0
-256,564,-308,0,-7415,16311,-8896,0,1
865832,-1003638,140405,2599,1297892,-1508204,209682,-630,0
5226,-738,-4487,1,15090,-2132,-12958,0,1
-74292,-160869,235162,1,-96143,-208184,304328,1,1
-375715,1057589,-680576,1298,-573746,1612101,-1037100,1255,0
534970,549270,-1083591,649,806888,826579,-1633050,417,0
-842432,-170957,1017288,3899,-1266263,-259747,1526427,417,0
709176,-1040039,332162,1299,1088001,-1599324,510903,-420,0
1074490,-494669,-577872,1949,1631582,-752426,-879157,-1,0
170000,62224,-232224,0,220000,80525,-300525,0,1
60290,-62141,1850,-1,96465,-99426,2961,0,1
-642225,-438117,1083590,3248,-963575,-660258,1624041,208,0
-73,141,-67,1,-8534,16328,-7793,1,1
1017288,-837882,-177457,1949,1528941,-1262283,-267078,-420,0
538870,-122855,-418616,-2601,1556172,-350239,-1206354,-421,0
-5818,-4026,9845,1,-16625,-11504,28129,0,1
-504,29,474,-1,-14553,854,13698,-1,1
90353,250259,-339963,649,410775,1164039,-1574188,626,0
1064739,-350364,-711777,2598,1603094,-531433,-1072291,-630,0
-174,553,-378,1,-5047,15977,-10929,1,1
103353,553170,-655875,648,237960,1281134,-1517840,1254,0
-504,474,29,-1,-14553,13698,854,-1,1
9145,-1292,-7853,0,26131,-3691,-22439,1,1
-430,533,-103,0,-12420,15397,-2976,1,1
0,4898,-4898,0,0,14145,-14145,0,1
-9625,6814,2811,0,-27502,19469,8033,0,1
-204108,1023138,-818381,649,-307716,1543394,-1234842,836,0
-143006,1002987,-858683,1298,-215967,1510717,-1293913,837,0
-228809,1031588,-802781,-2,-344374,1555334,-1210124,836,0
-1066040,640273,429666,3899,-1621738,974047,649365,1674,0
329562,-53302,-275611,649,1518258,-237961,-1280298,-1,0
-390,-270,661,1,-739,-511,1251,1,1
-1002988,864532,139105,649,-1505481,1300825,206330,1674,0
140,-60,-80,0,16283,-7032,-9251,0,1
57206,-64597,7391,0,91529,-103355,11826,0,1
-854783,-146256,1006237,5198,-1288676,-223717,1513230,837,0
-326313,704626,-376365,1948,-757035,1632630,-874130,1465,0
-5639,3204,2435,0,-16283,9251,7032,0,1
-1062140,507669,555770,1299,-1632212,781333,852134,1255,0
274960,771578,-1046540,-2,414755,1161316,-1575235,836,0
115704,13650,-127405,1949,1323029,167787,-1490608,208,0
671475,-1075141,406265,2599,1005468,-1617968,612079,-421,0
0,0,0,0,0,0,0,0,1
0,0,0,0,0,0,0,0,1
356863,709176,-1065390,649,538763,1066425,-1604561,627,0
-289261,-31202,322412,1949,-1337693,-141814,1480134,627,0
541,860,-1402,-1,6250,9943,-16194,-1,1
370513,-980887,611672,1298,607470,-1617130,1009239,-421,0
-700077,437466,264559,1948,-1615873,1011334,605585,1046,0
-458918,-529120,989337,1299,-756825,-875387,1632001,-211,0
-1059540,312661,748828,1949,-1588432,466914,1122145,627,0
-521320,450466,70852,-2,-1504433,1302710,202979,1256,0
30000,30000,30000,90000,60000,60000,60000,180000,1
708526,360113,-1067340,1299,1066215,538554,-1604561,208,0
75402,65652,-138456,2598,859466,773373,-1632212,627,0
-37609,-186838,224447,0,-48670,-241791,290462,1,1
-18862,216996,-198133,1,-24410,280818,-256407,1,1
741677,316561,-1055640,2598,1116698,473827,-1590108,417,0
813180,-1033539,221658,1299,1218502,-1551774,332852,-420,0
-154706,351013,-195008,1299,-717235,1629906,-912045,626,0
88403,893783,-980887,1299,131548,1344605,-1475317,836,0
592822,480367,-1071891,1298,900523,730221,-1629907,837,0
-882734,-106604,993237,3899,-1325963,-162132,1488722,627,0
0,0,0,0,0,0,0,0,1
-511570,-570722,1086190,3898,-771279,-861143,1632420,-2,0
140,-80,-60,0,16283,-9251,-7032,0,1
417965,661074,-1077091,1948,627580,992272,-1619434,418,0
-395865,546670,-150156,649,-1144140,1581728,-436542,1046,0
-921085,141055,780029,-1,-1515535,231676,1284695,836,0
235308,111154,-343863,2599,1082973,517397,-1599953,417,0
783929,260659,-1041990,2598,1178912,389619,-1568113,418,0
-216,-344,560,0,-6250,-9943,16194,1,1
0,0,0,0,0,0,0,0,1
37609,-224447,186838,0,48670,-290462,241791,-1,1
710476,359463,-1067340,2599,1066844,537716,-1604352,208,0
577221,-987387,410165,-1,948492,-1626137,677015,-630,0
430,103,-533,0,12420,2976,-15397,-1,1
-209958,-479068,691625,2599,-486187,-1107483,1593249,-421,0
43,-138,94,-1,5047,-15977,10929,-1,1
-298362,-750779,1054339,5198,-451414,-1134086,1585289,-211,0
109146,130940,-240086,0,141248,169451,-310700,-1,1
-664975,1073190,-405616,2599,-1003584,1618385,-613337,1464,0
3059,6624,-9683,0,8740,18925,-27666,-1,1
0,0,0,0,0,0,0,0,1
-938636,-3251,945785,3898,-1410380,-7542,1418130,208,0
-214212,201630,12582,0,-277216,260933,16283,0,1
-1014038,839181,178106,3249,-1527475,1263958,265192,1675,0
8820,-518,-8302,0,25201,-1480,-23721,0,1
0,0,0,0,0,0,0,0,1
137,-97,-40,0,15882,-11243,-4639,0,1
-409516,-293812,705926,2598,-945141,-680577,1625926,208,0
-978287,81903,900283,3899,-1470918,121284,1350051,417,0
102053,-137806,38351,2598,1154822,-1577958,422715,-421,0
-276261,-769629,1049139,3249,-417061,-1159432,1576072,-421,0
916534,-135856,-781980,-1302,1513440,-225184,-1288048,208,0
943835,-921735,-18851,3249,1430070,-1398650,-32050,-630,0
-980887,367263,615573,1949,-1615663,603281,1013428,1046,0
284710,752728,-1038089,-651,435493,1146444,-1580472,1465,0
114,-129,14,-1,13214,-14922,1707,-1,1
5818,-9845,4026,-1,16625,-28129,11504,0,1
50701,-953586,907433,4548,72477,-1449551,1377282,208,0
262609,435516,-698127,-2,606842,1009867,-1616501,208,0
-525870,1072540,-545371,1299,-802071,1633886,-830769,1046,0
135205,-989988,859332,4549,201093,-1504643,1303758,208,0
558,-202,-355,1,16133,-5853,-10279,1,1
30000,30000,30000,90000,60000,60000,60000,180000,1
-3325,5625,-2300,0,-9600,16244,-6643,1,1
-721528,-338663,1066039,5848,-1086745,-512371,1599114,-2,0
0,0,0,0,0,0,0,0,1
947085,-934736,-9751,2598,1422110,-1407447,-14873,-210,0
-662,286,376,0,-1254,541,712,-1,1
126754,-120255,-5851,648,1454368,-1371209,-83790,-631,0
-1058240,751428,306161,-651,-1586128,1129895,457278,1045,0
-974387,98153,882083,5849,-1481601,146630,1335597,626,0
-666275,1060189,-391315,2599,-1015943,1616081,-598883,1255,0
214212,-12582,-201630,0,277216,-16283,-260933,0,1
-338663,-723478,1066689,4548,-510276,-1089049,1598905,-420,0
0,0,0,0,0,0,0,0,1
-687076,194357,494018,1299,-1583405,447852,1136179,626,0
494018,-1086841,594772,1949,738600,-1631583,892772,-211,0
41562,28760,-70323,-1,66500,46016,-112517,-1,1
-143656,917834,-775480,-1302,-236914,1518676,-1280926,836,0
-314612,-655225,969836,-1,-518236,-1082555,1600580,-211,0
61752,-968537,910034,3249,90282,-1457930,1367437,-211,0
-214212,201630,12582,0,-277216,260933,16283,0,1
558,-202,-355,1,16133,-5853,-10279,1,1
474517,-1084241,612972,3248,708646,-1629070,920422,-2,0
505,-626,121,0,957,-1186,229,0,1
36946,33740,-70686,0,59113,53984,-113098,-1,1
290560,-1049140,763128,4548,432980,-1580891,1147700,-211,0
263259,435516,-698127,648,607889,1009029,-1616501,417,0
606472,475817,-1080991,1298,914557,714930,-1628860,627,0
180056,373764,-554471,-651,518025,1082764,-1600372,417,0
128704,-541471,413415,648,369719,-1563086,1192946,-421,0
353613,-207358,-146256,-1,1625717,-947655,-678483,-421,0
-228649,178664,49985,0,-295899,231212,64686,-1,1
-570722,-514820,1088790,3248,-858001,-774630,1632630,-1,0
-843082,-134556,980886,3248,-1297265,-209683,1507574,626,0
83,-140,57,0,9600,-16244,6643,-1,1
-846332,1009487,-161207,1948,-1275061,1521609,-245084,1464,0
967886,-109205,-857383,1298,1491655,-170092,-1321354,209,0
-707877,-245060,954235,1298,-1166763,-406378,1573139,-2,0
-135856,-408216,544070,-2,-388782,-1179541,1568531,208,0
-697477,246359,453066,1948,-1609379,567670,1042545,836,0
-312662,-656525,969186,-1,-516351,-1084231,1600161,-421,0
23400,-132605,111804,2599,254299,-1524752,1270242,-211,0
39001,-956186,921734,4549,54881,-1441592,1386709,-2,0
-237456,86157,151298,-1,-307296,111497,195798,-1,1
-211908,-138456,352963,2599,-982218,-638892,1621109,-1,0
-237259,-712427,952285,2599,-392343,-1177237,1569578,-2,0
-262610,334112,-69553,1949,-1220807,1550516,-328454,1255,0
141705,-91004,-49402,1299,1612101,-1032910,-579611,-420,0
841781,137805,-976987,2599,1297473,210520,-1507575,418,0
-878833,-111805,995187,4549,-1321773,-169254,1491655,628,0
24050,-131955,111804,3899,252833,-1524124,1271289,-2,0
-223609,-784580,1011437,3248,-345211,-1210334,1555125,-420,0
434216,-1055640,624673,3249,664656,-1625090,959803,-631,0
-925635,957485,-31852,-2,-1388176,1439286,-49855,1255,0
0,0,0,0,0,0,0,0,1
125617,-240333,114716,0,162563,-311020,148456,-1,1
-565522,285360,281460,1298,-1632840,824693,809192,1045,0
-60290,-1850,62141,1,-96465,-2961,99426,0,1
-549921,390664,159255,-2,-1586128,1130314,456859,1045,0
53768,-66654,12885,-1,86030,-106647,20617,0,1
355563,-183957,-169657,1949,1632839,-843547,-789294,-2,0
-439417,986086,-547971,-1302,-725404,1630535,-904504,627,0
306161,1300,-306162,1299,1408284,12149,-1420225,208,0
632,-493,-138,1,1197,-935,-261,1,1
255459,85153,-338663,1949,1172837,397998,-1570627,208,0
-351664,205407,148205,1948,-1625090,949958,676387,1255,0
-117655,661724,-542771,1298,-275876,1532711,-1255999,836,0
-8820,8302,518,0,-25201,23721,1480,0,1
-571372,-514170,1088790,3248,-858420,-773793,1632420,207,0
-352964,157305,196307,648,-1629907,729174,901360,627,0
690325,-1073191,386764,3898,1032909,-1612731,579401,-421,0
107,-133,25,-1,12420,-15397,2976,-1,1
-8440,-259,8699,0,-24116,-740,24856,0,1
-409516,-294462,705276,1298,-945141,-680787,1626136,208,0
0,-8573,8573,0,0,-24494,24494,0,1
8450,300961,-307462,1949,32677,1398439,-1430071,1045,0
976336,-629874,-347114,-652,1610635,-1039613,-571861,-839,0
171606,-553171,382214,649,492470,-1595344,1102245,-629,0
522619,464767,-988688,-1302,865122,767507,-1632002,627,0
-237456,86157,151298,-1,-307296,111497,195798,-1,1
558,-202,-355,1,16133,-5853,-10279,1,1
757928,171606,-929535,-1,1252856,281531,-1533550,837,0
642224,438766,-1079041,1949,966506,657325,-1623204,627,0
-337363,78002,260659,1298,-1560781,365110,1196089,418,0
1037438,-711777,-323713,1948,1595972,-1097218,-499383,-629,0
506368,-35102,-471918,-652,1460862,-97824,-1362830,208,0
-911335,791079,120254,-2,-1501710,1306900,195856,1046,0
-1006888,148855,862582,4549,-1511346,220993,1291189,836,0
943835,-212558,-730628,649,1557010,-351915,-1205097,-2,0
-9625,2811,6814,0,-27502,8033,19469,0,1
-430,533,-103,0,-12420,15397,-2976,1,1
75402,-143006,68902,1298,848783,-1633469,784056,-630,0
840481,176156,-1014689,1948,1264796,263097,-1527266,627,0
614,-527,-86,1,1162,-998,-164,0,1
-976987,629873,347763,649,-1610427,1040241,571022,836,0
-221,1320,-1099,0,-2555,15249,-12694,0,1
-83854,525219,-442017,-652,-243198,1520981,-1276737,1046,0
-1017289,771578,247659,1948,-1564552,1187710,378307,1465,0
1084240,-563572,-521320,-652,1632839,-848365,-784476,-2,0
2310,7180,-9491,-1,6602,20516,-27119,-1,1
1075,257,-1333,-1,12420,2976,-15397,-1,1
-132605,104653,30551,2599,-1550727,1218921,332852,1046,0
36401,908734,-947086,-1951,56767,1385871,-1441592,1046,0
-905484,-61103,971786,5199,-1363877,-95101,1459815,837,0
176156,-681226,507669,2599,403025,-1572931,1168857,-1049,0
0,0,0,0,0,0,0,0,1
493368,591522,-1084891,-1,743628,887954,-1630955,627,0
45922,-69526,23603,-1,73476,-111242,37765,-1,1
-479718,497268,-16901,649,-1387967,1439496,-50693,836,0
63052,269110,-330863,1299,284882,1250970,-1535016,836,0
-703327,1067990,-362714,1949,-1058466,1606864,-547562,836,0
9414,-7356,-2058,0,26899,-21019,-5880,0,1
-192408,-828782,1023138,1948,-289492,-1247620,1536901,-211,0
0,575,-575,0,0,1090,-1090,0,1
48751,462817,-510920,648,137414,1341253,-1477830,837,0
-215809,-810581,1029638,3248,-327616,-1222064,1549888,208,0
-9777,3547,6229,-1,-27936,10136,17799,-1,1
103,516,-620,-1,196,978,-1175,-1,1
563,-243,-320,0,16283,-7032,-9251,0,1
-1077741,436166,645474,3899,-1622785,653345,970277,837,0
237456,-151298,-86157,1,307296,-195798,-111497,1,1
0,4898,-4898,0,0,14145,-14145,0,1
-65328,9229,56098,-1,-104525,14767,89757,-1,1
-83,140,-57,0,-9600,16244,-6643,1,1
-352314,204757,148205,648,-1625299,949539,677015,1255,0
-25351,929534,-904184,-1,-39172,1434259,-1394041,1046,0
9868,-4261,-5607,0,28197,-12176,-16020,1,1
56124,-230515,174391,0,72631,-298314,225683,0,1
30000,30000,30000,90000,60000,60000,60000,180000,1
563,-320,-243,0,16283,-9251,-7032,0,1
533019,527169,-1059540,648,822180,811287,-1633050,417,0
0,0,0,0,0,0,0,0,1
-1375,973,401,-1,-15882,11243,4639,0,1
102053,553820,-655875,-2,234399,1283439,-1516583,1255,0
-955536,924334,34451,3249,-1437193,1390689,47550,1046,0
141705,209307,-349064,1948,648527,974047,-1622157,417,0
-269761,1021838,-751429,648,-415804,1576491,-1159641,1046,0
788479,221658,-1007538,2599,1214313,339555,-1552822,1046,0
-913935,963986,-48752,1299,-1374141,1451645,-76039,1465,0
0,0,0,0,0,0,0,0,1
-129355,17550,114404,2599,-1510927,220155,1291818,1046,0
0,0,0,0,0,0,0,0,1
-5500,1606,3893,-1,-15882,4639,11243,0,1
343862,-248960,-94254,648,1581728,-1143302,-438846,-420,0
-531720,-137156,672125,3249,-1227510,-319027,1546746,209,0
632,-138,-493,1,1197,-261,-935,1,1
-18862,216996,-198133,1,-24410,280818,-256407,1,1
524569,463467,-988688,-652,867216,765413,-1632002,627,0
-27059,-43045,70105,1,-43295,-68873,112169,1,1
287310,751428,-1038089,649,438216,1143930,-1581310,836,0
-139,88,50,-1,-16133,10279,5853,-1,1
30000,30000,30000,90000,60000,60000,60000,180000,1
-5656,2828,2828,0,-16334,8167,8167,0,1
274960,-1024439,752078,2599,421040,-1577749,1156079,-630,0
30000,30000,30000,90000,60000,60000,60000,180000,1
-431617,-100104,533019,1298,-1246782,-289701,1537110,627,0
353613,-208008,-145606,-1,1625508,-949959,-675759,-210,0
-453717,516769,-63053,-1,-1312975,1498148,-183918,1255,0
-482,497,-14,1,-13927,14354,-427,0,1
330,1025,-1355,0,3813,11848,-15661,0,1
0,0,0,0,0,0,0,0,1
-154706,351663,-195008,1949,-718911,1629906,-910369,626,0
155,482,-637,0,293,912,-1206,-1,1
-1396,506,889,-1,-16133,5853,10279,-1,1
5818,-9845,4026,-1,16625,-28129,11504,0,1
1062789,-350364,-713077,-652,1602675,-530385,-1072920,-630,0
-703977,297061,409515,2599,-1626346,685604,941160,418,0
-252860,563571,-310062,649,-731270,1630744,-899057,417,0
-934085,11700,927584,5199,-1421692,15500,1407028,836,0
0,-122,122,0,0,-14145,14145,0,1
-108555,966586,-858033,-2,-166741,1491236,-1323239,1256,0
294461,-1050440,760528,4549,438845,-1582357,1143511,-1,0
930834,-25351,-903534,1949,1434468,-41895,-1392784,-211,0
-1077091,653924,427065,3898,-1620481,983055,638682,1256,0
-460218,-596723,1059539,2598,-707809,-921052,1628859,-2,0
-161207,-764429,927584,1948,-266659,-1262283,1528941,-1,0
-2568,5649,-3080,1,-7415,16311,-8896,0,1
-334763,-227509,562921,649,-966089,-657326,1623413,-2,0
172256,-553821,381564,-1,493727,-1595763,1100988,-1048,0
289910,750778,-1038739,1949,440102,1142673,-1581729,1046,0
892483,74752,-963987,3248,1355497,112067,-1466938,626,0
-5818,9845,-4026,1,-16625,28129,-11504,0,1
-403016,-143006,546670,648,-1162364,-412452,1574815,-1,0
529769,529119,-1060190,-1302,818619,815267,-1632840,1046,0
-178757,352313,-171607,1949,-831607,1633886,-801024,1255,0
-733228,1057589,-323713,648,-1104550,1594715,-488910,1255,0
330,1025,-1355,0,3813,11848,-15661,0,1
-189158,997137,-806681,1298,-291586,1538157,-1245525,1046,0
549920,-392615,-157956,-651,1585917,-1130944,-455394,-421,0
-41562,-28760,70323,1,-66500,-46016,112517,1,1
707876,361413,-1067991,1298,1063911,541486,-1604980,417,0
-167057,1012087,-845032,-2,-251158,1523704,-1271709,837,0
0,0,0,0,0,0,0,0,1
-9777,3547,6229,-1,-27936,10136,17799,-1,1
256759,-564872,310061,1948,734620,-1631374,896333,-421,0
0,0,0,0,0,0,0,0,1
771578,-1018589,248309,1298,1184149,-1566647,382287,-211,0
804730,92953,-899634,-1951,1332036,152705,-1484324,417,0
-67603,887283,-821631,-1951,-111440,1467775,-1355289,1046,0
0,0,0,0,0,0,0,0,1
-484269,-11051,496618,1298,-1396764,-34145,1431326,417,0
-62403,139755,-75403,1949,-740486,1631792,-890259,1047,0
-7000,-2562,9562,0,-20000,-7320,27320,0,1
482,14,-497,-1,13927,427,-14354,0,1
-632,493,138,-1,-1197,935,261,-1,1
669525,-1075141,408215,2599,1004212,-1618177,613545,-420,0
-5656,2828,2828,0,-16334,8167,8167,0,1
-642875,1050439,-406266,1298,-991016,1620480,-628000,1464,0
642,770,-1412,0,7415,8896,-16311,0,1
-1072541,572671,505068,5198,-1631583,869521,763737,1675,0
-976987,629223,349063,1299,-1610845,1038984,572907,1046,0
-918,1390,-472,0,-10608,16060,-5452,0,1
-525870,-461518,989337,1949,-868474,-763738,1632211,-1,0
-107255,-26001,135205,1949,-1241545,-297661,1539414,208,0
-504419,679275,-172907,1949,-1167811,1573349,-404073,1465,0
-746228,934735,-188508,-1,-1231490,1545280,-312534,1256,0
1011437,-165757,-845032,648,1523075,-250949,-1272128,-2,0
-41562,70323,-28760,1,-66500,112517,-46016,1,1
-390,-270,661,1,-739,-511,1251,1,1
-19501,130654,-109205,1948,-248435,1522866,-1273385,1046,0
706576,362063,-1068641,-2,1063492,541905,-1605190,207,0
-228649,178664,49985,0,-295899,231212,64686,-1,1
867782,-1002988,137155,1949,1300825,-1506319,205073,-421,0
-53302,-87104,141705,1299,-629885,-989968,1619852,-1,0
278210,770278,-1046540,1948,417688,1159431,-1576073,1046,0
566,17,-584,-1,1073,32,-1106,-1,1
508969,-1061490,555120,2599,779866,-1633259,852972,-421,0
30000,30000,30000,90000,60000,60000,60000,180000,1
64,77,-141,0,7415,8896,-16311,0,1
267160,-337363,72152,1949,1221854,-1550098,327824,-420,0
131304,-351014,222308,2598,599301,-1615873,1016361,-211,0
-887284,61102,828131,1949,-1460863,98661,1362829,627,0
281460,-703327,423815,1948,646851,-1622785,975514,-420,0
-738,1413,-674,1,-8534,16328,-7793,1,1
-872333,956835,-82554,1948,-1343558,1476363,-131340,1465,0
119604,863232,-983487,-651,182031,1315488,-1496054,1465,0
371813,-1067991,700076,3898,555102,-1608332,1053228,-2,0
522619,-451767,-70203,649,1504432,-1303340,-201304,-212,0
722177,341912,-1061490,2599,1088210,511113,-1598696,627,0
-8008,-1034,9043,1,-22882,-2956,25838,0,1
288610,751428,-1038739,1299,438635,1143720,-1581519,836,0
48751,913284,-960736,1299,73105,1377282,-1449133,1254,0
-20801,-109855,134555,3899,-262260,-1265006,1527265,-1,0
831,575,-1406,0,9600,6643,-16244,-1,1
-947736,22100,932134,6498,-1428395,29535,1399696,836,0
-1083591,585671,501818,3898,-1630955,880204,752006,1255,0
-458918,-528470,989337,1949,-756616,-875387,1632001,-2,0
-332813,266509,68252,1948,-1543186,1234422,309600,836,0
356863,710476,-1065390,1949,536459,1068101,-1603723,837,0
430,103,-533,0,12420,2976,-15397,-1,1
105953,-345813,242459,2599,478016,-1592202,1113347,-839,0
-2310,9491,-7180,1,-6602,27119,-20516,1,1
-698127,247009,453066,1948,-1609798,568508,1041917,627,0
614,-86,-527,1,1162,-164,-998,0,1
4576,591,-5167,0,13214,1707,-14922,-1,1
120904,-664325,544720,1299,277341,-1532922,1255369,-212,0
655874,420565,-1076441,-2,988501,632188,-1620062,627,0
1300,120904,-120905,1299,2723,1413731,-1415407,1047,0
130,-112,-18,0,15090,-12958,-2132,0,1
267810,-336713,70852,1949,1225624,-1548632,322378,-630,0
-1034839,807980,227508,649,-1552403,1215360,338088,1045,0
-74292,235162,-160869,1,-96143,304328,-208184,1,1
-144306,918484,-774830,-652,-239218,1519514,-1279250,1046,0
-878833,993237,-112455,1949,-1319469,1493540,-173025,1046,0
-479718,497918,-17551,649,-1386500,1441172,-53835,837,0
-470618,1080990,-609073,1299,-709275,1629488,-918957,1256,0
0,0,0,0,0,0,0,0,1
8440,259,-8699,0,24116,740,-24856,0,1
-565,282,282,-1,-16334,8167,8167,0,1
-74292,235162,-160869,1,-96143,304328,-208184,1,1
-957486,874282,85803,2599,-1473641,1346699,128406,1464,0
30000,30000,30000,90000,60000,60000,60000,180000,1
976986,-630524,-345813,649,1610216,-1041289,-569347,-420,0
-2955,-2699,5654,0,-8534,-7793,16328,1,1
0,0,0,0,0,0,0,0,1
0,0,0,0,0,0,0,0,1
648074,-1053040,407565,2599,993528,-1620062,625904,-630,0
30000,30000,30000,90000,60000,60000,60000,180000,1
958135,-876883,-78653,2599,1471545,-1349842,-122123,-420,0
33,-135,102,0,3813,-15661,11848,0,1
-82554,-57853,142355,1948,-960433,-663610,1624041,-2,0
-48752,951635,-903534,-651,-74573,1450807,-1375398,836,0
167056,185906,-351014,1948,764365,868264,-1632002,627,0
44851,93603,-136506,1948,505457,1092400,-1597439,418,0
657824,420565,-1075791,2598,989758,630722,-1619853,627,0
755328,-1055640,302911,2599,1130733,-1586756,455393,-630,0
588272,395214,-982837,649,972162,650831,-1622157,836,0
-839182,873632,-34452,-2,-1383777,1443685,-58862,1046,0
93603,-141056,49401,1948,1059303,-1606656,546933,-420,0
61752,-969187,910684,3249,91539,-1458349,1366809,-1,0
-273011,-58503,333462,1948,-1262283,-266031,1528522,208,0
-313962,-655875,970486,649,-517398,-1083393,1600580,-211,0
240509,711126,-951636,-1,397998,1173465,-1570836,627,0
804730,96203,-901584,-651,1329732,156476,-1485790,418,0
755978,173556,-930185,-651,1249923,285511,-1535435,-1,0
-103,-516,620,1,-196,-978,1175,1,1
65652,75402,-138456,2598,743628,888164,-1630955,837,0
-6501,-852832,860632,1299,-11731,-1408914,1420643,-2,0
1034188,-812531,-219709,1948,1550726,-1220179,-330758,-211,0
-393915,1071240,-676676,649,-594275,1615243,-1019714,1254,0
-211908,559020,-346463,649,-615431,1618595,-1002327,837,0
532369,553170,-1083591,1948,802908,830768,-1633050,626,0
-277561,-768979,1049139,2599,-417899,-1158594,1576281,-212,0
-987387,570721,417315,649,-1626346,940951,686441,1046,0
0,0,0,0,0,0,0,0,1
-8451,615573,-606473,649,-20948,1425252,-1403468,836,0
-1085541,618823,468667,1949,-1627603,927545,701105,1047,0
0,0,0,0,0,0,0,0,1
-1004938,861932,143655,649,-1507785,1297264,211567,1046,0
-648725,81903,569421,2599,-1499197,189782,1310251,836,0
1077740,-651325,-425766,649,1621318,-981380,-640359,-421,0
-724778,-338013,1065389,2598,-1088002,-511114,1598905,-211,0
288610,751428,-1038739,1299,438845,1143511,-1581729,627,0
530419,137155,-668876,-1302,1227509,319864,-1546537,836,0
0,0,0,0,0,0,0,0,1
550,-160,-389,1,15882,-4639,-11243,0,1
-165757,-187858,355563,1948,-765623,-866798,1632211,-210,0
-221,-1099,1320,0,-2555,-12694,15249,0,1
-47452,325662,-276911,1299,-226231,1514487,-1287420,836,0
-549271,390014,159905,648,-1586337,1129476,457488,627,0
-8451,616223,-605823,1949,-21786,1425880,-1403258,836,0
182813,-226626,43812,-1,236582,-293281,56698,-1,1
1011437,-824231,-183957,3249,1534387,-1252647,-281741,-1,0
156137,80252,-236390,-1,202060,103856,-305917,-1,1
326312,-286011,-39002,1299,1498148,-1312975,-185593,-420,0
564221,-325013,-240510,-1302,1627393,-933830,-693984,-421,0
131954,-113755,-16901,1298,1505689,-1300826,-205703,-840,0
532369,553170,-1083591,1948,802489,831397,-1632840,1046,0
1064089,-720227,-341913,1949,1599742,-1085069,-515094,-421,0
-537,117,420,0,-15534,3396,12138,0,1
-1057590,752078,306811,1299,-1586128,1129476,457697,1045,0
0,0,0,0,0,0,0,0,1
-409516,1075140,-664975,649,-616688,1618595,-1000861,1046,0
661074,403665,-1063440,1299,1004421,613545,-1617339,627,0
-6429,9733,-3304,0,-18369,27810,-9441,0,1
306161,1950,-306162,1949,1405771,16967,-1422739,-1,0
-618824,1080340,-459568,1948,-932363,1628231,-694612,1256,0
290560,29251,-319162,649,1338739,140765,-1479297,207,0
-844382,995187,-148856,1949,-1285534,1515744,-228954,1256,0
-234009,-112455,348413,1949,-1084231,-515932,1599742,-421,0
522,-73,-448,1,15090,-2132,-12958,0,1
16507,51291,-67798,0,26411,82066,-108478,-1,1
689025,-1073841,388064,3248,1030605,-1613150,581915,-630,0
-247660,1038738,-791080,-2,-372443,1564132,-1190643,1046,0
48101,585021,-633774,-652,109973,1356964,-1465890,1047,0
1144,147,-1291,0,13214,1707,-14922,-1,1
-296412,-752079,1053689,5198,-448691,-1136180,1584660,-211,0
-1052390,342562,715026,5198,-1600162,518654,1082345,837,0
494668,-1086841,594772,2599,739019,-1631583,891934,-630,0
27059,43045,-70105,-1,43295,68873,-112169,-1,1
566171,-286661,-281461,-1951,1633049,-823438,-809822,-211,0
34451,101403,-133906,1948,387105,1181425,-1567275,1255,0
-878833,993237,-113755,649,-1319050,1493959,-173444,1465,0
-190458,-164457,355563,648,-878738,-753055,1631582,-211,0
256759,83203,-338663,1299,1176398,392761,-1568951,208,0
30000,30000,30000,90000,60000,60000,60000,180000,1
663674,399764,-1062790,648,1008820,608099,-1616292,627,0
0,0,0,0,0,0,0,0,1
109204,24050,-131305,1949,1244686,294099,-1537949,836,0
-614924,1080340,-464118,1298,-926498,1628650,-700896,1256,0
-924985,956835,-30552,1298,-1389223,1438448,-47970,1255,0
11061,-66014,54952,-1,17698,-105622,87924,0,1
0,0,0,0,0,0,0,0,1
378314,-1060840,687075,4549,569975,-1611264,1041079,-210,0
-1080991,635723,447216,1948,-1624461,955823,669893,1255,0
5226,-4487,-738,1,15090,-12958,-2132,0,1
-560321,206707,352963,-651,-1614825,596997,1018456,628,0
-114405,-233359,349063,1299,-531852,-1071872,1603303,-421,0
-114,-14,129,1,-13214,-1707,14922,1,1
-120905,-861283,988037,5849,-187479,-1311928,1499405,-2,0
0,0,0,0,0,0,0,0,1
-1076441,414715,665624,3898,-1618596,622971,996252,627,0
48751,462817,-511570,-2,139508,1340206,-1478668,1046,0
431,-653,221,-1,817,-1237,420,0,1
918,472,-1390,0,10608,5452,-16060,0,1
-967237,912634,55252,649,-1452275,1373093,80646,1464,0
-68756,48674,20082,0,-110011,77878,32132,-1,1
850881,-1010138,161206,1949,1277783,-1520563,242778,-2,0
839181,176156,-1014689,648,1264586,263307,-1527475,418,0
36946,-70686,33740,0,59113,-113098,53984,-1,1
-82554,139105,-55253,1298,-959176,1625089,-664657,1256,0
-666925,1060189,-390665,2599,-1017200,1615872,-597417,1255,0
911984,-791730,-120255,-1,1502338,-1305853,-196905,-420,0
8820,-8302,-518,0,25201,-23721,-1480,0,1
-720878,-339963,1066689,5848,-1085278,-514256,1599742,208,0
306811,1300,-306162,1949,1409122,10473,-1419597,-2,0
9100,-616224,610372,3248,16967,-1423367,1405980,-420,0
-1063440,720877,345162,2599,-1599534,1084021,516559,1046,0
-41602,136505,-94254,649,-498964,1597019,-1097009,1046,0
-750779,1053689,-302262,648,-1129477,1586965,-456232,1256,0
-69840,44499,25340,-1,-111744,71199,40544,-1,1
-91,-47,139,1,-10608,-5452,16060,0,1
655224,422515,-1075791,1948,986406,634492,-1620481,417,0
-46802,-588273,635073,-2,-109764,-1356755,1466099,-420,0
958135,-875583,-80604,1948,1472802,-1347957,-125684,-839,0
-573322,983486,-411466,-1302,-945979,1626555,-679739,837,0
128054,-9101,-116355,2598,1457929,-91540,-1366181,208,0
-5172,-4723,9896,1,-14778,-13496,28274,0,1
-1396,506,889,-1,-16133,5853,10279,-1,1
-132605,104003,30551,1949,-1552822,1214313,339345,836,0
-9625,2811,6814,0,-27502,8033,19469,0,1
179406,373113,-554471,-1952,518025,1082554,-1600372,207,0
369863,183306,-555771,-2602,1069777,533945,-1603304,418,0
1033538,-227509,-806031,-2,1554077,-342698,-1211800,-421,0
8820,-518,-8302,0,25201,-1480,-23721,0,1
346462,-108555,-237259,648,1594087,-490376,-1104131,-420,0
-484269,-12351,497268,648,-1396345,-35401,1431955,209,0
30000,30000,30000,90000,60000,60000,60000,180000,1
989337,-500519,-490119,-1301,1632839,-826580,-806889,-630,0
0,0,0,0,0,0,0,0,1
685775,-195658,-490769,-652,1583822,-447853,-1136390,-421,0
299011,265859,-564872,-2,863027,770021,-1632212,836,0
-55903,-888584,947735,3248,-87770,-1368905,1456254,-421,0
300961,-315262,16900,2599,1377073,-1449342,71639,-630,0
558370,-206708,-353614,-1952,1614405,-593646,-1020970,-211,0
-460868,-54603,516119,648,-1328057,-158781,1487465,627,0
4576,591,-5167,0,13214,1707,-14922,-1,1
530419,531719,-1059540,2598,817362,816315,-1632840,837,0
-5172,-4723,9896,1,-14778,-13496,28274,0,1
-11061,66014,-54952,1,-17698,105622,-87924,0,1
-140,80,60,0,-16283,9251,7032,0,1
235308,111154,-344513,1949,1082345,518235,-1600162,418,0
-257410,-783930,1044589,3249,-386687,-1181217,1568112,208,0
-965287,291210,676025,1948,-1591155,477807,1113766,418,0
366613,-557721,191757,649,1054485,-1608122,552798,-839,0
-9777,6229,3547,-1,-27936,17799,10136,-1,1
114,-129,14,-1,13214,-14922,1707,-1,1
-67249,14701,52548,0,-107599,23522,84077,0,1
128054,-9751,-116355,1948,1458139,-92587,-1365762,-210,0
131304,-351014,222308,2598,598672,-1615873,1016780,-421,0
301,-663,362,0,571,-1256,685,0,1
-67249,52548,14701,0,-107599,84077,23522,0,1
537,69,-607,-1,1018,131,-1149,0,1
657824,-556421,-100104,1299,1516582,-1283440,-233563,-421,0
1056939,-312012,-745578,-651,1589269,-469429,-1120260,-420,0
-1084891,620773,466067,1949,-1627184,931943,696496,1255,0
-109205,967236,-856733,1298,-169254,1492283,-1321773,1256,0
-911985,965286,-52002,1299,-1371418,1454159,-81276,1465,0
-169657,550570,-382215,-1302,-491423,1595134,-1102665,1046,0
41562,28760,-70323,-1,66500,46016,-112517,-1,1
-67249,52548,14701,0,-107599,84077,23522,0,1
-5587,2027,3559,-1,-16133,5853,10279,-1,1
738,674,-1413,-1,8534,7793,-16328,-1,1
254809,-564872,312011,1948,729383,-1630745,900942,-420,0
30000,30000,30000,90000,60000,60000,60000,180000,1
87753,808630,-898334,-1951,146211,1336435,-1481601,1045,0
-974387,96853,882733,5199,-1480553,144536,1337064,1047,0
-228649,178664,49985,0,-295899,231212,64686,-1,1
0,0,0,0,0,0,0,0,1
-460868,-54603,515469,-2,-1329314,-156896,1486627,417,0
130,-18,-112,0,15090,-2132,-12958,0,1
1306,-184,-1121,1,15090,-2132,-12958,0,1
-139,88,50,-1,-16133,10279,5853,-1,1
-20801,130654,-108555,1298,-251787,1523704,-1271290,627,0
47451,913284,-961387,-652,72687,1377492,-1448923,1256,0
140,-60,-80,0,16283,-7032,-9251,0,1
135855,-31202,-104004,649,1553449,-340394,-1213266,-211,0
30000,30000,30000,90000,60000,60000,60000,180000,1
147555,-1004938,859982,2599,220155,-1511765,1291818,208,0
73,67,-141,-1,8534,7793,-16328,-1,1
-32502,-102704,137805,2599,-388572,-1179541,1568322,209,0
16507,-67798,51291,0,26411,-108478,82066,-1,1
140,-60,-80,0,16283,-7032,-9251,0,1
-347114,225558,122854,1298,-1608332,1048829,560129,626,0
30000,30000,30000,90000,60000,60000,60000,180000,1
-965287,289260,677975,1948,-1590527,475084,1116279,836,0
-102054,342562,-239859,649,-476132,1591782,-1114814,836,0
-838532,-157956,1002987,6499,-1276946,-242989,1520352,417,0
345812,-107905,-237259,648,1593668,-488491,-1105597,-420,0
505068,-1060840,558370,2598,773582,-1633259,858838,-839,0
-733228,1044589,-310062,1299,-1115443,1591364,-474666,1255,0
74752,-143006,68902,648,849202,-1633469,783637,-630,0
-20801,-110505,133905,2599,-256605,-1268777,1525380,-2,0
918,472,-1390,0,10608,5452,-16060,0,1
384814,596722,-982187,-651,636168,984940,-1620691,417,0
52,547,-599,0,98,1037,-1136,-1,1
3250,487518,-490769,-1,8169,1411008,-1418131,1046,0
767678,282110,-1049790,-2,1156708,420202,-1576492,418,0
1950,940585,-941886,649,2304,1413940,-1415198,1046,0
-254,-404,658,0,-481,-766,1247,0,1
-785880,-255460,1044589,3249,-1181426,-385849,1567484,209,0
436816,643524,-1078391,1949,657115,966716,-1623204,627,0
54,86,-140,0,6250,9943,-16194,-1,1
-1006888,146905,863232,3249,-1510718,219108,1292446,836,0
222958,-947086,724777,649,365948,-1561829,1195460,-421,0
461517,620123,-1079691,1949,694611,933200,-1627394,417,0
-82554,-57853,141705,1298,-961899,-662144,1623832,-211,0
-98804,135855,-36402,649,-1149377,1580052,-429629,1046,0
-596723,1080340,-484269,-652,-898638,1630744,-731060,1046,0
451766,243759,-695527,-2,1045059,564738,-1609170,627,0
998437,-192408,-805381,648,1539833,-298499,-1241126,208,0
417965,661074,-1077091,1948,627161,992691,-1619434,418,0
99,-136,36,-1,11549,-15777,4227,-1,1
891833,91003,-980887,1949,1342510,134690,-1476573,627,0
-202808,351013,-146906,1299,-939276,1627183,-686861,1046,0
9625,-6814,-2811,0,27502,-19469,-8033,0,1
30000,30000,30000,90000,60000,60000,60000,180000,1
841781,139105,-978287,2599,1296426,212195,-1508204,417,0
432266,99453,-531720,-1,1246990,289700,-1536692,-2,0
-573972,983486,-410816,-1302,-946817,1626555,-678901,837,0
280160,-702677,425115,2598,642243,-1622366,979494,-629,0
74292,-235162,160869,-1,96143,-304328,208184,-1,1
-352964,157305,196307,648,-1629698,727498,902827,627,0
-566,-17,584,1,-1073,-32,1106,1,1
-1020539,191107,832031,2599,-1535016,285930,1250132,1046,0
-118305,661724,-542771,648,-275038,1532502,-1256208,1256,0
0,0,0,0,0,0,0,0,1
1073190,-390665,-682526,-1,1613568,-588200,-1025788,-420,0
1062139,-718927,-341913,1299,1600161,-1083812,-516560,-211,0
969836,-112455,-854783,2598,1493540,-175539,-1318212,-211,0
1019238,-185907,-830732,2599,1534387,-282370,-1251600,417,0
-1051090,765728,287310,1948,-1578587,1151052,428790,1255,0
231408,-1034839,805380,1949,345001,-1555545,1210123,-421,0
-731278,1058239,-326313,648,-1101827,1595343,-492052,1464,0
70710,-35355,-35355,0,113137,-56568,-56568,1,1
-133906,104653,30551,1298,-1552193,1215360,337879,1046,0
-831382,-191108,1025088,2598,-1246782,-289492,1537110,836,0
-237456,86157,151298,-1,-307296,111497,195798,-1,1
-1086841,564221,523919,1299,-1632212,848364,785103,1255,0
-495319,-589573,1087490,2598,-744257,-886908,1631373,208,0
-61753,640273,-577872,648,-145584,1482228,-1335598,1046,0
551220,-167057,-386765,-2602,1591154,-477179,-1113976,-1,0
0,0,0,0,0,0,0,0,1
-703977,1067990,-362064,1949,-1058885,1606655,-547143,627,0
-1072541,495968,580471,3898,-1631164,753054,879366,1256,0
6429,-9733,3304,0,18369,-27810,9441,0,1
30000,30000,30000,90000,60000,60000,60000,180000,1
30000,30000,30000,90000,60000,60000,60000,180000,1
-114,-14,129,1,-13214,-1707,14922,1,1
-330213,1060839,-729328,1298,-497917,1596810,-1097847,1046,0
-126,7,118,-1,-14553,854,13698,-1,1
30000,30000,30000,90000,60000,60000,60000,180000,1
30000,30000,30000,90000,60000,60000,60000,180000,1
299011,-1043940,748178,3249,448481,-1584871,1136179,-211,0
-572672,983486,-411466,-652,-945351,1626974,-680368,1255,0
-85804,525219,-441367,-1952,-246550,1522028,-1274642,836,0
-457,516,-59,0,-13214,14922,-1707,1,1
899633,-977637,79952,1948,1351098,-1470918,119608,-212,0
9868,-5607,-4261,0,28197,-16020,-12176,1,1
-21850,-47314,69165,1,-34961,-75703,110664,0,1
-1409,801,608,0,-16283,9251,7032,0,1
216458,-1019239,806030,3249,324892,-1549260,1224158,-210,0
3325,2300,-5625,0,9600,6643,-16244,-1,1
68756,-48674,-20082,0,110011,-77878,-32132,1,1
-878833,993237,-113105,1299,-1319888,1493540,-172606,1046,0
41562,28760,-70323,-1,66500,46016,-112517,-1,1
213207,135855,-349064,-2,984102,637215,-1620691,626,0
625973,-29902,-596723,-652,1446408,-66822,-1379797,-211,0
1075,257,-1333,-1,12420,2976,-15397,-1,1
30000,30000,30000,90000,60000,60000,60000,180000,1
-60453,967886,-907434,-1,-91121,1458348,-1366391,836,0
-427066,532369,-105304,-1,-1235051,1543604,-307506,1047,0
-888584,-75403,969836,5849,-1351728,-117305,1469660,627,0
30000,30000,30000,90000,60000,60000,60000,180000,1
-451767,1067339,-614924,648,-688956,1627602,-937391,1255,0
0,0,0,0,0,0,0,0,1
-2310,9491,-7180,1,-6602,27119,-20516,1,1
-203458,-809931,1017938,4549,-311696,-1232957,1544861,208,0
30000,30000,30000,90000,60000,60000,60000,180000,1
378964,-707877,332162,3249,869102,-1632840,763318,-420,0
-731278,1058239,-326313,648,-1102246,1595343,-491842,1255,0
370513,183306,-555121,-1302,1070405,532689,-1603304,-210,0
-4551,-937986,945785,3248,-8798,-1410380,1418967,-211,0
999,366,-1366,-1,11549,4227,-15777,-1,1
239675,-103501,-136173,1,310167,-133943,-176224,0,1
30000,30000,30000,90000,60000,60000,60000,180000,1
-70710,35355,35355,0,-113137,56568,56568,-1,1
-67249,14701,52548,0,-107599,23522,84077,0,1
-18862,-198133,216996,1,-24410,-256407,280818,1,1
0,0,0,0,0,0,0,0,1
370513,183956,-555121,-652,1069148,534364,-1603514,-2,0
-276911,700726,-421216,2599,-642034,1622365,-979285,1046,0
-218409,-341913,562271,1949,-632608,-987874,1620480,-2,0
-27059,-43045,70105,1,-43295,-68873,112169,1,1
65328,-56098,-9229,1,104525,-89757,-14767,1,1
986086,-432917,-555121,-1952,1628859,-714302,-914977,-420,0
-1041340,783279,261309,3248,-1568113,1178283,391294,1464,0
-776,8935,-8158,1,-2219,25528,-23309,0,1
9145,-1292,-7853,0,26131,-3691,-22439,1,1
30000,30000,30000,90000,60000,60000,60000,180000,1
130,-112,-18,0,15090,-12958,-2132,0,1
-459568,-597373,1059539,2598,-707180,-921471,1628650,-1,0
0,0,0,0,0,0,0,0,1
-5500,3893,1606,-1,-15882,11243,4639,0,1
-785230,-241160,1030938,4548,-1192947,-369091,1562666,628,0
-1057590,434216,624673,1299,-1624042,666751,958128,837,0
960085,-690326,-271061,-1302,1583194,-1137856,-445968,-630,0
-501169,475817,26000,648,-1449342,1376863,73524,1045,0
-114405,-232709,349713,2599,-531014,-1072501,1603094,-421,0
-5547,63822,-58274,1,-8876,102115,-93239,0,1
-683176,1071240,-386765,1299,-1029140,1613568,-582963,1465,0
828131,-1027689,202157,2599,1239030,-1541719,302478,-211,0
-351014,1041339,-689676,649,-541068,1605817,-1063912,837,0
-1548,9241,-7693,0,-4424,26405,-21981,0,1
-3251,-488819,492718,648,-10474,-1409752,1419596,-630,0
-789780,1023788,-232059,1949,-1201745,1559105,-356104,1256,0
-353614,1041339,-687076,649,-545258,1606446,-1060561,627,0
-400,-146,546,0,-11550,-4227,15777,0,1
866482,-1003638,138455,1299,1299359,-1507366,207587,-420,0
642224,440066,-1079691,2599,964621,659629,-1623414,836,0
-352964,157955,196307,1298,-1629698,729383,901151,836,0
537,-117,-420,0,15534,-3396,-12138,0,1
-537,-69,607,1,-1018,-131,1149,0,1
-674726,-395215,1075140,5199,-1016153,-598883,1615872,836,0
312661,-1056290,747528,3899,466076,-1589270,1122564,-630,0
-1074491,391314,686425,3248,-1612940,586732,1027044,836,0
891833,76702,-964637,3898,1353612,115209,-1468195,626,0
-1306,184,1121,-1,-15090,2132,12958,0,1
947085,-15601,-928885,2599,1427765,-27022,-1400744,-1,0
-656,418,238,0,-1243,792,451,0,1
-330213,52651,278210,648,-1520563,244873,1276107,417,0
0,0,0,0,0,0,0,0,1
256,-564,308,0,7415,-16311,8896,0,1
497918,589572,-1084891,2599,748445,883346,-1631164,627,0
-5379,4203,1176,0,-15534,12138,3396,0,1
0,0,0,0,0,0,0,0,1
62402,269110,-330213,1299,281321,1253275,-1533760,836,0
598672,26650,-623374,1948,1382938,61166,-1443686,418,0
494018,-1086841,595422,2599,738810,-1631374,892563,-1,0
632,-493,-138,1,1197,-935,-261,1,1
52,-599,547,0,98,-1136,1037,-1,1
532369,-1075791,547320,3898,804165,-1633678,829930,417,0
904183,67602,-969187,2598,1362410,99080,-1461282,208,0
0,0,0,0,0,0,0,0,1
-664975,1060839,-393265,2599,-1014267,1616500,-600978,1255,0
-705927,1036788,-330213,648,-1087792,1599742,-510485,1465,0
-314612,1055639,-741028,-1,-473199,1591154,-1116699,1256,0
139105,-98804,-39652,649,1587593,-1125288,-462935,-630,0
4576,591,-5167,0,13214,1707,-14922,-1,1
452416,-1079691,631173,3898,676596,-1626137,949749,208,0
-807981,-92304,901583,1298,-1330990,-153753,1484951,208,0
-256760,-784580,1044589,3249,-386268,-1181426,1567903,209,0
442666,-989338,547320,648,727289,-1630536,902827,-420,0
890533,53301,-942536,1298,1372465,80228,-1452275,418,0
196307,826830,-1021189,1948,294309,1244896,-1538158,1047,0
-522,448,73,-1,-15090,12958,2132,0,1
105303,-346463,242459,1299,476131,-1591574,1114813,-630,0
522,-448,-73,1,15090,-12958,-2132,0,1
-328913,52001,278860,1948,-1518677,240474,1278830,627,0
102053,35101,-134556,2598,1157127,419573,-1576282,418,0
592,-557,-34,1,1121,-1055,-65,1,1
-347,664,-317,0,-657,1258,-600,1,1
1017288,-837232,-178757,1299,1529779,-1260817,-269173,-211,0
1052389,-339313,-712427,649,1600161,-516979,-1083393,-211,0
273660,56552,-329563,649,1262072,267077,-1528523,626,0
-155356,-518720,676675,2599,-359875,-1199860,1559733,-2,0
-347,664,-317,0,-657,1258,-600,1,1
-1004938,862582,141705,-651,-1507575,1297892,210520,837,0
-175507,-840482,1019238,3249,-264146,-1263959,1528103,-2,0
22750,109204,-130655,1299,256813,1269195,-1524962,1046,0
156137,80252,-236390,-1,202060,103856,-305917,-1,1
-977637,631173,345812,-652,-1610008,1042126,568718,836,0
-598673,-25351,626623,2599,-1382939,-60119,1443476,418,0
-343863,105953,240509,2599,-1594716,493936,1101616,836,0
213858,-560972,349063,1949,612707,-1617968,1005049,-212,0
-445917,-620774,1072540,5849,-679320,-946817,1626345,208,0
-378965,-686426,1071890,6499,-574375,-1037100,1611473,-2,0
30000,30000,30000,90000,60000,60000,60000,180000,1
30000,30000,30000,90000,60000,60000,60000,180000,1
-1036139,232058,806680,2599,-1555126,347096,1209076,1046,0
-67249,14701,52548,0,-107599,23522,84077,0,1
61102,-967887,911334,4549,89235,-1457511,1367856,-420,0
1084240,-564872,-520020,-652,1632630,-850669,-782590,-629,0
-573972,1057589,-483619,-2,-883975,1632001,-746771,1255,0
-116355,661074,-543421,1298,-271477,1531245,-1258512,1256,0
5040,-4744,-296,0,14553,-13698,-854,1,1
-205,-444,650,1,-388,-842,1231,1,1
237258,713076,-950986,-652,392761,1177236,-1568951,1046,0
-592,557,34,-1,-1121,1055,65,-1,1
-20801,-110505,134555,3249,-258071,-1267939,1525799,-211,0
469,172,-642,-1,889,325,-1215,-1,1
-253510,563571,-309412,649,-733574,1630954,-896544,836,0
0,0,0,0,0,0,0,0,1
-655225,-419266,1079690,5199,-986826,-633446,1620480,208,0
689025,-1073841,388714,3898,1029767,-1613359,582962,-630,0
-60290,-1850,62141,1,-96465,-2961,99426,0,1
8820,-518,-8302,0,25201,-1480,-23721,0,1
49401,-952936,908084,4549,72268,-1449551,1377701,418,0
880782,-995838,117004,1948,1319468,-1493960,174281,-211,0
-722178,-339313,1066689,5198,-1086116,-513418,1599533,-1,0
-128705,986086,-857383,-2,-195857,1502966,-1305853,1256,0
92003,146356,-238359,0,119063,189402,-308465,0,1
-45922,69526,-23603,1,-73476,111242,-37765,1,1
1144,-1291,147,0,13214,-14922,1707,-1,1
1075,257,-1333,-1,12420,2976,-15397,-1,1
30000,30000,30000,90000,60000,60000,60000,180000,1
670175,-1075141,406915,1949,1005468,-1618177,612288,-421,0
30000,30000,30000,90000,60000,60000,60000,180000,1
30000,30000,30000,90000,60000,60000,60000,180000,1
-480368,497918,-18851,-1301,-1385034,1442638,-56558,1046,0
968536,-108555,-857383,2598,1491655,-170302,-1321145,208,0
-1030939,260009,777429,6499,-1568741,392551,1177236,1046,0
103,516,-620,-1,196,978,-1175,-1,1
407565,295761,-703327,-1,941579,685394,-1626137,836,0
1033538,-260660,-771579,1299,1570207,-396113,-1173885,209,0
0,0,0,0,0,0,0,0,1
1073840,-570722,-502469,649,1632211,-867846,-764157,208,0
36946,33740,-70686,0,59113,53984,-113098,-1,1
-9101,614923,-605823,-1,-23042,1426508,-1402420,1046,0
-1748,-3785,5533,0,-5047,-10929,15977,1,1
0,0,0,0,0,0,0,0,1
-1375,401,973,-1,-15882,4639,11243,0,1
-84504,525219,-441367,-652,-246550,1522238,-1274851,837,0
30000,30000,30000,90000,60000,60000,60000,180000,1
0,0,0,0,0,0,0,0,1
-139106,88403,51351,648,-1611683,1033328,579191,836,0
-72153,139105,-66303,649,-850041,1633468,-781962,1465,0
-140406,59802,81253,649,-1627813,703828,924402,417,0
505068,-1061490,559020,2598,773163,-1633050,859466,-421,0
-558,202,355,-1,-16133,5853,10279,-1,1
-502469,475817,27301,649,-1451856,1374140,79180,1464,0
-113105,-14951,130654,2598,-1321354,-169673,1491655,628,0
455667,601272,-1056290,649,702780,925869,-1628022,627,0
0,0,0,0,0,0,0,0,1
-460218,-55903,516119,-2,-1326172,-161923,1488512,417,0
-297062,1040038,-743628,-652,-451414,1585917,-1133038,1465,0
0,0,0,0,0,0,0,0,1
-70492,30441,40050,-1,-112788,48706,64081,-1,1
0,0,0,0,0,0,0,0,1
-45922,69526,-23603,1,-73476,111242,-37765,1,1
354263,-1043290,691625,2598,541905,-1605818,1063492,-421,0
-194500,219631,-25130,1,-251707,284228,-32521,0,1
30000,30000,30000,90000,60000,60000,60000,180000,1
-1008188,824880,187207,3899,-1533341,1253694,281112,1465,0
-657175,-416666,1080340,6499,-989759,-630304,1619852,-211,0
-978287,82553,899633,3899,-1470918,122122,1349841,1045,0
136505,-107255,-26651,2599,1551354,-1217875,-334109,-630,0
-940586,741677,196957,-1952,-1548004,1225205,324054,1255,0
416665,661724,-1076441,1948,626532,993319,-1619224,627,0
558370,-360114,-198908,-652,1611054,-1038147,-573327,-420,0
-132,-410,542,0,-3813,-11848,15661,0,1
4576,591,-5167,0,13214,1707,-14922,-1,1
-1062140,330862,733877,2599,-1595135,496659,1099312,836,0
-171607,677975,-505719,649,-399465,1571673,-1171372,836,0
129354,-542771,412765,-652,371814,-1563924,1191271,-839,0
1086190,-562922,-521320,1948,1632839,-848365,-784685,-211,0
0,-940586,943835,3249,-1257,-1414151,1415406,-2,0
-1396,889,506,-1,-16133,10279,5853,-1,1
-976987,629873,348413,1299,-1610636,1039612,572069,1045,0
889883,76052,-964637,1298,1353612,115209,-1467985,836,0
141,-70,-70,1,16334,-8167,-8167,0,1
47451,-952286,908734,3899,68707,-1448085,1379168,-210,0
-256760,-785230,1044589,2599,-385011,-1182264,1567484,209,0
5818,-9845,4026,-1,16625,-28129,11504,0,1
4823,148,-4971,0,13927,427,-14354,0,1
-992588,505068,486218,-1302,-1632840,833282,800604,1046,0
62402,269110,-330863,649,282159,1252856,-1533969,1046,0
256759,785879,-1042640,-2,387733,1180797,-1567485,1045,0
-141056,69552,70852,-652,-1632631,823437,810240,1046,0
-98804,135205,-35752,649,-1150215,1579633,-428372,1046,0
-213208,-137806,352963,1949,-985779,-635122,1620480,-421,0
-83204,-57853,141705,648,-963365,-660468,1623832,-1,0
1066689,-642225,-425116,-652,1622156,-975515,-646852,-211,0
-118955,-863233,986736,4548,-184336,-1313604,1498148,208,0
12350,115054,-125455,1949,128197,1346699,-1473850,1046,0
-39002,956835,-917835,-2,-58234,1443476,-1384405,837,0
-531720,-526520,1062139,3899,-819667,-813592,1633049,-210,0
390,-661,270,-1,739,-1251,511,-1,1
0,0,0,0,0,0,0,0,1
-1548,-7693,9241,0,-4424,-21981,26405,0,1
-598673,1080340,-481669,-2,-902618,1630535,-726871,1046,0
-99454,-36402,138455,2599,-1156499,-420203,1576700,-2,0
107,-133,25,-1,12420,-15397,2976,-1,1
88403,808630,-897034,-1,145583,1336645,-1481601,627,0
-204988,211281,-6293,0,-265279,273423,-8144,0,1
-326313,704626,-377015,1298,-757454,1632630,-873921,1255,0
706576,-393265,-312012,1299,1629697,-907227,-722472,-2,0
-70710,35355,35355,0,-113137,56568,56568,-1,1
66952,75402,-138456,3898,743628,887954,-1630955,627,0
44851,92953,-135856,1948,509437,1089676,-1598277,836,0
-52,-547,599,0,-98,-1037,1136,1,1
973736,-91004,-880133,2599,1478877,-139300,-1339369,208,0
-154706,351663,-195008,1949,-717863,1629906,-911207,836,0
1144,-1291,147,0,13214,-14922,1707,-1,1
114,-129,14,-1,13214,-14922,1707,-1,1
-469968,1080990,-611023,-1,-707809,1629278,-920005,1464,0
642874,438116,-1079691,1299,966925,656487,-1622995,417,0
0,-8573,8573,0,0,-24494,24494,0,1
-62403,139755,-75403,1949,-737135,1631373,-892773,1465,0
-839182,873632,-35102,-652,-1383149,1444104,-59700,1255,0
-601923,-454368,1059539,3248,-925870,-701943,1628231,418,0
4576,-5167,591,0,13214,-14922,1707,-1,1
913284,-790430,-122205,649,1503594,-1303968,-200466,-840,0
-615574,1080990,-462818,2598,-927336,1628440,-699849,1255,0
30000,30000,30000,90000,60000,60000,60000,180000,1
371163,-980887,609722,-2,609774,-1617339,1007354,-211,0
1011437,-824231,-183957,3249,1534177,-1253276,-280903,-2,0
295,269,-565,-1,8534,7793,-16328,-1,1
217758,-1019239,806030,4549,325939,-1549470,1223529,-2,0
849581,-1011438,164456,2599,1275269,-1522029,246339,-421,0
-206708,1023138,-816431,-1,-311486,1544861,-1232119,1256,0
-323063,283410,41601,1948,-1497311,1314022,184335,1046,0
30000,30000,30000,90000,60000,60000,60000,180000,1
-738,1413,-674,1,-8534,16328,-7793,1,1
217758,-1019239,805380,3899,326567,-1549679,1223111,-1,0
-5172,-4723,9896,1,-14778,-13496,28274,0,1
-750129,1053689,-302262,1298,-1129268,1586965,-456441,1256,0
89703,249609,-339313,-1,408262,1165924,-1573559,627,0
539520,-123505,-417966,-1951,1557010,-352962,-1204678,-630,0
-32502,134555,-100754,1299,-377470,1565598,-1187082,1046,0
256,308,-564,0,7415,8896,-16311,0,1
10400,850231,-861933,-1302,16757,1406818,-1422530,1045,0
-794980,906783,-112455,-652,-1311300,1499196,-186641,1255,0
-37609,224447,-186838,0,-48670,290462,-241791,1,1
453066,242459,-694877,648,1047572,561596,-1608751,417,0
641574,439416,-1079041,1949,965669,658163,-1623204,628,0
705926,-1071891,368563,2598,1055323,-1607913,552379,-211,0
4550,938635,-943186,-1,6912,1411636,-1417712,836,0
879482,-835282,-45502,-1302,1449341,-1376655,-73525,-839,0
-521320,1082290,-560321,649,-786989,1633468,-845223,1256,0
228808,-694227,468017,2598,524310,-1602257,1077527,-420,0
-213208,-811231,1029638,5199,-324264,-1224159,1548841,418,0
334762,226858,-562272,-652,965669,658163,-1623414,418,0
-289261,-31852,322412,1299,-1337065,-142861,1480552,626,0
30000,30000,30000,90000,60000,60000,60000,180000,1
632,-138,-493,1,1197,-261,-935,1,1
-182813,-43812,226626,1,-236582,-56698,293281,1,1
468017,-694227,228158,1948,1076270,-1602676,525985,-421,0
-356214,-708527,1068640,3899,-536670,-1067892,1604351,-211,0
-16507,-51291,67798,0,-26411,-82066,108478,1,1
-211908,-140406,352963,649,-980752,-640777,1621318,-211,0
677325,-520020,-156006,1299,1559524,-1200070,-359875,-421,0
-213208,-137806,352963,1949,-985360,-635541,1620690,-211,0
-962687,688375,273010,-1302,-1583823,1137017,448062,1256,0
-133906,29901,107254,3249,-1553240,340183,1213265,208,0
799529,236608,-1033539,2598,1203630,354637,-1557430,837,0
528469,531719,-1059540,648,816105,817571,-1632840,836,0
50000,-68301,18301,0,80000,-109282,29282,0,1
-1054340,707876,349713,3249,-1601838,1075223,527871,1256,0
-141056,-210608,352963,1299,-652298,-970906,1622784,-420,0
30000,30000,30000,90000,60000,60000,60000,180000,1
68252,-889234,820980,-2,111648,-1467357,1355707,-2,0
443,4661,-5105,-1,1281,13461,-14742,0,1
173556,-554471,380914,-1,497707,-1596811,1098474,-630,0
-130,112,18,0,-15090,12958,2132,0,1
-525220,78652,446566,-2,-1513650,226439,1287838,627,0
239675,-136173,-103501,1,310167,-176224,-133943,0,1
-1034839,808630,225558,-651,-1551565,1216826,335784,1045,0
1085540,-563572,-520670,1298,1632630,-848993,-784266,-629,0
876882,-958136,83203,1949,1346280,-1474479,127568,-631,0
-1082941,583721,503118,3898,-1631164,878109,754520,1465,0
247659,-344513,99453,2599,1133247,-1585709,451623,-839,0
-482969,-11051,496618,2598,-1396345,-34563,1431536,628,0
-693576,956185,-263910,-1301,-1144978,1581728,-435704,1046,0
-642,-770,1412,0,-7415,-8896,16311,0,1
789779,220358,-1006238,3899,1215779,336832,-1551984,627,0
-722828,-323063,1051739,5848,-1101617,-493518,1595134,-1,0
-457618,-598673,1058889,2598,-705714,-922937,1628650,-1,0
70710,-35355,-35355,0,113137,-56568,-56568,1,1
-1951,-489469,492068,648,-7542,-1411009,1418549,-2,0
312011,391964,-704627,-652,722680,907226,-1629489,417,0
-167707,1012737,-844382,648,-253044,1524123,-1270871,208,0
-891184,-72153,968536,5199,-1354451,-112487,1467775,837,0
12350,-128055,118304,2599,121703,-1471546,1349841,-2,0
1037438,-711127,-325663,648,1596600,-1095124,-502316,-840,0
-1061490,510269,553170,1949,-1632212,785103,848154,1045,0
668875,378964,-1045890,1949,1031234,581496,-1612102,628,0
-9899,4949,4949,-1,-28284,14142,14142,0,1
-47452,326312,-276911,1949,-226650,1514696,-1287210,836,0
-223609,347763,-122855,1299,-1036052,1611892,-575003,837,0
0,0,0,0,0,0,0,0,1
41562,28760,-70323,-1,66500,46016,-112517,-1,1
272360,-1023139,754028,3249,416850,-1576701,1159012,-839,0
59152,885983,-945136,-1,91749,1367018,-1457721,1046,0
-82554,-58503,141055,-2,-963784,-660049,1623622,-211,0
365313,-557721,193707,1299,1049667,-1608960,558663,-630,0
-169007,550570,-381565,-2,-492261,1595343,-1102455,627,0
-4000,-1464,5464,0,-11550,-4227,15777,0,1
-390,661,-270,1,-739,1251,-511,1,1
-989338,827481,164456,2599,-1522029,1273803,249691,1465,0
-976987,630523,347113,649,-1610217,1041288,569765,836,0
335412,727377,-1062790,-1,506504,1091771,-1597649,626,0
-1025739,822280,206057,2598,-1541719,1237145,306039,1465,0
-81904,-57853,142355,2598,-959804,-664448,1624041,-211,0
6429,3304,-9733,0,18369,9441,-27810,0,1
-732578,1044589,-311362,649,-1114814,1591573,-475294,1465,0
-1084241,583071,503118,1948,-1631164,877271,755358,1465,0
-228649,49985,178664,0,-295899,64686,231212,-1,1
5639,-3204,-2435,0,16283,-9251,-7032,0,1
-263910,334112,-68903,1299,-1223949,1549050,-323426,1675,0
-139756,59802,81253,1299,-1627603,703199,925240,836,0
-88,528,-439,1,-2555,15249,-12694,0,1
0,0,0,0,0,0,0,0,1
-278211,-768979,1049139,1949,-418317,-1158384,1576491,-210,0
49401,913284,-961387,1298,73524,1376863,-1449342,1045,0
-522,73,448,-1,-15090,2132,12958,0,1
985436,-567472,-419266,-1302,1626974,-936343,-690841,-210,0
173556,-680576,508969,1949,398417,-1571465,1172209,-839,0
30000,30000,30000,90000,60000,60000,60000,180000,1
988037,-503769,-487519,-3251,1633049,-831398,-801862,-211,0
25350,926934,-952286,-2,38542,1395507,-1433003,1046,0
-397165,546020,-148206,649,-1148958,1580261,-430467,836,0
-1058890,312661,748828,2599,-1588641,467124,1121935,418,0
-7000,-2562,9562,0,-20000,-7320,27320,0,1
266509,-337363,72152,1298,1221225,-1550517,328662,-630,0
-364664,-690326,1060189,5199,-556779,-1051553,1608540,208,0
-1002338,197607,807330,2599,-1540253,301431,1239659,837,0
-978287,81253,900283,3249,-1470289,120446,1350679,836,0
-353614,182006,172256,648,-1632421,843337,790130,1046,0
-832032,-191108,1024438,1298,-1246991,-288863,1536691,837,0
-46802,-912635,963336,3899,-72897,-1377074,1449760,-211,0
-573322,-513520,1088140,1298,-859676,-772745,1632839,418,0
61102,-968537,910684,3249,89025,-1457093,1368066,-2,0
971136,-61103,-907434,2599,1459396,-94263,-1364925,208,0
0,0,0,0,0,0,0,0,1
-257410,-784580,1044589,2599,-385849,-1181845,1567903,209,0
228649,-178664,-49985,0,295899,-231212,-64686,1,1
-100,-36,136,0,-11550,-4227,15777,0,1
-770929,-278211,1052389,3249,-1156290,-420203,1577119,626,0
-367914,1066039,-696827,1298,-555522,1608750,-1051972,1256,0
3059,-9683,6624,0,8740,-27666,18925,-1,1
5500,-3893,-1606,1,15882,-11243,-4639,0,1
-1041340,782629,261959,3248,-1568323,1177864,391713,1254,0
-295,-269,565,1,-8534,-7793,16328,1,1
301611,752078,-1051740,1949,453508,1132618,-1585290,836,0
319161,-26001,-291861,1299,1468613,-116258,-1352775,-420,0
30000,30000,30000,90000,60000,60000,60000,180000,1
-685776,1070590,-382865,1949,-1033748,1612520,-578145,627,0
-1396,506,889,-1,-16133,5853,10279,-1,1
161856,763778,-926285,-651,267706,1262072,-1528732,1046,0
1075790,-651325,-425116,-651,1621318,-982218,-639311,-211,0
260009,304211,-566172,-1952,751378,880413,-1631583,208,0
-5201,-303562,310061,1298,-26604,-1401373,1427556,-421,0
-37609,224447,-186838,0,-48670,290462,-241791,1,1
41601,-509620,468667,648,117095,-1469870,1352355,-420,0
-295,565,-269,1,-8534,16328,-7793,1,1
-850882,-14301,866482,1299,-1400535,-26813,1427765,417,0
978286,-365314,-614924,-1952,1615662,-602863,-1013010,-211,0
-56124,-174391,230515,0,-72631,-225683,298314,0,1
-942536,936035,9100,2599,-1419178,1409541,11102,1465,0
710476,-1040039,331512,1949,1089257,-1598906,509228,-421,0
-1044590,273660,776129,5199,-1573350,409519,1165087,1256,0
776,8158,-8935,-1,2219,23309,-25528,0,1
-349714,133254,219708,3248,-1617549,615849,1002536,836,0
41562,28760,-70323,-1,66500,46016,-112517,-1,1
-412766,1075790,-661725,1299,-622134,1619433,-996253,1046,0
30000,30000,30000,90000,60000,60000,60000,180000,1
-329563,52651,278210,1298,-1519934,242988,1277154,208,0
-501819,1058889,-555771,1299,-774421,1633258,-857372,1465,0
-864533,1000387,-133906,1948,-1299779,1506527,-205284,1464,0
453066,-1080341,630523,3248,677853,-1626346,948492,-1,0
674725,398464,-1071241,1948,1017618,597625,-1614825,418,0
-524570,77352,447216,-2,-1512393,223507,1289932,1046,0
-491419,-192408,687725,3898,-1137647,-446177,1583613,-211,0
-618174,1080340,-460218,1948,-931107,1628231,-696078,1046,0
696826,-245060,-451117,649,1609169,-564948,-1044641,-420,0
41562,28760,-70323,-1,66500,46016,-112517,-1,1
-125617,240333,-114716,0,-162563,311020,-148456,1,1
334112,-1063440,732577,3249,498544,-1596601,1097846,-211,0
-667576,1073190,-403666,1948,-1007145,1617338,-609357,836,0
0,0,0,0,0,0,0,0,1
213858,-560972,348413,1299,612917,-1617968,1004631,-420,0
601922,-1083591,484918,3249,901360,-1630745,729174,-211,0
-1051740,764428,288610,1298,-1579006,1150005,430256,1255,0
1067990,-640274,-427066,650,1622575,-973211,-649575,-211,0
1061489,-331513,-728678,1298,1596181,-499174,-1097428,-421,0
139,-50,-88,1,16133,-5853,-10279,1,1
-1066690,420565,649374,3249,-1620481,637634,984102,1255,0
45922,23603,-69526,-1,73476,37765,-111242,-1,1
563,-243,-320,0,16283,-7032,-9251,0,1
670175,-141056,-528470,649,1548003,-323636,-1224578,-211,0
214508,-561622,347763,649,613754,-1617968,1004212,-2,0
131954,-19501,-110505,1948,1510926,-218481,-1292238,207,0
-239675,136173,103501,-1,-310167,176224,133943,0,1
0,0,0,0,0,0,0,0,1
4301,-5332,1030,-1,12420,-15397,2976,-1,1
-911985,789779,122204,-2,-1502967,1305433,198789,1255,0
157955,517419,-674076,1298,363016,1198183,-1560363,836,0
-683826,1070590,-385465,1299,-1029978,1613358,-582125,1255,0
30000,30000,30000,90000,60000,60000,60000,180000,1
219708,339962,-561622,-1952,634283,986197,-1620481,-1,0
143005,-62403,-77353,3249,1628440,-709275,-919376,-211,0
-564222,323062,241809,649,-1627184,932991,695239,1046,0
-657175,-416666,1080340,6499,-989968,-629675,1619852,209,0
-918,-472,1390,0,-10608,-5452,16060,0,1
0,0,0,0,0,0,0,0,1
-937336,921084,18850,2598,-1426719,1401791,26393,1465,0
-120,124,-3,1,-13927,14354,-427,0,1
-445917,-622074,1072540,4549,-678273,-947655,1626345,417,0
-81904,-58503,142355,1948,-960433,-663819,1624041,-211,0
356213,-1043940,690325,2598,545047,-1606447,1060769,-631,0
-371164,-184607,556420,649,-1069149,-534575,1603932,208,0
-26651,930834,-903534,649,-41686,1435516,-1392784,1046,0
-295,-269,565,1,-8534,-7793,16328,1,1
157955,517419,-674726,648,362178,1199021,-1560153,1046,0
-881434,-109205,993237,2598,-1324287,-165065,1489979,627,0
-148206,1004287,-855433,648,-222670,1513440,-1289305,1465,0
986736,-435517,-552521,-1302,1629069,-719120,-910578,-629,0
0,0,0,0,0,0,0,0,1
850231,-1010788,162506,1949,1277364,-1520982,243616,-2,0
-140406,-211258,353613,1949,-649785,-973211,1622575,-421,0
-1053690,707876,349713,3899,-1602048,1075432,528290,1674,0
-63053,-77353,143655,3249,-741324,-889422,1630954,208,0
-16507,-51291,67798,0,-26411,-82066,108478,1,1
41562,-70323,28760,-1,66500,-112517,46016,-1,1
1069940,-700727,-367914,1299,1607493,-1054067,-554056,-630,0
336712,726077,-1062790,-1,508390,1090514,-1598068,836,0
658474,-557071,-100754,649,1516791,-1283230,-233981,-420,0
-330,1355,-1025,0,-3813,15661,-11848,0,1
124804,-994538,873632,3898,183917,-1497730,1314022,209,0
1057589,-311362,-745578,649,1589269,-469219,-1120679,-629,0
343212,-248960,-93604,648,1581099,-1144978,-437170,-1049,0
-626624,30551,599972,3899,-1446200,67031,1379587,418,0
233773,-68281,-165491,1,302530,-88364,-214165,1,1
549920,-392615,-157306,-1,1585289,-1132410,-453509,-630,0
-64,-77,141,0,-7415,-8896,16311,0,1
-233359,-113755,349063,1949,-1079413,-521587,1600999,-1,0
-891184,-90354,984786,3248,-1339997,-137834,1478248,417,0
638323,-976987,338662,-2,1049667,-1608960,558663,-630,0
-873633,956185,-80604,1948,-1345234,1475106,-128617,1255,0
330862,-564222,233358,-2,949749,-1626137,675758,-630,0
-724778,-337363,1065389,3248,-1088840,-509857,1598486,-211,0
-1072541,495318,579821,2598,-1630955,752425,879785,1255,0
976986,-631174,-343863,1949,1609797,-1042546,-568090,-839,0
-913285,965286,-50052,1949,-1372675,1452902,-78972,1255,0
-791730,1022488,-229459,1299,-1204259,1557848,-352124,1465,0
215808,812530,-1027039,1299,326567,1223111,-1549051,627,0
-60453,967886,-907434,-1,-91750,1458977,-1365972,1255,0
33,102,-135,0,3813,11848,-15661,0,1
626623,-29902,-596723,-2,1447037,-67870,-1378959,208,0
0,61237,-61237,0,0,97979,-97979,0,1
-37609,-186838,224447,0,-48670,-241791,290462,1,1
-228809,1031588,-802781,-2,-344583,1555544,-1209915,1046,0
3059,6624,-9683,0,8740,18925,-27666,-1,1
53768,12885,-66654,-1,86030,20617,-106647,0,1
787179,242459,-1026389,3249,1195460,366158,-1560991,627,0
-459568,-617524,1082290,5198,-694612,-932992,1627812,208,0
-934736,12350,928234,5848,-1421692,15710,1406818,836,0
-785230,-238559,1029638,5849,-1195671,-365530,1561618,417,0
156137,-236390,80252,-1,202060,-305917,103856,-1,1
300961,751428,-1052390,-1,453508,1132409,-1585290,627,0
-106604,-25351,135205,3250,-1243221,-294938,1538576,417,0
-977637,873632,107904,3899,-1487047,1328266,160246,1465,0
-142356,-838532,982186,1298,-218690,-1292656,1511345,-1,0
986086,-104654,-882084,-652,1487675,-159828,-1327638,209,0
738,674,-1413,-1,8534,7793,-16328,-1,1
52,-599,547,0,98,-1136,1037,-1,1
-977637,629223,349063,649,-1611055,1038146,573955,1046,0
380264,-1062140,685125,3249,573117,-1611683,1038565,-1,0
783929,260009,-1041340,2598,1180169,387943,-1567694,418,0
-1075791,686425,390664,1298,-1612312,1029977,583800,1465,0
30000,30000,30000,90000,60000,60000,60000,180000,1
-254,658,-404,0,-481,1247,-766,0,1
40301,-956186,921084,5199,56557,-1442429,1385661,-211,0
-749479,1053689,-302912,1298,-1128011,1587593,-458536,1046,0
-1061490,506368,556420,1298,-1632002,779447,854020,1465,0
293160,-1050440,761178,3898,437378,-1581729,1144558,207,0
-851532,-12351,866482,2599,-1402001,-24090,1426508,417,0
-394565,1071890,-676676,649,-594484,1615453,-1019714,1255,0
125454,-994538,872982,3898,185802,-1498359,1312974,417,0
109204,24050,-130655,2599,1246571,290538,-1536902,207,0
-757929,-172257,932134,1948,-1249086,-286350,1536063,627,0
-140,60,80,0,-16283,7032,9251,0,1
-1086191,564221,523919,1949,-1632421,847945,785522,1046,0
1066689,-422516,-643525,648,1621528,-642244,-979495,-211,0
-1075141,689675,386764,1298,-1611474,1034585,577725,836,0
-400,-146,546,0,-11550,-4227,15777,0,1
-125617,240333,-114716,0,-162563,311020,-148456,1,1
880782,-995838,117654,2598,1318840,-1494379,175747,208,0
181356,-354264,175506,2598,828673,-1633887,804794,-420,0
-136506,40301,99453,3248,-1588013,465448,1122983,418,0
-878183,835281,42901,-1,-1446828,1379796,68078,1046,0
-671476,139755,533019,1298,-1547375,322378,1225624,627,0
-986737,108554,884033,5850,-1486838,159408,1328475,1045,0
-726728,-320463,1051739,4548,-1105178,-488700,1594296,418,0
30000,30000,30000,90000,60000,60000,60000,180000,1
-607773,-469968,1083590,5849,-916234,-712417,1629488,837,0
-272361,-59153,333462,1948,-1259979,-269382,1529569,208,0
70492,-40050,-30441,1,112788,-64081,-48706,1,1
-590223,-391965,984136,1948,-973420,-649366,1622575,-211,0
12350,-127405,117654,2599,124217,-1472803,1348375,-211,0
-67249,14701,52548,0,-107599,23522,84077,0,1
-1031589,260659,776779,5849,-1568951,393389,1176608,1046,0
-298362,-266510,566171,1299,-862609,-769813,1632420,-2,0
0,122,-122,0,0,14145,-14145,0,1
0,0,0,0,0,0,0,0,1
194500,-219631,25130,-1,251707,-284228,32521,0,1
354263,-1042640,690975,2598,542324,-1606028,1063073,-631,0
-295,565,-269,1,-8534,16328,-7793,1,1
0,0,0,0,0,0,0,0,1
293160,-566172,274310,1298,841870,-1633678,791178,-630,0
458917,-519370,61102,649,1316954,-1495635,178051,-630,0
-955536,924334,33151,1949,-1436983,1390689,47131,837,0
-980887,365313,616873,1299,-1615035,600139,1015942,1046,0
1019888,-187858,-829432,2598,1535853,-286978,-1248667,208,0
-531070,-526520,1062139,4549,-819458,-814011,1633258,-211,0
126104,-994538,872332,3898,187059,-1498987,1311927,-1,0
353613,-206708,-146256,649,1625717,-946817,-679530,-630,0
623373,-1083591,464117,3899,931943,-1628022,695658,-421,0
-33,-102,135,0,-3813,-11848,15661,0,1
5639,-2435,-3204,0,16283,-7032,-9251,0,1
124154,-993888,873632,3898,183288,-1497521,1314441,208,0
0,0,0,0,0,0,0,0,1
-1072541,495968,579821,3248,-1631164,753054,879366,1256,0
221,-1320,1099,0,2555,-15249,12694,0,1
-1004938,177456,833331,5849,-1528523,267915,1261863,1255,0
0,0,0,0,0,0,0,0,1
109204,-133906,27301,2599,1238821,-1541719,302688,-210,0
677325,-519370,-156006,1949,1560362,-1198184,-362807,-629,0
-165757,-187208,355563,2598,-768137,-864285,1632211,-211,0
-60290,-1850,62141,1,-96465,-2961,99426,0,1
-503769,679925,-173557,2599,-1166344,1573768,-406168,1256,0
-70710,35355,35355,0,-113137,56568,56568,-1,1
1018588,-186557,-830732,1299,1535015,-284255,-1250762,-2,0
-67249,52548,14701,0,-107599,84077,23522,0,1
-1064740,356213,712426,3899,-1603304,533736,1070405,837,0
-60290,-1850,62141,1,-96465,-2961,99426,0,1
-1066690,358813,710476,2599,-1603723,536878,1067472,627,0
32101,-70613,38511,-1,51363,-112982,61618,-1,1
30000,30000,30000,90000,60000,60000,60000,180000,1
-8008,9043,-1034,1,-22882,25838,-2956,0,1
703326,-296412,-406266,648,1626345,-684976,-941580,-211,0
-371164,-183957,556420,1299,-1070196,-533318,1603722,208,0
255459,-564872,310711,1298,731688,-1630745,898847,-210,0
16507,-67798,51291,0,26411,-108478,82066,-1,1
494668,-1086841,594772,2599,739438,-1631583,891934,-211,0
-626624,29251,600622,3249,-1444734,63889,1381262,417,0
-137,97,40,0,-15882,11243,4639,0,1
938635,-742978,-195658,-1,1547793,-1225625,-322798,-630,0
604522,-1074491,471917,1948,914138,-1629907,715558,-211,0
-382865,-664325,1049139,1949,-588200,-1025579,1613777,-2,0
-1046540,273010,776779,3249,-1572931,407424,1166553,1046,0
432916,98153,-531070,-1,1249714,285720,-1535435,-1,0
-365964,-689026,1060839,5849,-558245,-1050506,1608750,-1,0
603222,-1082941,484268,4549,903246,-1630536,727079,-211,0
1034838,-809281,-224259,1298,1552611,-1215152,-337880,-421,0
983486,-889884,-91654,1948,1478667,-1340835,-138043,-211,0
794329,-1027039,234008,1298,1203211,-1558896,355684,-1,0
-919135,917834,1950,649,-1413732,1414987,0,1255,0
-212558,-137806,352963,2599,-985151,-635750,1620690,-211,0
-107905,-880783,991287,2599,-163389,-1326172,1489141,-420,0
-178107,352313,-172257,1949,-827627,1633886,-805214,1045,0
602572,455667,-1056290,1949,928382,699638,-1627603,417,0
-106604,132604,-25351,649,-1236937,1542347,-303945,1465,0
648724,321762,-971137,-651,1073966,528918,-1602257,627,0
5200,486218,-492069,-651,12568,1408913,-1420644,837,0
-1014038,838531,178106,2599,-1527894,1263748,265611,1465,0
-807981,1030288,-222309,-2,-1215152,1553030,-336623,1255,0
63052,269110,-330863,1299,284673,1250970,-1534807,836,0
-72803,-67603,143655,3249,-855068,-777773,1632630,-211,0
-663025,-397815,1066689,5849,-1008402,-608519,1617338,417,0
-656525,-418616,1079690,4549,-988083,-631980,1620271,208,0
1057589,-313962,-743628,-1,1590107,-472571,-1117747,-211,0
135855,-107255,-27952,648,1551564,-1217875,-334109,-420,0
261959,436816,-698127,648,604957,1011334,-1616082,209,0
-979587,83853,898983,3249,-1472175,124845,1348166,836,0
-1000,1366,-366,0,-11550,15777,-4227,0,1
-431,-221,653,1,-817,-420,1237,0,1
30000,30000,30000,90000,60000,60000,60000,180000,1
662374,401065,-1062790,649,1008192,609146,-1616711,627,0
1045239,-271711,-772229,1299,1574396,-411195,-1163202,-1,0
-482,497,-14,1,-13927,14354,-427,0,1
-521970,-549921,1077090,5199,-794321,-838729,1633468,418,0
-1007538,179406,832031,3899,-1529570,270429,1260397,1256,0
32101,-70613,38511,-1,51363,-112982,61618,-1,1
481668,-499869,18850,649,1386080,-1441173,54881,-212,0
-649375,83853,568771,3249,-1500453,192924,1308366,837,0
0,0,0,0,0,0,0,0,1
315261,654574,-969187,648,521796,1079831,-1601000,627,0
239675,-103501,-136173,1,310167,-133943,-176224,0,1
191757,828781,-1020539,-1,289910,1247828,-1536692,1046,0
1085540,-563572,-520670,1298,1632630,-848993,-784057,-420,0
0,489,-489,0,0,14145,-14145,0,1
-100754,-555121,658474,2599,-233772,-1283230,1516791,-211,0
73,-141,67,-1,8534,-16328,7793,-1,1
-810581,1029638,-217759,1298,-1219341,1551145,-330339,1465,0
0,0,0,0,0,0,0,0,1
0,0,0,0,0,0,0,0,1
-5226,4487,738,-1,-15090,12958,2132,0,1
30000,30000,30000,90000,60000,60000,60000,180000,1
-850882,-13001,865832,1949,-1402001,-23880,1426299,418,0
-48752,-463468,512219,-1,-142232,-1338321,1480343,-210,0
2955,2699,-5654,0,8534,7793,-16328,-1,1
163806,762478,-927585,-1301,272733,1258721,-1530617,837,0
100753,554470,-655225,-2,232095,1284905,-1515745,1255,0
531719,-1075791,548620,4548,802489,-1633678,831187,-2,0
205,444,-650,-1,388,842,-1231,-1,1
0,0,0,0,0,0,0,0,1
-259360,-783280,1045889,3249,-389620,-1179122,1568740,-2,0
0,0,0,0,0,0,0,0,1
143655,-72153,-68903,2599,1633049,-822600,-810660,-211,0
-493369,-191108,687075,2598,-1139113,-444083,1582985,-211,0
66302,75402,-139106,2598,744046,887535,-1630955,626,0
839831,177456,-1014689,2598,1263120,265192,-1527894,418,0
-1084891,472567,614273,1949,-1628232,709902,919585,1255,0
-144956,1003637,-858033,648,-218271,1511554,-1292447,836,0
-437,-946,1383,0,-5047,-10929,15977,1,1
205407,-353614,150805,2598,938647,-1627603,688327,-629,0
132604,-113755,-16901,1948,1507784,-1298103,-209683,-2,0
4494,-9885,5391,0,12840,-28245,15404,-1,1
-993888,876882,118304,1298,-1493331,1319258,175328,1255,0
254,404,-658,0,481,766,-1247,0,1
336062,-1064090,729977,1949,501477,-1597439,1095332,-630,0
-2164,5608,-3443,1,-6250,16194,-9943,1,1
16507,-67798,51291,0,26411,-108478,82066,-1,1
0,-1224,1224,0,0,-14145,14145,0,1
-169007,550570,-381565,-2,-491423,1595134,-1103084,627,0
-205,-444,650,1,-388,-842,1231,1,1
690975,-481669,-208658,648,1592620,-1109787,-483673,-840,0
-460218,-528470,989337,649,-758292,-873711,1632001,-2,0
-531720,-527170,1062789,3899,-818620,-814849,1633468,-1,0
668875,379614,-1045890,2599,1030815,581915,-1612102,628,0
-340613,246359,96203,1949,-1580262,1146653,434655,1046,0
-1080991,633123,449166,1298,-1624880,952472,673245,837,0
-128055,348413,-219059,1299,-598464,1615872,-1016781,627,0
5379,-1176,-4203,0,15534,-3396,-12138,0,1
891183,54602,-943186,2599,1371417,82113,-1453322,208,0
2568,-5649,3080,-1,7415,-16311,8896,0,1
-788480,-219059,1011437,3898,-1213266,-339765,1553449,418,0
221,1099,-1320,0,2555,12694,-15249,0,1
85153,55902,-139106,1949,965250,658582,-1623204,628,0
2310,-9491,7180,-1,6602,-27119,20516,-1,1
989987,-826181,-163157,649,1523075,-1271919,-251787,-631,0
1748,3785,-5533,0,5047,10929,-15977,-1,1
-791080,1023138,-230109,1949,-1203421,1558267,-353590,1256,0
-72153,-68253,143655,3249,-853183,-779658,1632630,-211,0
1037438,-713077,-323063,1298,1595762,-1098475,-498336,-1049,0
482318,-499219,17550,649,1388384,-1439287,50273,-630,0
0,0,0,0,0,0,0,0,1
566821,-287961,-278861,-1,1632839,-828674,-804795,-630,0
-277561,701376,-421216,2599,-644129,1622575,-976981,1465,0
-1005588,145605,863882,3899,-1509670,216385,1294122,837,0
-1062140,508969,554470,1299,-1632212,783427,850040,1255,0
0,0,0,0,0,0,0,0,1
512869,571371,-1084241,-1,773582,859256,-1632212,626,0
30000,30000,30000,90000,60000,60000,60000,180000,1
-281461,325012,-41602,1949,-1303759,1504432,-199209,1464,0
-891184,-52002,947085,3899,-1370790,-82742,1453949,417,0
-36946,70686,-33740,0,-59113,113098,-53984,1,1
-63003,59302,3700,-1,-100805,94884,5921,0,1
-632,138,493,-1,-1197,261,935,-1,1
-33802,-287961,323712,1949,-159200,-1328476,1487465,-211,0
-137,97,40,0,-15882,11243,4639,0,1
-302262,-728678,1032888,1948,-464401,-1124240,1588221,-420,0
366613,690975,-1056940,648,557616,1051133,-1607913,836,0
-277561,701376,-421216,2599,-643710,1622575,-977610,1255,0
-549921,390664,159255,-2,-1586128,1130105,457069,1046,0
-256,564,-308,0,-7415,16311,-8896,0,1
-11,-116,127,0,-1281,-13461,14742,0,1
-831,1406,-575,0,-9600,16244,-6643,1,1
-795630,906783,-111805,-652,-1311928,1498986,-185593,1465,0
-1018589,189807,833981,5199,-1534178,282788,1252018,628,0
-123505,993237,-869083,649,-186641,1498777,-1311509,627,0
-471268,1080340,-609073,-1,-709903,1629488,-918119,1466,0
-302912,-728028,1033538,2598,-465449,-1123612,1588640,-421,0
656524,417965,-1075791,-1302,991224,629046,-1619643,627,0
115704,-130005,16900,2599,1318002,-1494798,176585,-211,0
769628,282110,-1049140,2598,1156708,420411,-1576701,418,0
0,0,0,0,0,0,0,0,1
194500,25130,-219631,-1,251707,32521,-284228,0,1
69840,-25340,-44499,1,111744,-40544,-71199,1,1
-537,607,-69,1,-1018,1149,-131,0,1
193707,-999088,808630,3249,296403,-1539625,1242801,-421,0
592822,478417,-1071891,-652,902827,727917,-1629907,837,0
937985,4550,-941236,1299,1412474,3561,-1416245,-210,0
-221659,-785880,1010787,3248,-342698,-1212009,1554287,-420,0
7527,1804,-9331,0,21507,5154,-26661,0,1
125617,-240333,114716,0,162563,-311020,148456,-1,1
-891184,-50702,945785,3899,-1371837,-81066,1453321,418,0
7800,301611,-306812,2599,28488,1400534,-1428185,837,0
70492,-40050,-30441,1,112788,-64081,-48706,1,1
9625,-2811,-6814,0,27502,-8033,-19469,0,1
-289261,-31202,322412,1949,-1339369,-139090,1478877,418,0
-304212,-3251,308761,1298,-1407029,-14245,1421691,417,0
-987387,109854,883383,5850,-1487676,161503,1327218,1045,0
137,-40,-97,0,15882,-4639,-11243,0,1
598022,26000,-624024,-2,1382938,61166,-1443896,208,0
-52,599,-547,0,-98,1136,-1037,1,1
-297712,964636,-668226,-1302,-492052,1595134,-1102665,417,0
938635,-742978,-195658,-1,1547584,-1225835,-322379,-630,0
-1006238,181356,830081,5199,-1530617,273361,1258302,1046,0
275610,-1024439,751428,2599,422087,-1577958,1155241,-630,0
1062139,-718277,-343213,649,1600580,-1083184,-517398,-2,0
558370,-358814,-200208,-652,1611473,-1034377,-577726,-630,0
85153,-142356,59152,1949,956661,-1625090,668217,-212,0
-654575,-420566,1080340,5199,-985988,-634493,1620690,209,0
254,404,-658,0,481,766,-1247,0,1
-876233,994537,-117005,1299,-1315489,1496472,-179519,1464,0
287310,752728,-1038739,1299,436331,1145606,-1580681,1256,0
-63003,59302,3700,-1,-100805,94884,5921,0,1
-109205,966586,-857383,-2,-167369,1491445,-1322821,1255,0
-504,29,474,-1,-14553,854,13698,-1,1
505068,-34452,-473218,-2602,1459605,-95311,-1364087,207,0
-48102,326312,-276261,1949,-230211,1515953,-1284906,836,0
30000,30000,30000,90000,60000,60000,60000,180000,1
-3325,5625,-2300,0,-9600,16244,-6643,1,1
-421866,700726,-276261,2599,-977191,1622575,-644338,1046,0
-301,-362,663,0,-571,-685,1256,0,1
221,-1320,1099,0,2555,-15249,12694,0,1
-1041340,783929,261309,3898,-1568113,1178493,390876,1256,0
-141056,70202,71502,648,-1632631,819247,814429,1045,0
-664325,1060839,-393915,2599,-1013220,1616500,-602025,1255,0
-272361,-59153,333462,1948,-1260398,-268754,1529569,417,0
-1047190,277560,773528,3898,-1575026,414546,1161316,836,0
467367,-694227,230108,3248,1074594,-1603095,528080,-421,0
-550571,164456,388064,1949,-1590108,473408,1117327,627,0
9100,-616874,609722,1948,18643,-1423996,1404933,-420,0
752728,-1056940,306161,1949,1128010,-1587594,459373,-211,0
-794980,907433,-113105,-652,-1310462,1499824,-188107,1255,0
796929,-1038089,243109,1949,1196298,-1561829,365529,-2,0
-607123,615573,-6501,1949,-1403258,1425252,-20529,1465,0
234658,111154,-344513,1299,1082764,517397,-1599953,208,0
0,0,0,0,0,0,0,0,1
204988,-211281,6293,0,265279,-273423,8144,0,1
-541,-860,1402,1,-6250,-9943,16194,1,1
-293812,1039388,-746228,-652,-446177,1584451,-1137018,1256,0
-43,138,-94,1,-5047,15977,-10929,1,1
-254160,-786530,1043939,3249,-382498,-1184150,1566436,-212,0
1044589,-270411,-774180,-2,1573558,-408053,-1165507,-2,0
559670,-208008,-352964,-1302,1614405,-594903,-1019923,-421,0
-566822,286660,280160,-2,-1632840,828045,805841,1046,0
287960,751428,-1038739,649,438007,1144139,-1581310,836,0
-888584,-74103,969186,6499,-1353194,-115001,1468613,418,0
-442017,986086,-545371,-1302,-729803,1630954,-900524,627,0
8820,-8302,-518,0,25201,-23721,-1480,0,1
254,-658,404,0,481,-1247,766,0,1
-1075,-257,1333,1,-12420,-2976,15397,1,1
137155,-31202,-104654,1299,1553449,-340813,-1212847,-211,0
-633774,586321,46801,-652,-1462748,1360734,103479,1465,0
-1013388,168356,848281,3249,-1522657,251157,1272337,837,0
-69840,44499,25340,-1,-111744,71199,40544,-1,1
30000,30000,30000,90000,60000,60000,60000,180000,1
1018588,-768979,-247010,2599,1566017,-1184569,-382079,-631,0
-391965,1071890,-677976,1949,-591761,1615034,-1022018,1255,0
237456,-151298,-86157,1,307296,-195798,-111497,1,1
-136506,40301,99453,3248,-1588851,467543,1121516,208,0
141705,-52652,-86454,2599,1613987,-591761,-1022437,-211,0
30000,30000,30000,90000,60000,60000,60000,180000,1
-430,-103,533,0,-12420,-2976,15397,1,1
0,0,0,0,0,0,0,0,1
-567472,-80604,650674,2598,-1310252,-188316,1499196,628,0
-91,-47,139,1,-10608,-5452,16060,0,1
967886,-112455,-856083,-652,1493121,-174072,-1319050,-1,0
-286011,-750779,1042639,5849,-436961,-1144978,1581728,-211,0
-522,448,73,-1,-15090,12958,2132,0,1
1320,4103,-5423,0,3813,11848,-15661,0,1
-88,528,-439,1,-2555,15249,-12694,0,1
0,0,0,0,0,0,0,0,1
353613,-207358,-145606,649,1625717,-947864,-678483,-630,0
-72803,-68253,143655,2599,-854021,-778610,1632420,-211,0
103,-620,516,-1,196,-1175,978,-1,1
707226,360763,-1067991,-2,1064749,540439,-1604771,417,0
532369,136505,-668876,-2,1229185,317351,-1545490,1046,0
-559671,207357,352963,649,-1614825,597416,1018037,628,0
143655,-62403,-78003,3249,1628021,-705505,-922728,-212,0
4576,591,-5167,0,13214,1707,-14922,-1,1
7527,1804,-9331,0,21507,5154,-26661,0,1
-687076,192407,495318,649,-1582567,444291,1139112,836,0
533669,551870,-1083591,1948,804375,829302,-1633050,627,0
839181,176156,-1014689,648,1263958,264354,-1527894,418,0
-63003,3700,59302,-1,-100805,5921,94884,0,1
685775,-192408,-492719,648,1582566,-442826,-1139741,-1,0
-749479,1053689,-302262,1948,-1128220,1587384,-457698,1466,0
1007537,-178107,-827482,1948,1530407,-271477,-1258931,-1,0
847631,16900,-865183,-652,1400534,26812,-1427347,-1,0
-1073191,570071,507669,4549,-1631793,866169,766879,1255,0
116354,13650,-126755,3249,1325543,163598,-1488932,209,0
115704,-130005,16900,2599,1318840,-1494169,175119,-210,0
30000,30000,30000,90000,60000,60000,60000,180000,1
-1087491,546670,544720,3899,-1632631,819876,813801,1046,0
-98804,135205,-35752,649,-1150215,1579843,-428372,1256,0
22750,108554,-130655,649,258070,1268357,-1525381,1046,0
141313,-239099,97786,0,182875,-309422,126546,-1,1
47451,913934,-960736,649,71011,1378330,-1448295,1046,0
225558,-947736,724127,1949,368881,-1562876,1193365,-630,0
-224909,347113,-120905,1299,-1040242,1611054,-569976,836,0
-143656,1002987,-858033,1298,-216805,1510926,-1293285,836,0
52001,-954236,907433,5198,74781,-1450808,1376235,208,0
-37052,955535,-919135,-652,-54673,1441800,-1386081,1046,0
-955536,924984,33801,3249,-1436355,1391108,46293,1046,0
-256,564,-308,0,-7415,16311,-8896,0,1
34451,-135856,105303,3898,374118,-1564343,1189595,-630,0
0,0,0,0,0,0,0,0,1
841131,174856,-1014038,1949,1266262,260793,-1526218,837,0
-674726,520019,156655,1948,-1558058,1202373,356941,1256,0
30000,30000,30000,90000,60000,60000,60000,180000,1
0,0,0,0,0,0,0,0,1
10400,-616874,609722,3248,21785,-1425672,1403467,-420,0
85153,56552,-139106,2599,963155,661095,-1623623,627,0
705926,-393265,-312662,-1,1629488,-905970,-723729,-211,0
131304,-351014,222308,2598,597416,-1615454,1018037,-1,0
-11,127,-116,0,-1281,14742,-13461,0,1
126754,-120905,-5851,-2,1453949,-1371628,-83161,-840,0
0,0,0,0,0,0,0,0,1
891183,91003,-980887,1299,1342300,134690,-1476573,417,0
0,-8573,8573,0,0,-24494,24494,0,1
-436817,-640274,1081640,4549,-659211,-964622,1623832,-1,0
-88,-439,528,1,-2555,-12694,15249,0,1
261309,303561,-565522,-652,752844,879366,-1631374,836,0
83,57,-140,0,9600,6643,-16244,-1,1
30000,30000,30000,90000,60000,60000,60000,180000,1
-45922,69526,-23603,1,-73476,111242,-37765,1,1
-65328,9229,56098,-1,-104525,14767,89757,-1,1
155,482,-637,0,293,912,-1206,-1,1
367,-556,188,-1,10608,-16060,5452,0,1
-19501,315261,-292511,3249,-99291,1461909,-1361992,626,0
-877533,993887,-115705,649,-1317165,1495216,-176795,1256,0
30000,30000,30000,90000,60000,60000,60000,180000,1
239675,-136173,-103501,1,310167,-176224,-133943,0,1
-170957,-843082,1017288,3249,-257442,-1268358,1525799,-1,0
592,-557,-34,1,1121,-1055,-65,1,1
-709177,-358164,1071240,3899,-1064122,-541068,1605189,-1,0
-330213,1061489,-729328,1948,-498127,1596810,-1097637,1046,0
-362714,555770,-192408,648,-1050925,1608959,-556988,1046,0
-706577,-246360,955535,2598,-1165088,-408472,1573977,417,0
30000,30000,30000,90000,60000,60000,60000,180000,1
-1062140,507669,555770,1299,-1632212,780914,852553,1255,0
30000,30000,30000,90000,60000,60000,60000,180000,1
30000,30000,30000,90000,60000,60000,60000,180000,1
11061,-66014,54952,-1,17698,-105622,87924,0,1
-363364,-690976,1060189,5849,-555313,-1052810,1608331,208,0
789779,217758,-1006238,1299,1217874,333480,-1550936,418,0
52,547,-599,0,98,1037,-1136,-1,1
443,-5105,4661,-1,1281,-14742,13461,0,1
-740378,-313312,1059539,5849,-1116071,-474456,1590945,418,0
-646,457,188,-1,-1223,866,357,0,1
502468,-477768,-24701,-1,1449341,-1377074,-72897,-630,0
239675,-136173,-103501,1,310167,-176224,-133943,0,1
-945136,215158,731927,1949,-1557011,353170,1204886,1045,0
-675376,519369,157305,1298,-1558687,1201535,357988,836,0
-204988,211281,-6293,0,-265279,273423,-8144,0,1
789779,219708,-1006888,2599,1215570,336832,-1552193,209,0
916534,-136506,-781330,-1302,1514278,-227488,-1286582,208,0
-27059,70105,-43045,1,-43295,112169,-68873,1,1
-993888,876882,118304,1298,-1493122,1319677,174490,1045,0
-354264,180706,172906,-652,-1632421,839776,793901,1256,0
12350,114404,-126105,649,131129,1345024,-1475107,1046,0
7000,2562,-9562,0,20000,7320,-27320,0,1
-57206,64597,-7391,0,-91529,103355,-11826,0,1
-254160,-85804,341912,1948,-1175561,-394019,1569788,208,0
-141313,239099,-97786,0,-182875,309422,-126546,1,1
105953,-345813,242459,2599,479901,-1592412,1111881,-630,0
-11061,-54952,66014,1,-17698,-87924,105622,0,1
63003,-3700,-59302,1,100805,-5921,-94884,0,1
-1058240,751428,306811,-1,-1586337,1129267,457907,837,0
-1038089,711126,329562,2599,-1596601,1094704,503153,1256,0
-102704,341912,-239859,-651,-479274,1592411,-1112300,837,0
-939286,919134,22750,2598,-1429233,1398649,32258,1674,0
-42252,137155,-93604,1299,-499383,1597229,-1097009,837,0
-705277,394564,312661,1948,-1628860,912253,718072,1465,0
-5818,-4026,9845,1,-16625,-11504,28129,0,1
737777,319811,-1056940,648,1112509,479482,-1591574,417,0
367263,690975,-1056290,1948,557197,1051552,-1607703,1046,0
-189808,-163807,354913,1298,-879995,-751589,1631582,-2,0
225558,-947736,723477,1299,369300,-1562876,1193156,-420,0
-882084,-106604,993237,4549,-1325963,-162132,1488931,836,0
-126,118,7,-1,-14553,13698,854,-1,1
-980887,890533,94903,4549,-1478249,1340415,139508,1674,0
-977637,630523,347763,649,-1610427,1040450,570813,836,0
-839182,-157306,1002337,5849,-1277784,-241104,1519933,1045,0
330,-1355,1025,0,3813,-15661,11848,0,1
401715,141705,-545371,-1951,1162573,412451,-1574607,417,0
710476,-1040039,331512,1949,1089467,-1599115,509018,-630,0
-221659,943835,-724778,-2602,-366159,1562247,-1195252,836,0
-1072541,570721,507018,5198,-1631793,866588,766460,1255,0
-141313,-97786,239099,0,-182875,-126546,309422,1,1
-993238,876882,118304,1948,-1492912,1319677,174490,1255,0
-52002,139105,-85804,1299,-620040,1619014,-998138,836,0
-258060,-784580,1044589,1949,-386059,-1181636,1567693,-2,0
30000,30000,30000,90000,60000,60000,60000,180000,1
399,-546,146,-1,11549,-15777,4227,-1,1
0,0,0,0,0,0,0,0,1
65328,-9229,-56098,1,104525,-14767,-89757,1,1
0,0,0,0,0,0,0,0,1
-200858,351013,-148856,1299,-932992,1627812,-693984,836,0
1038088,-711777,-325013,1298,1596181,-1095962,-501059,-840,0
-260010,-304212,565521,1299,-752217,-879576,1631792,-1,0
22750,928884,-950336,1298,34144,1397811,-1430908,1047,0
30000,30000,30000,90000,60000,60000,60000,180000,1
-932785,9100,929534,5849,-1419806,11520,1408913,627,0
-791730,1022488,-229459,1299,-1204259,1557848,-352124,1465,0
691625,-1073191,385464,3898,1034585,-1612521,577516,-420,0
-223609,945135,-722828,-1302,-369301,1563085,-1193157,627,0
-5656,2828,2828,0,-16334,8167,8167,0,1
-260660,-303562,565521,1299,-753264,-878738,1631792,-210,0
-42902,-95554,140405,1949,-510695,-1088630,1598695,-630,0
889883,53301,-942536,648,1372883,79809,-1452065,627,0
87103,893783,-980237,649,131339,1344605,-1475107,837,0
549920,-393265,-156656,-1,1585289,-1132619,-453090,-420,0
1037438,-711127,-325663,648,1596391,-1095333,-501688,-630,0
432916,98153,-531720,-651,1249923,285301,-1535226,-2,0
-1006238,179406,832031,5199,-1529780,271267,1259768,1255,0
-224909,690975,-465418,648,-523682,1602256,-1077528,1046,0
137155,405615,-544721,-1951,393599,1176608,-1569160,1047,0
827481,-1027039,202157,2599,1238821,-1541929,302897,-211,0
141055,-90354,-49402,1299,1611892,-1033748,-578774,-630,0
-523920,76702,447216,-2,-1511974,222250,1290561,837,0
110,1165,-1276,-1,1281,13461,-14742,0,1
109146,130940,-240086,0,141248,169451,-310700,-1,1
-141056,69552,72152,648,-1632631,817781,816105,1255,0
796279,-1026389,232058,1948,1205096,-1558058,352961,-1,0
141705,-90354,-48752,2599,1612101,-1032910,-579821,-630,0
-464768,691625,-226209,648,-1074595,1602884,-526824,1465,0
-263910,334112,-68253,1949,-1224368,1548631,-323007,1256,0
300961,-315262,16250,1949,1379377,-1447666,67869,-420,0
5639,-3204,-2435,0,16283,-9251,-7032,0,1
936035,-9751,-923685,2599,1422947,-16549,-1405772,626,0
0,0,0,0,0,0,0,0,1
-273011,-59153,333462,1298,-1259979,-269592,1529779,208,0
217108,-1018589,806030,4549,325311,-1549260,1223948,-1,0
-1320,-4103,5423,0,-3813,-11848,15661,0,1
-52652,-87104,141055,1299,-625067,-994577,1619223,-421,0
-135856,-407566,544070,648,-390458,-1178494,1568950,-2,0
-7527,9331,-1804,0,-21507,26661,-5154,0,1
-824231,1024438,-199558,649,-1238612,1541509,-301641,1256,0
-192408,997787,-805381,-2,-296614,1540043,-1242174,1255,0
-46152,950985,-904184,649,-70593,1448922,-1377283,1046,0
16507,-67798,51291,0,26411,-108478,82066,-1,1
-63003,3700,59302,-1,-100805,5921,94884,0,1
0,0,0,0,0,0,0,0,1
986086,-102054,-883384,648,1485999,-156058,-1329733,208,0
-103,620,-516,1,-196,1175,-978,1,1
367,188,-556,-1,10608,5452,-16060,0,1
549920,-392615,-157956,-651,1585708,-1131153,-455185,-630,0
-70492,40050,30441,-1,-112788,64081,48706,-1,1
-313312,-390665,707876,3899,-724985,-904923,1629906,-2,0
-207358,1024438,-815781,1299,-313372,1545489,-1230862,1255,0
-278211,700726,-419916,2599,-646014,1622784,-975515,1255,0
64,-141,77,0,7415,-16311,8896,0,1
0,0,0,0,0,0,0,0,1
0,0,0,0,0,0,0,0,1
-223609,347763,-122205,1949,-1035843,1612101,-575631,627,0
-1033539,264559,774179,5199,-1570417,399254,1172209,1046,0
1082940,-471918,-611673,-651,1628650,-710532,-918329,-211,0
-563,243,320,0,-16283,7032,9251,0,1
-91654,-437467,529119,-2,-263936,-1264587,1527893,-630,0
-33,-102,135,0,-3813,-11848,15661,0,1
494018,590872,-1084891,-1,744046,887745,-1630955,836,0
-1024439,824230,202157,1948,-1540044,1240706,300802,1464,0
-962037,687725,273660,-652,-1584452,1135341,449947,836,0
-251560,563571,-312012,-1,-729175,1630744,-900733,836,0
531719,136505,-668226,-2,1229604,316722,-1545490,836,0
-1004938,863232,142355,649,-1507575,1297473,210938,836,0
958135,-876883,-79953,1299,1472383,-1348586,-124637,-840,0
-119605,-3901,125454,1948,-1394041,-38753,1433631,837,0
-139,88,50,-1,-16133,10279,5853,-1,1
0,0,0,0,0,0,0,0,1
880132,-995838,117654,1948,1318421,-1494588,175747,-420,0
-973737,94903,883383,4549,-1479716,142441,1338530,1255,0
1036788,-765729,-269111,1948,1574606,-1163621,-410986,-1,0
995187,-877533,-115705,1949,1493959,-1318841,-175748,-630,0
986086,-434867,-553821,-2602,1629069,-718282,-911416,-629,0
605172,-1074491,471267,1948,914348,-1629907,715349,-210,0
-430,-103,533,0,-12420,-2976,15397,1,1
1015338,-838532,-175507,1299,1528312,-1263749,-264565,-2,0
-367,-188,556,1,-10608,-5452,16060,0,1
73,67,-141,-1,8534,7793,-16328,-1,1
-83,140,-57,0,-9600,16244,-6643,1,1
1950,120904,-121555,1299,5865,1412055,-1417083,837,0
123504,860632,-984137,-1,187478,1312136,-1498359,1255,0
295,-565,269,-1,8534,-16328,7793,-1,1
438766,640924,-1079041,649,660048,963993,-1623414,627,0
1027688,-821631,-203458,2599,1542766,-1235889,-306878,-1,0
-332,-230,562,0,-9600,-6643,16244,1,1
92003,146356,-238359,0,119063,189402,-308465,0,1
77352,-338013,263259,2598,350238,-1557220,1206353,-629,0
30000,30000,30000,90000,60000,60000,60000,180000,1
-109205,967236,-857383,648,-168626,1492073,-1321983,1464,0
-627274,31201,599322,3249,-1447247,69335,1378330,418,0
32101,-70613,38511,-1,51363,-112982,61618,-1,1
-943186,935385,10400,2599,-1420225,1408494,12987,1256,0
-766379,1049789,-281461,1949,-1152519,1578795,-425440,836,0
102053,35101,-134556,2598,1159431,416431,-1575445,417,0
126754,-120255,-5851,648,1453321,-1372256,-81695,-630,0
131954,-20151,-110505,1298,1510926,-218271,-1292447,208,0
11700,-128055,118954,2599,122750,-1472175,1349213,-212,0
-1086191,562921,524569,1299,-1632212,846479,786779,1046,0
0,0,0,0,0,0,0,0,1
-766379,1016638,-249610,649,-1179332,1568531,-387734,1465,0
-171607,677975,-505069,1299,-400722,1572301,-1170324,1255,0
256,-564,308,0,7415,-16311,8896,0,1
87103,809280,-897034,-651,142860,1338320,-1480344,836,0
32101,-70613,38511,-1,51363,-112982,61618,-1,1
-1069941,702026,369213,1298,-1606865,1055113,552798,1046,0
-590873,-479068,1075790,5849,-899686,-730641,1630535,208,0
346462,-108555,-236609,1298,1595134,-494775,-1100779,-420,0
221008,339962,-562272,-1302,637844,983474,-1620900,418,0
-1036789,712426,327612,3249,-1595973,1096380,500220,627,0
430,-533,103,0,12420,-15397,2976,-1,1
34451,-136506,104003,1948,380611,-1566228,1185405,-212,0
-328913,51351,278860,1298,-1519096,241103,1278621,628,0
156655,-353614,200207,3248,714301,-1629698,914976,-421,0
930834,-26001,-903534,1299,1435097,-42523,-1392575,-1,0
-9868,4261,5607,0,-28197,12176,16020,-1,1
-44,510,-466,0,-1281,14742,-13461,0,1
30000,30000,30000,90000,60000,60000,60000,180000,1
711776,-1040039,330212,1949,1090724,-1598696,507552,-420,0
-327613,705276,-375715,1948,-760177,1632839,-871197,1465,0
917184,-139756,-780030,-2602,1515325,-230211,-1284906,208,0
-458268,-598673,1059539,2598,-705714,-922728,1628650,208,0
841781,159905,-998438,3248,1278202,241731,-1519306,627,0
30000,30000,30000,90000,60000,60000,60000,180000,1
-1205,-37,1242,0,-13927,-427,14354,0,1
354913,710476,-1065390,-1,536040,1068310,-1604142,208,0
-417316,-659125,1080340,3899,-627790,-992063,1619852,-1,0
30000,30000,30000,90000,60000,60000,60000,180000,1
524569,-79303,-446567,-1301,1514068,-227278,-1287001,-211,0
-564222,322412,242459,649,-1627603,931734,696706,837,0
1748,3785,-5533,0,5047,10929,-15977,-1,1
722177,340612,-1062790,-1,1089048,509856,-1598277,627,0
841131,-875583,36401,1949,1383567,-1443686,59909,-210,0
-627274,29901,599972,2599,-1445781,65774,1380425,418,0
614,-527,-86,1,1162,-998,-164,0,1
-826831,-196308,1027038,3899,-1242174,-296823,1539414,417,0
-690326,479067,212557,1298,-1593040,1107063,486814,837,0
1043289,-353614,-688376,1299,1605608,-545886,-1060351,-629,0
602572,-1074491,473867,1948,910996,-1630326,719119,-211,0
-1044590,273660,776129,5199,-1573350,409519,1164877,1046,0
-91004,137805,-46152,649,-1059304,1606655,-546096,1255,0
0,0,0,0,0,0,0,0,1
882083,-995188,115054,1949,1320725,-1493122,172186,-211,0
592,-34,-557,1,1121,-65,-1055,1,1
-947736,21450,932134,5848,-1427976,28697,1400115,836,0
0,0,0,0,0,0,0,0,1
-650025,-321763,973086,1298,-1070406,-532899,1603932,627,0
-877533,993887,-115055,1299,-1317584,1495006,-176167,1255,0
-942536,936035,9750,3249,-1419806,1408913,12149,1256,0
-942536,935385,9750,2599,-1420016,1409122,12358,1464,0
999,-1366,366,-1,11549,-15777,4227,-1,1
0,0,0,0,0,0,0,0,1
-70492,40050,30441,-1,-112788,64081,48706,-1,1
-904834,-61753,971786,5199,-1363458,-95939,1460234,837,0
-212558,559670,-346463,649,-616688,1618804,-1001280,836,0
367263,-557721,191107,649,1054694,-1607913,552379,-840,0
0,0,0,0,0,0,0,0,1
-877533,993887,-114405,1949,-1318212,1494587,-175120,1255,0
444616,-989338,545370,648,730012,-1630745,900313,-420,0
30000,30000,30000,90000,60000,60000,60000,180000,1
-333463,266509,68902,1948,-1544024,1232537,312952,1465,0
0,-61237,61237,0,0,-97979,97979,0,1
0,0,0,0,0,0,0,0,1
40951,-508970,469317,1298,115419,-1469242,1353403,-420,0
563,-320,-243,0,16283,-9251,-7032,0,1
-733228,1044589,-310062,1299,-1115652,1591364,-474247,1465,0
705926,-1070591,367263,2598,1056580,-1607284,550494,-210,0
-944486,215158,731277,1949,-1556802,352961,1204886,1045,0
-21850,69165,-47314,1,-34961,110664,-75703,0,1
-1033539,811880,222308,649,-1550308,1219968,331804,1464,0
45501,-139756,96853,2598,501268,-1597230,1095332,-630,0
438766,640924,-1078391,1299,659838,964202,-1623414,626,0
-601273,-452417,1059539,5849,-927546,-700268,1628021,207,0
-295,565,-269,1,-8534,16328,-7793,1,1
313311,-1057590,746877,2598,467961,-1589689,1121097,-631,0
-910685,792379,119604,1298,-1501710,1307319,195438,1047,0
-41602,136505,-94254,649,-498127,1596810,-1097847,836,0
1010787,-163807,-846332,648,1522028,-247597,-1274223,208,0
325662,-285361,-40302,-1,1499196,-1311509,-188107,-420,0
-9751,-117005,129354,2598,-129664,-1345444,1474478,-630,0
-904834,-63703,972436,3899,-1361782,-98662,1461490,1046,0
110,-1276,1165,-1,1281,-14742,13461,0,1
460217,-1072541,616223,3899,692516,-1627813,935505,208,0
-1548,-7693,9241,0,-4424,-21981,26405,0,1
52,-599,547,0,98,-1136,1037,-1,1
-42252,137155,-92954,1949,-504411,1598276,-1092610,1255,0
883383,-58503,-826831,-1951,1460443,-97405,-1363039,-1,0
180056,373764,-555121,-1301,517188,1083183,-1600162,209,0
0,0,0,0,0,0,0,0,1
-4576,5167,-591,0,-13214,14922,-1707,1,1
-1034189,810580,223608,-1,-1550936,1218502,333689,1255,0
-203458,-809931,1018588,5199,-311067,-1233166,1544651,418,0
1056939,-703977,-351014,1948,1603722,-1069359,-534575,-212,0
50000,-68301,18301,0,80000,-109282,29282,0,1
-822281,1025088,-202158,649,-1235680,1542975,-306040,1255,0
87103,894433,-980237,1299,131129,1345024,-1475107,1046,0
469,172,-642,-1,889,325,-1215,-1,1
367,188,-556,-1,10608,5452,-16060,0,1
-176807,-377015,554470,648,-513418,-1086745,1599323,-840,0
-329563,52651,278210,1298,-1520353,244454,1276317,418,0
-133906,29901,107254,3249,-1555126,346886,1208866,626,0
-114,129,-14,1,-13214,14922,-1707,1,1
-721528,-339963,1066039,4548,-1085697,-513837,1599533,-1,0
227508,-349714,124804,2598,1041079,-1611055,569346,-630,0
30000,30000,30000,90000,60000,60000,60000,180000,1
146255,-1004938,860632,1949,218061,-1511136,1293074,-1,0
-176807,351663,-172907,1949,-825323,1633886,-807518,1045,0
-297062,312661,-14301,1298,-1375189,1450807,-74573,1045,0
237456,-86157,-151298,1,307296,-111497,-195798,1,1
-129355,986086,-856733,-2,-196276,1503176,-1305644,1256,0
-430,-103,533,0,-12420,-2976,15397,1,1
-39002,506368,-468668,-1302,-113954,1468613,-1353822,837,0
-605173,-472568,1084240,6499,-913511,-715559,1629488,418,0
534970,549920,-1083591,1299,806469,827417,-1632840,1046,0
-23401,928884,-904834,649,-35820,1432793,-1396136,837,0
-311362,298361,13650,649,-1441173,1386290,56138,1255,0
-730628,-300312,1033538,2598,-1123821,-464192,1588221,208,0
219708,341262,-561622,-652,633026,987663,-1620272,417,0
-904834,-64353,973086,3899,-1361154,-99919,1461909,836,0
-871683,958135,-85154,1298,-1342092,1477620,-133854,1674,0
49999,-68301,18301,-1,79999,-109282,29282,-1,1
-124805,6500,120254,1949,-1458140,93005,1365761,626,0
568121,517419,-1085541,-1,855905,777353,-1632421,837,0
66302,74752,-139106,1948,747398,884393,-1630955,836,0
73,67,-141,-1,8534,7793,-16328,-1,1
752728,-1056940,306811,2599,1126544,-1588013,461049,-420,0
0,0,0,0,0,0,0,0,1
1083590,-488819,-594773,-2,1630535,-736506,-894239,-210,0
646124,-1053690,410165,2599,990177,-1620481,629465,-839,0
-1375,401,973,-1,-15882,4639,11243,0,1
1035488,-767029,-267161,1298,1573768,-1165507,-408263,-2,0
-113105,128054,-12351,2598,-1319259,1493959,-173444,1256,0
602572,453716,-1056290,-2,930687,697544,-1627394,837,0
1032888,-258060,-772879,1949,1569369,-393181,-1176190,-2,0
-365314,-689026,1060189,5849,-558664,-1050297,1608750,-211,0
-9777,3547,6229,-1,-27936,10136,17799,-1,1
-897684,974386,-74103,2599,-1352356,1469241,-115420,1465,0
109146,-240086,130940,0,141248,-310700,169451,-1,1
-539521,122204,418615,1298,-1556802,352333,1205305,836,0
977636,-360764,-617524,-652,1614615,-596369,-1018666,-420,0
0,0,0,0,0,0,0,0,1
94253,-140406,48101,1948,1060141,-1606447,546095,-211,0
30000,30000,30000,90000,60000,60000,60000,180000,1
355563,-184607,-169657,1299,1632630,-845013,-788037,-420,0
30000,30000,30000,90000,60000,60000,60000,180000,1
130,-18,-112,0,15090,-2132,-12958,0,1
1085540,-560972,-523270,1298,1632630,-845851,-786989,-210,0
-92304,-436167,529769,1298,-267497,-1261654,1529360,209,0
-4551,-302912,310711,3248,-29536,-1399697,1429232,-1,0
94253,-141056,49401,2598,1057627,-1606865,548818,-420,0
-362714,-343863,708526,1949,-836425,-796625,1633049,-1,0
73,67,-141,-1,8534,7793,-16328,-1,1
-635724,1080340,-443317,1299,-956453,1625298,-668009,836,0
177456,375064,-554471,-1951,513627,1086325,-1599324,628,0
-317862,23400,295761,1299,-1466728,112067,1355078,417,0
-205408,1023138,-817081,649,-309601,1544232,-1233376,1255,0
214212,-12582,-201630,0,277216,-16283,-260933,0,1
735827,-1059540,326312,2599,1104340,-1594926,490166,-420,0
56124,-230515,174391,0,72631,-298314,225683,0,1
-135206,-408216,544070,648,-389201,-1179122,1568740,417,0
-6429,-3304,9733,0,-18369,-9441,27810,0,1
9777,-3547,-6229,1,27936,-10136,-17799,1,1
-128055,540170,-412116,-1,-372443,1564132,-1190853,836,0
-37609,-186838,224447,0,-48670,-241791,290462,1,1
159255,516769,-674726,1298,365320,1196717,-1560991,1046,0
3250,939285,-941886,649,4817,1412474,-1416455,836,0
602572,-1082941,484268,3899,902827,-1630745,727708,-210,0
-969837,113104,859332,2599,-1491865,171767,1320934,836,0
397164,-1074491,680575,3248,593226,-1614825,1021179,-420,0
267810,-337363,70852,1299,1224367,-1549051,323844,-840,0
209957,-1025739,819030,3248,312533,-1544862,1232537,208,0
-697477,244409,455017,1949,-1608751,563062,1046106,417,0
-1052390,339962,717626,5198,-1599324,515093,1085068,837,0
-407566,-295762,705926,2598,-941580,-684976,1626345,-211,0
646774,-1053690,409515,2599,990596,-1620481,628837,-1048,0
37609,-224447,186838,0,48670,-290462,241791,-1,1
-1008838,823580,188507,3249,-1534388,1251808,284044,1464,0
-132605,104653,29251,1299,-1552403,1214732,338717,1046,0
958785,-924335,-33802,648,1439496,-1388385,-51531,-420,0
109204,881433,-988688,1949,164226,1326171,-1489142,1255,0
459567,621423,-1079691,1299,692307,935505,-1626975,837,0
-11061,-54952,66014,1,-17698,-87924,105622,0,1
-687076,1070590,-381565,1949,-1034796,1612311,-576469,1046,0
-559021,205407,354263,649,-1614197,592598,1022226,627,0
599322,456967,-1056940,-651,926078,702361,-1627813,626,0
-888584,-74753,969186,5849,-1352356,-116258,1469241,627,0
1059539,-330213,-729978,-652,1595762,-497708,-1098266,-212,0
-40302,506368,-468018,-1952,-119190,1470917,-1350890,837,0
-550,160,389,-1,-15882,4639,11243,0,1
-336713,78002,260659,1948,-1560781,364901,1196298,418,0
0,-8573,8573,0,0,-24494,24494,0,1
-500519,1058889,-556421,1949,-772955,1633258,-858839,1464,0
-362714,-343863,708526,1949,-835587,-797463,1633049,-1,0
1074490,-391315,-681226,1949,1613777,-589876,-1024112,-211,0
-204988,-6293,211281,0,-265279,-8144,273423,0,1
564871,-323713,-241160,-2,1627602,-930688,-697126,-212,0
-99,136,-36,1,-11549,15777,-4227,1,1
1012087,-164457,-845682,1948,1522447,-249482,-1272966,-1,0
-63053,-77353,143655,3249,-742791,-888374,1630954,-211,0
12350,115054,-126105,1299,129244,1345862,-1474269,837,0
354263,-159906,-193708,649,1630116,-730641,-900105,-630,0
30000,30000,30000,90000,60000,60000,60000,180000,1
-4576,-591,5167,0,-13214,-1707,14922,1,1
748828,-937986,189157,-1,1231280,-1545490,313580,-630,0
181356,-354914,175506,1948,828883,-1633887,804584,-420,0
30000,30000,30000,90000,60000,60000,60000,180000,1
0,0,0,0,0,0,0,0,1
-205408,1023138,-817731,-1,-309182,1544023,-1233795,1046,0
11,116,-127,0,1281,13461,-14742,0,1
-304212,-1951,308761,2598,-1408495,-11103,1420015,417,0
1205,-1242,37,0,13927,-14354,427,0,1
256,308,-564,0,7415,8896,-16311,0,1
-140,80,60,0,-16283,9251,7032,0,1
640273,-976987,336712,-2,1051971,-1608541,555940,-630,0
-539521,121554,417965,-2,-1556802,352542,1205305,1045,0
-232709,-113105,349063,3249,-1079832,-521169,1600790,-211,0
-2310,-7180,9491,1,-6602,-20516,27119,1,1
221008,786529,-1008188,-651,343535,1212008,-1554288,1255,0
1083590,-620124,-462168,1298,1627602,-932782,-695031,-211,0
44851,-138456,96853,3248,498335,-1596811,1097427,-1049,0
137,-97,-40,0,15882,-11243,-4639,0,1
-443317,-624024,1072540,5199,-674921,-950588,1626136,627,0
-27059,70105,-43045,1,-43295,112169,-68873,1,1
-1006888,177456,832681,3249,-1528732,268125,1261653,1046,0
-201508,351013,-148206,1299,-936134,1627602,-690632,836,0
-799530,-232059,1036138,4549,-1204887,-351915,1557429,627,0
30000,30000,30000,90000,60000,60000,60000,180000,1
-1075141,687075,389364,1298,-1612102,1031234,581915,1047,0
-1748,5533,-3785,0,-5047,15977,-10929,1,1
-124155,117654,9100,2599,-1452484,1372883,80646,1045,0
-469318,1080340,-611023,-1,-707390,1629278,-920633,1255,0
-83204,980236,-896384,648,-124846,1473430,-1347538,1046,0
-295,565,-269,1,-8534,16328,-7793,1,1
5040,-4744,-296,0,14553,-13698,-854,1,1
565521,-247010,-317862,649,1628650,-711579,-917491,-420,0
40951,-956836,921084,5199,57814,-1443058,1385033,-211,0
-134556,-862583,1001037,3898,-204236,-1301664,1505899,-1,0
3788,6026,-9814,0,10823,17218,-28042,-1,1
1082940,-584372,-499219,-651,1631582,-881881,-749703,-2,0
429666,-535621,107254,1299,1235469,-1543186,307296,-421,0
1950,120904,-120255,2599,1047,1414359,-1414570,836,0
-670826,139105,533019,1298,-1546537,320074,1227090,627,0
563,-243,-320,0,16283,-7032,-9251,0,1
430,103,-533,0,12420,2976,-15397,-1,1
11700,-617524,609072,3248,23879,-1426509,1402419,-211,0
-5500,1606,3893,-1,-15882,4639,11243,0,1
709826,-1040039,331512,1299,1089048,-1599324,509856,-420,0
1077740,-431617,-644825,1298,1622994,-652508,-970487,-1,0
662,-376,-286,0,1254,-712,-541,1,1
399,-546,146,-1,11549,-15777,4227,-1,1
30000,30000,30000,90000,60000,60000,60000,180000,1
541,-1402,860,-1,6250,-16194,9943,-1,1
-170957,-842432,1017288,3899,-258909,-1267520,1526217,-212,0
935385,-7151,-924335,3899,1421691,-14245,-1406819,627,0
-352964,1041989,-688376,649,-542954,1606027,-1062236,837,0
656,-418,-238,0,1243,-792,-451,0,1
174,-553,378,-1,5047,-15977,10929,-1,1
-68756,20082,48674,0,-110011,32132,77878,-1,1
-60290,62141,-1850,1,-96465,99426,-2961,0,1
1051089,-644825,-405616,648,1619014,-994158,-625486,-630,0
-157306,-518070,677325,1949,-363645,-1197346,1560990,-1,0
-141706,-839182,981536,648,-217433,-1293494,1510926,-1,0
-18862,-198133,216996,1,-24410,-256407,280818,1,1
2568,3080,-5649,-1,7415,8896,-16311,0,1
-5040,296,4744,0,-14553,854,13698,-1,1
703326,-295112,-407566,648,1626136,-681625,-944513,-2,0
-28602,930834,-902884,-652,-43361,1436354,-1391737,1256,0
30000,30000,30000,90000,60000,60000,60000,180000,1
494018,189157,-684476,-1301,1141416,440940,-1582148,208,0
110,1165,-1276,-1,1281,13461,-14742,0,1
0,0,0,0,0,0,0,0,1
-3788,9814,-6026,0,-10823,28042,-17218,1,1
-224909,347113,-121555,649,-1040870,1611054,-569138,1046,0
133254,-989988,860632,3898,199208,-1504014,1305014,208,0
30000,30000,30000,90000,60000,60000,60000,180000,1
-1053690,707226,350363,3899,-1602257,1074175,529546,1464,0
-411466,1075790,-663675,649,-619411,1619014,-998557,1046,0
537,-117,-420,0,15534,-3396,-12138,0,1
738,-1413,674,-1,8534,-16328,7793,-1,1
-110,1276,-1165,1,-1281,14742,-13461,0,1
1084240,-470618,-613623,-1,1628650,-708018,-920633,-1,0
-87104,-253510,341912,1298,-407215,-1166554,1573349,-420,0
347,-664,317,0,657,-1258,600,-1,1
30000,30000,30000,90000,60000,60000,60000,180000,1
854782,152755,-1004938,2599,1287000,227906,-1514488,418,0
-889884,-71503,968536,7149,-1355079,-111440,1467356,837,0
107254,-966587,861932,2599,164226,-1489770,1325543,-1,0
566821,-286661,-280161,-1,1632839,-825323,-808146,-630,0
-457,-59,516,0,-13214,-1707,14922,1,1
-367914,1065389,-697477,-2,-554894,1608331,-1052391,1046,0
842431,136505,-977637,1299,1298521,208634,-1506528,627,0
-642,1412,-770,0,-7415,16311,-8896,0,1
-965287,289910,677325,1948,-1590527,475502,1115651,626,0
1396,-889,-506,1,16133,-10279,-5853,1,1
5040,-296,-4744,0,14553,-854,-13698,1,1
-559671,206707,354263,1299,-1614406,594902,1020131,627,0
0,0,0,0,0,0,0,0,1
1414,-707,-707,0,16334,-8167,-8167,0,1
470,-642,172,0,890,-1215,325,0,1
-11,-116,127,0,-1281,-13461,14742,0,1
986086,-432917,-555121,-1952,1628859,-714721,-914558,-420,0
30000,30000,30000,90000,60000,60000,60000,180000,1
30000,30000,30000,90000,60000,60000,60000,180000,1
352313,-1043290,693575,2598,539182,-1605190,1065797,-211,0
0,0,0,0,0,0,0,0,1
-445917,1077740,-629874,1949,-674084,1625926,-950797,1045,0
508319,-681876,176156,2599,1169486,-1572721,402815,-420,0
109204,24700,-131305,2599,1244058,294728,-1538158,628,0
379614,-707877,330862,2599,871615,-1632631,760385,-631,0
2568,-5649,3080,-1,7415,-16311,8896,0,1
607122,473867,-1080341,648,915605,713673,-1628860,418,0
-204988,-6293,211281,0,-265279,-8144,273423,0,1
1005587,-144956,-859983,648,1511135,-218690,-1292238,207,0
30000,30000,30000,90000,60000,60000,60000,180000,1
-521970,-550571,1077090,4549,-793693,-839358,1633258,207,0
-311362,299011,13650,1299,-1439916,1387337,54043,1464,0
-69553,888583,-819681,-651,-115001,1469241,-1353404,836,0
-445917,1077090,-629874,1299,-675340,1625926,-949959,627,0
1144,-1291,147,0,13214,-14922,1707,-1,1
-216,560,-344,0,-6250,16194,-9943,1,1
-890534,-89704,984786,4548,-1340416,-137415,1478248,417,0
-83,140,-57,0,-9600,16244,-6643,1,1
5547,-63822,58274,-1,8876,-102115,93239,0,1
-134,29,105,0,-15534,3396,12138,0,1
-455668,516769,-62403,-1302,-1313604,1497729,-183080,1045,0
-204988,211281,-6293,0,-265279,273423,-8144,0,1
-313312,-655875,970486,1299,-516141,-1084231,1599952,-420,0
796279,-1026389,232708,2598,1205096,-1558268,352752,-420,0
0,0,0,0,0,0,0,0,1
-666275,1073190,-404966,1949,-1004632,1617967,-612080,1255,0
-5040,4744,296,0,-14553,13698,854,-1,1
6429,-9733,3304,0,18369,-27810,9441,0,1
567471,-1088791,523919,2599,846898,-1633678,786569,-211,0
614,-527,-86,1,1162,-998,-164,0,1
-57206,64597,-7391,0,-91529,103355,-11826,0,1
637673,-976987,339962,648,1048201,-1609379,560967,-211,0
3900,486868,-492069,-1301,9635,1410170,-1418968,837,0
30000,30000,30000,90000,60000,60000,60000,180000,1
544720,-665625,122204,1299,1253484,-1534178,280274,-420,0
0,0,0,0,0,0,0,0,1
-505069,33801,473217,1949,-1460025,96776,1363876,627,0
-41562,70323,-28760,1,-66500,112517,-46016,1,1
-11061,-54952,66014,1,-17698,-87924,105622,0,1
-632,138,493,-1,-1197,261,935,-1,1
219708,787829,-1007538,-1,339555,1214313,-1553031,837,0
45501,-139756,96853,2598,503991,-1598068,1093237,-840,0
-3059,-6624,9683,0,-8740,-18925,27666,1,1
1026388,-822281,-202158,1949,1541718,-1237565,-304783,-630,0
-1085541,473867,613622,1948,-1628651,711369,918118,836,0
545370,-664975,120254,649,1255579,-1532712,277132,-1,0
884,4396,-5281,-1,2555,12694,-15249,0,1
978286,-81904,-895734,648,1472802,-125265,-1347329,208,0
256109,786529,-1042640,-2,386058,1182054,-1567066,1046,0
55902,-141706,87753,1949,625066,-1619853,994366,-421,0
114,14,-129,-1,13214,1707,-14922,-1,1
770278,-1052390,284060,1948,1153356,-1578796,425229,-211,0
-1002988,864532,139105,649,-1505690,1300615,206540,1465,0
109204,-967237,860632,2599,166111,-1490818,1324286,-421,0
146905,-1004938,860632,2599,218480,-1511346,1292865,-1,0
43,94,-138,-1,5047,10929,-15977,-1,1
-45502,-588273,635723,1948,-105994,-1359059,1464423,-630,0
-74103,335412,-258710,2599,-349610,1557010,-1206354,1046,0
-132605,104653,29251,1299,-1550517,1219340,332433,1256,0
-986087,569421,417315,649,-1626556,940322,687279,1045,0
-133906,29901,107254,3249,-1554288,344582,1210333,627,0
-340613,-722178,1066689,3898,-511742,-1088002,1599114,-630,0
1079690,-637024,-443967,-1301,1624460,-957919,-667380,-839,0
1033538,-229459,-804731,-652,1555334,-346468,-1208867,-1,0
-137156,40301,99453,2598,-1588851,469009,1120469,627,0
-189158,-163807,354913,1948,-877272,-754312,1631582,-2,0
-408866,-295762,705926,1298,-941790,-684557,1626555,208,0
-352964,182006,172256,1298,-1632421,843965,789293,837,0
-6429,-3304,9733,0,-18369,-9441,27810,0,1
458267,-1072541,618173,3899,690631,-1627603,937180,208,0
-643525,1049789,-404966,1298,-992692,1620271,-625905,1674,0
-942536,936035,9100,2599,-1419806,1409122,12149,1465,0
0,0,0,0,0,0,0,0,1
-840482,-173557,1017938,3899,-1263749,-263517,1527893,627,0
30000,30000,30000,90000,60000,60000,60000,180000,1
76052,65652,-138456,3248,859675,773163,-1632212,626,0
-452417,-243760,698776,2599,-1044222,-565367,1609588,-1,0
-52002,138455,-85154,1299,-622134,1619642,-996462,1046,0
-969837,61102,912634,3899,-1456674,89444,1367856,626,0
21850,-69165,47314,-1,34961,-110664,75703,0,1
262609,435516,-698777,-652,607051,1009658,-1616501,208,0
600622,456967,-1056290,1299,926707,701524,-1627813,418,0
900933,-975687,77352,2598,1352774,-1469661,116466,-421,0
975036,-94254,-878183,2599,1480971,-144327,-1336646,-2,0
-48102,-463468,512869,1299,-140766,-1339159,1479715,-210,0
-466068,691625,-224909,648,-1077319,1602256,-524101,836,0
-640925,-438117,1082940,3898,-963365,-660258,1624041,418,0
-961387,689675,271710,-2,-1583195,1138274,446176,1255,0
1320,4103,-5423,0,3813,11848,-15661,0,1
141055,-91004,-48752,1299,1611892,-1033539,-578983,-630,0
5547,58274,-63822,-1,8876,93239,-102115,0,1
-460868,-596723,1059539,1948,-708018,-920633,1628859,208,0
-536921,422515,113754,-652,-1549051,1222901,326986,836,0
382214,688375,-1069291,1298,576049,1036051,-1611264,836,0
330,-1355,1025,0,3813,-15661,11848,0,1
233773,-165491,-68281,1,302530,-214165,-88364,1,1
7527,1804,-9331,0,21507,5154,-26661,0,1
928234,27301,-954236,1299,1394669,38961,-1433632,-2,0
9625,-6814,-2811,0,27502,-19469,-8033,0,1
101403,554470,-655225,648,232514,1284277,-1515954,837,0
609722,-618174,9750,1298,1404095,-1424834,20109,-630,0
-505,-121,626,0,-957,-229,1186,0,1
1548,7693,-9241,0,4424,21981,-26405,0,1
136505,-106604,-28602,1299,1552402,-1215361,-337670,-629,0
1396,-506,-889,1,16133,-5853,-10279,1,1
-353614,182006,172256,648,-1632421,843546,789921,1046,0
69840,-44499,-25340,1,111744,-71199,-40544,1,1
-642,1412,-770,0,-7415,16311,-8896,0,1
492718,189157,-683826,-1951,1141416,440940,-1582148,208,0
-599323,-25351,627273,2599,-1382101,-61795,1444314,418,0
35751,909384,-945786,-651,54881,1386709,-1440544,1046,0
1067339,-639624,-427717,-2,1622994,-972163,-650832,-1,0
990637,-826831,-163157,649,1523075,-1272547,-250739,-211,0
-428367,533019,-104654,-2,-1235680,1542975,-306040,1255,0
349713,-230109,-118955,649,1607912,-1052182,-556360,-630,0
30000,30000,30000,90000,60000,60000,60000,180000,1
0,-8573,8573,0,0,-24494,24494,0,1
-298362,-750129,1054339,5848,-451833,-1133667,1585498,-2,0
503768,-477118,-26001,649,1451017,-1374979,-76877,-839,0
-71503,139755,-65653,2599,-851716,1633468,-780496,1256,0
-489469,1082940,-592823,648,-736716,1631373,-893402,1255,0
841781,141055,-978287,4549,1295588,213871,-1508623,836,0
-642225,-436167,1082940,4548,-965460,-657954,1623622,208,0
7800,301611,-307462,1949,31211,1399068,-1429442,837,0
419265,659774,-1077091,1948,629674,990386,-1619643,417,0
0,0,0,0,0,0,0,0,1
919784,-921085,2600,1299,1412683,-1416245,2723,-839,0
-1144,-147,1291,0,-13214,-1707,14922,1,1
-990638,824230,169006,2598,-1524543,1269404,256394,1255,0
-893784,-85154,982836,3898,-1343977,-130711,1475316,628,0
-1012738,169006,847631,3899,-1523076,252833,1271080,837,0
381564,-1062140,683175,2599,575211,-1612102,1036680,-211,0
-367,556,-188,1,-10608,16060,-5452,0,1
325662,-286011,-38352,1299,1496891,-1314861,-182661,-631,0
783279,261309,-1041990,2598,1178702,390038,-1567904,836,0
-1073191,495318,581121,3248,-1631164,751797,880413,1046,0
-170307,551220,-380915,-2,-493518,1595762,-1101198,1046,0
-470,-172,642,0,-890,-325,1215,0,1
-1075791,655224,424465,3898,-1620272,984940,636796,1464,0
-5379,4203,1176,0,-15534,12138,3396,0,1
-1061490,331512,733877,3899,-1595135,496240,1099522,627,0
-969187,113104,859982,3899,-1492284,172605,1320515,836,0
1075,257,-1333,-1,12420,2976,-15397,-1,1
690975,-481669,-208658,648,1592411,-1109996,-483463,-1048,0
30000,30000,30000,90000,60000,60000,60000,180000,1
-114,129,-14,1,-13214,14922,-1707,1,1
1073840,-685776,-386765,1299,1612730,-1031025,-581916,-211,0
-132605,104653,30551,2599,-1551984,1216198,337251,1465,0
963986,-287311,-676676,-1,1590526,-475085,-1115862,-421,0
-299012,-750779,1054339,4548,-452043,-1133457,1585498,-2,0
-299012,-266510,566171,649,-863656,-768556,1632420,208,0
-490119,1082940,-592173,648,-737973,1631373,-892564,836,0
24700,927584,-950986,1298,36657,1396554,-1432165,1046,0
0,0,0,0,0,0,0,0,1
493368,189807,-684476,-1301,1140997,441568,-1582357,208,0
541,860,-1402,-1,6250,9943,-16194,-1,1
-137,97,40,0,-15882,11243,4639,0,1
172256,-554471,382214,-1,494565,-1595973,1100778,-630,0
1075790,-409516,-665625,649,1618176,-617945,-1000442,-211,0
205407,-352964,150805,3248,939066,-1627394,687908,-420,0
63052,-969187,910034,3899,92796,-1459187,1365971,-420,0
458267,-519370,61752,649,1316326,-1495635,179099,-210,0
-785880,-237909,1029638,5849,-1196718,-363645,1560990,627,0
-222959,944485,-722828,-1302,-368882,1563085,-1193157,1046,0
-1072541,497268,579171,3898,-1631164,755149,877271,1256,0
-1073191,572021,506368,5198,-1631793,868054,764994,1255,0
1077090,-651325,-425116,649,1621109,-982218,-639102,-211,0
734527,-1049790,318511,3248,1111252,-1592831,481577,-2,0
1320,4103,-5423,0,3813,11848,-15661,0,1
960735,-687726,-273661,-652,1584660,-1134505,-450995,-840,0
-11061,66014,-54952,1,-17698,105622,-87924,0,1
-1002338,199557,806030,3249,-1541301,304154,1237983,836,0
-5172,-4723,9896,1,-14778,-13496,28274,0,1
-882084,-108555,994537,3898,-1324287,-165065,1489979,627,0
565521,-247660,-317212,649,1628859,-713464,-915815,-420,0
319161,-26651,-291861,649,1469031,-116467,-1352566,-2,0
-5587,2027,3559,-1,-16133,5853,10279,-1,1
-1396,889,506,-1,-16133,10279,5853,-1,1
30000,30000,30000,90000,60000,60000,60000,180000,1
-253510,562921,-310062,-651,-732736,1631373,-897381,1256,0
-228649,178664,49985,0,-295899,231212,64686,-1,1
-37609,224447,-186838,0,-48670,290462,-241791,1,1
-177457,-376365,554470,648,-512999,-1086745,1599533,-211,0
-948386,22750,930834,5198,-1429442,32258,1398649,1465,0
-21850,-47314,69165,1,-34961,-75703,110664,0,1
-1060840,507018,557070,3248,-1632002,779866,853601,1465,0
64,77,-141,0,7415,8896,-16311,0,1
-526520,1071890,-544721,649,-802071,1633886,-830560,1255,0
-1044590,272360,776779,4549,-1572931,407005,1166762,836,0
-1032889,769628,269110,5849,-1572302,1168648,405120,1466,0
-9625,2811,6814,0,-27502,8033,19469,0,1
0,0,0,0,0,0,0,0,1
-1409,608,801,0,-16283,7032,9251,0,1
989337,-501169,-490119,-1951,1632839,-827208,-806470,-839,0
-973087,97503,882083,6499,-1480763,144955,1336854,1046,0
194500,25130,-219631,-1,251707,32521,-284228,0,1
206707,-1024439,821630,3898,307505,-1543395,1235888,-2,0
0,0,0,0,0,0,0,0,1
206057,809280,-1014689,648,311485,1233584,-1543814,1255,0
900933,-977637,78652,1948,1351517,-1470289,118352,-420,0
-550,389,160,-1,-15882,11243,4639,0,1
8440,259,-8699,0,24116,740,-24856,0,1
-9101,126754,-115705,1948,-122123,1472174,-1349005,1046,0
655874,421865,-1076441,1298,987244,633445,-1620062,627,0
16507,51291,-67798,0,26411,82066,-108478,-1,1
-539521,120904,419265,648,-1555754,349400,1207191,837,0
-156137,-80252,236390,1,-202060,-103856,305917,1,1
646,-188,-457,1,1223,-357,-866,0,1
-99454,-36402,138455,2599,-1159851,-415594,1575444,-1,0
0,0,0,0,0,0,0,0,1
30000,30000,30000,90000,60000,60000,60000,180000,1
30000,30000,30000,90000,60000,60000,60000,180000,1
5172,-9896,4723,-1,14778,-28274,13496,0,1
549920,-1086841,539520,2599,822599,-1633887,810659,-629,0
-118305,661724,-543421,-2,-274829,1532502,-1256418,1255,0
967236,-57203,-910685,-652,1455835,-87141,-1368695,-1,0
-347114,226858,122204,1948,-1607284,1053438,555102,1256,0
-330,-1025,1355,0,-3813,-11848,15661,0,1
-22,-109,132,1,-2555,-12694,15249,0,1
306161,2600,-306162,2599,1405771,16757,-1422530,-2,0
137155,-106604,-27952,2599,1552611,-1215152,-337880,-421,0
-5040,4744,296,0,-14553,13698,854,-1,1
-972437,65002,910684,3249,-1458978,94891,1364714,627,0
-60290,62141,-1850,1,-96465,99426,-2961,0,1
-379615,-666275,1049139,3249,-585686,-1027883,1613149,-420,0
-42252,-95554,139755,1949,-508600,-1090306,1598276,-630,0
512869,573321,-1084891,1299,771278,861770,-1632212,836,0
884033,-59153,-826181,-1301,1461071,-98243,-1362620,208,0
-182813,-43812,226626,1,-236582,-56698,293281,1,1
-347,-317,664,0,-657,-600,1258,1,1
650,-123505,124154,1299,-2933,-1413522,1415825,-630,0
730627,299011,-1029639,-1,1128010,459164,-1586547,627,0
1260,-74,-1186,0,14553,-854,-13698,1,1
-140406,-211258,352963,1299,-650413,-972792,1622575,-630,0
-4576,5167,-591,0,-13214,14922,-1707,1,1
135205,-990638,859332,3899,200884,-1504643,1303967,208,0
635723,-590223,-44202,1298,1463795,-1359688,-104946,-839,0
912634,-789780,-122205,649,1503804,-1303759,-200466,-421,0
1043289,-781330,-260010,1949,1568740,-1177865,-391295,-420,0
705926,-393915,-312012,-1,1629697,-908274,-721634,-211,0
131954,-113755,-17551,648,1508831,-1296217,-213034,-420,0
-382865,-663675,1049139,2599,-590504,-1023694,1614196,-2,0
-340613,-721528,1066689,4548,-512790,-1087164,1599533,-421,0
-457,516,-59,0,-13214,14922,-1707,1,1
124804,-994538,872982,3248,185383,-1498359,1313184,208,0
-845682,994537,-146906,1949,-1287001,1514906,-226022,1883,0
-174,-378,553,1,-5047,-10929,15977,1,1
1058239,-750129,-304862,3248,1586965,-1128220,-459374,-629,0
30000,30000,30000,90000,60000,60000,60000,180000,1
310711,392614,-704627,-1302,720167,909739,-1629489,417,0
1042639,-353614,-687726,1299,1605817,-546934,-1059094,-211,0
194500,-219631,25130,-1,251707,-284228,32521,0,1
-311362,299011,14950,2599,-1442220,1385033,58442,1255,0
369863,185256,-555771,-652,1066425,537925,-1604352,-2,0
68756,-20082,-48674,0,110011,-32132,-77878,1,1
-497919,-587623,1087490,1948,-747399,-883975,1631582,208,0
-939936,919134,22750,1948,-1429442,1398858,32049,1465,0
33,-135,102,0,3813,-15661,11848,0,1
531719,-1075791,547970,3898,803118,-1633887,830768,-1,0
30000,30000,30000,90000,60000,60000,60000,180000,1
213858,813180,-1027039,-1,324473,1224577,-1548213,837,0
796279,-1026389,232708,2598,1204886,-1558268,353380,-2,0
115704,-130655,16900,1949,1320934,-1492703,171348,-421,0
260659,437466,-698127,-2,602862,1013219,-1615873,208,0
804080,97503,-901584,-1,1328266,159199,-1487047,418,0
386114,595422,-982187,-651,639310,982217,-1621110,417,0
-33802,-287961,323712,1949,-157943,-1329105,1487046,-2,0
64,77,-141,0,7415,8896,-16311,0,1
339312,-80604,-257410,1298,1561618,-366997,-1194623,-2,0
1074490,-497919,-574622,1949,1631792,-757244,-874339,209,0
-132,-410,542,0,-3813,-11848,15661,0,1
-5851,-302262,311361,3248,-32050,-1398859,1430488,-421,0
-352314,204107,148855,648,-1625509,947444,679110,1045,0
45922,-69526,23603,-1,73476,-111242,37765,-1,1
566,17,-584,-1,1073,32,-1106,-1,1
-233359,-113105,348413,1949,-1079832,-521378,1600999,-211,0
-27302,930184,-903534,-652,-41057,1435097,-1393203,837,0
446566,622723,-1067991,1298,678482,947863,-1625299,1046,0
110,1165,-1276,-1,1281,13461,-14742,0,1
-625974,27951,601272,3249,-1444105,62422,1382310,627,0
-6429,9733,-3304,0,-18369,27810,-9441,0,1
-957486,874282,85803,2599,-1474060,1346071,129035,1046,0
226858,-349714,125454,2598,1039193,-1611264,571232,-839,0
559020,-206708,-353614,-1302,1613987,-593227,-1021389,-629,0
429666,-536921,107254,-1,1234422,-1543814,309181,-211,0
-1060840,581771,479717,648,-1630117,895076,736296,1255,0
0,0,0,0,0,0,0,0,1
284060,-327613,44851,1298,1305014,-1503595,198161,-420,0
-766379,1016638,-248960,1299,-1180170,1568322,-386687,1465,0
30000,30000,30000,90000,60000,60000,60000,180000,1
-453717,517419,-62403,1299,-1313185,1497939,-183918,836,0
316561,-1058890,744277,1948,472989,-1590946,1117117,-840,0
141705,-52652,-87754,1299,1613358,-587781,-1025998,-421,0
30000,30000,30000,90000,60000,60000,60000,180000,1
443966,625323,-1068641,648,674920,951215,-1625090,1045,0
-558371,358163,200857,649,-1611474,1035004,577516,1046,0
-88404,-807981,898983,2598,-145375,-1336436,1481809,-2,0
-850882,-14301,866482,1299,-1400744,-25975,1427346,627,0
-9101,126104,-115055,1948,-126313,1474059,-1346700,1046,0
897683,-963987,68902,2598,1360944,-1463167,102222,-1,0
55252,-141706,87753,1299,618991,-1618805,999184,-630,0
0,-61237,61237,0,0,-97979,97979,0,1
-11,-116,127,0,-1281,-13461,14742,0,1
-512870,-570072,1086840,3898,-772326,-860305,1632630,-1,0
-44,-466,510,0,-1281,-13461,14742,0,1
632,-493,-138,1,1197,-935,-261,1,1
30000,30000,30000,90000,60000,60000,60000,180000,1
248309,-345163,99453,2599,1134085,-1585499,450785,-629,0
-6429,-3304,9733,0,-18369,-9441,27810,0,1
144955,-919785,776779,1949,236494,-1518259,1281553,-212,0
936035,-9101,-923685,3249,1422738,-16339,-1405562,837,0
237456,-151298,-86157,1,307296,-195798,-111497,1,1
-1064740,356863,712426,4549,-1603304,534364,1069777,837,0
0,0,0,0,0,0,0,0,1
-220359,-340613,562271,1299,-635960,-984941,1620899,-2,0
-20151,130004,-109205,648,-248854,1522866,-1273175,837,0
-456968,-599973,1058889,1948,-703619,-925032,1628440,-211,0
-60290,62141,-1850,1,-96465,99426,-2961,0,1
-4494,-5391,9885,0,-12840,-15404,28245,1,1
137,-40,-97,0,15882,-4639,-11243,0,1
-263260,334112,-68253,2599,-1224368,1548631,-322798,1465,0
565521,-247660,-317862,-1,1628650,-711998,-917072,-420,0
664,-332,-332,0,1258,-629,-629,0,1
139105,-98154,-39002,1949,1587802,-1124869,-463773,-840,0
917834,-921735,5850,1949,1411008,-1418550,6703,-839,0
-1065390,421215,648724,4549,-1620691,639310,982636,1255,0
592172,481668,-1072541,1299,899266,731897,-1630117,1046,0
-23401,-927585,954885,3899,-37915,-1395508,1433212,-211,0
505,-626,121,0,957,-1186,229,0,1
-566,-17,584,1,-1073,-32,1106,1,1
9777,-3547,-6229,1,27936,-10136,-17799,1,1
297711,-966587,670825,1949,488071,-1594088,1106015,-2,0
-143656,1002987,-858033,1298,-217224,1511135,-1292866,1045,0
-470,-172,642,0,-890,-325,1215,0,1
174,378,-553,-1,5047,10929,-15977,-1,1
-5379,4203,1176,0,-15534,12138,3396,0,1
208007,-1025089,820330,3248,309391,-1544024,1234632,-1,0
-656,238,418,0,-1243,451,792,0,1
-263260,334112,-68903,1949,-1221017,1550307,-327825,1465,0
30000,30000,30000,90000,60000,60000,60000,180000,1
-439417,985436,-547971,-1952,-726033,1630535,-903875,627,0
223608,-947086,724127,649,366996,-1562248,1194832,-420,0
-1001688,196957,807330,2599,-1539834,300174,1240497,837,0
0,-4898,4898,0,0,-14145,14145,0,1
-214212,12582,201630,0,-277216,16283,260933,0,1
-41562,-28760,70323,1,-66500,-46016,112517,1,1
4301,-5332,1030,-1,12420,-15397,2976,-1,1
-347,664,-317,0,-657,1258,-600,1,1
-182813,-43812,226626,1,-236582,-56698,293281,1,1
-1087491,546670,544070,3249,-1632631,820504,813382,1255,0
541,-1402,860,-1,6250,-16194,9943,-1,1
-664,332,332,0,-1258,629,629,0,1
-214212,201630,12582,0,-277216,260933,16283,0,1
-543421,1083590,-540171,-2,-818829,1633886,-813802,1255,0
884033,-60453,-826181,-2601,1461909,-100547,-1361573,-211,0
26000,-931485,906783,1298,39171,-1434051,1394669,-211,0
624023,-1082941,463467,4549,932781,-1628022,695030,-211,0
-323063,284060,41601,2598,-1496054,1315279,181822,1047,0
-939936,739727,198907,-1302,-1549260,1222692,327615,1047,0
260009,304861,-565522,-652,749074,882508,-1631374,208,0
353613,-207358,-144956,1299,1625508,-949540,-676388,-420,0
-559671,206707,353613,649,-1614825,596578,1018456,209,0
-353614,182006,172906,1298,-1632421,841870,792016,1465,0
-451117,1067339,-615574,648,-687490,1627602,-938648,1464,0
-1344,1050,294,0,-15534,12138,3396,0,1
274310,55252,-329563,-1,1263120,265401,-1528104,417,0
-70492,40050,30441,-1,-112788,64081,48706,-1,1
-647425,-322413,973736,3898,-1069359,-534365,1603932,208,0
0,0,0,0,0,0,0,0,1
85153,55902,-138456,2599,964412,659838,-1623414,836,0
-220359,-339963,562921,2599,-637635,-983684,1621109,-210,0
1057589,-309412,-746878,1299,1588640,-465658,-1122984,-2,0
795629,-1038089,245709,3249,1193575,-1563086,369300,-211,0
-986737,109854,882733,5850,-1487885,161712,1327009,836,0
-708527,-245060,954885,1298,-1165925,-407006,1573558,627,0
115704,13650,-127405,1949,1323657,166740,-1490189,208,0
-513520,-568772,1086840,4548,-773793,-858629,1632630,208,0
-1071241,700726,371163,648,-1607075,1053857,554474,1256,0
-1084891,488818,598672,2599,-1630117,734201,896752,836,0
-1076441,414065,664974,2598,-1618386,622343,996671,628,0
-70710,35355,35355,0,-113137,56568,56568,-1,1
314611,656524,-969837,1298,519073,1081926,-1600372,627,0
424465,-703977,281460,1948,975095,-1622785,647270,-420,0
30000,30000,30000,90000,60000,60000,60000,180000,1
549920,-392615,-157306,-1,1585708,-1131781,-453928,-1,0
213207,136505,-349714,-2,980960,640567,-1621110,417,0
-45922,-23603,69526,1,-73476,-37765,111242,1,1
5200,937985,-943186,-1,8588,1410798,-1418340,1046,0
841781,-875583,34451,649,1385242,-1442429,56557,-630,0
9868,-5607,-4261,0,28197,-16020,-12176,1,1
1075140,-393265,-679926,1949,1614405,-592389,-1022018,-2,0
-299662,-266510,566171,-1,-863447,-768975,1632420,-2,0
642,770,-1412,0,7415,8896,-16311,0,1
-1020539,191757,832681,3899,-1535435,286558,1249714,837,0
431,-653,221,-1,817,-1237,420,0,1
537570,-424466,-113105,-1,1549050,-1222902,-326568,-420,0
689675,-1073191,386764,3248,1031024,-1613150,581077,-1049,0
880132,-995838,119604,3898,1317373,-1495426,177842,-211,0
-437,1383,-946,0,-5047,15977,-10929,1,1
1344,-294,-1050,0,15534,-3396,-12138,0,1
253509,-1041990,791729,3248,377469,-1565390,1187500,-421,0
591522,480367,-1071891,-2,900523,730431,-1630117,837,0
670175,-1075141,408215,3249,1004631,-1618177,612917,-629,0
999,366,-1366,-1,11549,4227,-15777,-1,1
-1049790,766378,285360,1948,-1578168,1152728,426276,836,0
-614,527,86,-1,-1162,998,164,0,1
222115,-31380,-190735,0,287443,-40610,-246833,0,1
-558,355,202,-1,-16133,10279,5853,-1,1
-1035489,233358,806680,4549,-1555545,348143,1208028,626,0
999087,-191758,-805381,1948,1539414,-297661,-1241755,-2,0
-45922,-23603,69526,1,-73476,-37765,111242,1,1
668875,-140406,-529120,-651,1547374,-321960,-1225625,-211,0
508969,-1061490,554470,1949,779657,-1633469,852972,-840,0
-848282,-16251,867782,3249,-1398859,-29955,1429232,418,0
-177457,-376365,554470,648,-513628,-1086535,1599533,-630,0
295,269,-565,-1,8534,7793,-16328,-1,1
650,-123505,124154,1299,-1467,-1413941,1415197,-211,0
-350364,1041339,-689676,1299,-540440,1605608,-1064122,1046,0
-505719,32501,473217,-1,-1458559,93634,1365552,627,0
-563,243,320,0,-16283,7032,9251,0,1
-1062790,720877,344512,2599,-1599534,1084021,516769,1256,0
353613,-208008,-145606,-1,1625508,-949540,-676388,-420,0
573321,514169,-1085541,1949,860723,772116,-1632212,627,0
-1058890,315911,745577,2598,-1589479,471941,1118584,1046,0
-125617,-114716,240333,0,-162563,-148456,311020,1,1
-1068641,703976,367263,2598,-1606237,1057837,549656,1256,0
-879483,833981,45501,-1,-1448923,1377492,72896,1465,0
69840,-25340,-44499,1,111744,-40544,-71199,1,1
-732578,-297712,1032888,2598,-1126754,-460631,1587384,-1,0
456967,-520020,63702,649,1313184,-1497730,184335,-211,0
-932785,31851,905483,4549,-1436774,46502,1390479,207,0
222115,-190735,-31380,0,287443,-246833,-40610,0,1
120,3,-124,-1,13927,427,-14354,0,1
-140,60,80,0,-16283,7032,9251,0,1
-128705,986736,-857383,648,-197114,1503385,-1305015,1256,0
295,-565,269,-1,8534,-16328,7793,-1,1
-41602,137155,-93604,1949,-501059,1597438,-1095543,836,0
-22751,-927585,954235,3899,-37287,-1395926,1433002,-211,0
-395865,546020,-149506,649,-1145816,1581309,-434237,1256,0
-2955,5654,-2699,0,-8534,16328,-7793,1,1
-654575,-419916,1080340,5849,-986617,-633865,1620480,-2,0
378964,667575,-1046540,-1,585685,1027673,-1612940,418,0
-1085541,565521,523269,3249,-1632212,849411,784056,1255,0
-89054,-807981,898983,1948,-146422,-1335808,1482019,-211,0
800179,233358,-1032239,1298,1207191,349400,-1555964,627,0
2164,3443,-5608,-1,6250,9943,-16194,-1,1
-421216,-655875,1080990,3899,-633236,-987245,1620480,-1,0
264559,434866,-698127,1298,609774,1007563,-1616920,417,0
-577222,1058239,-479068,1949,-889003,1631582,-741324,1255,0
-82554,139105,-55903,648,-958548,1625089,-665286,1255,0
558370,-359464,-199558,-652,1611054,-1036890,-575003,-839,0
-211908,-479068,691625,649,-488910,-1105597,1594087,-420,0
-21850,-47314,69165,1,-34961,-75703,110664,0,1
-551221,164456,388064,1299,-1590317,474246,1116698,627,0
-90354,-892484,985436,2598,-135739,-1342092,1477620,-211,0
-1058890,750128,308761,-1,-1586966,1126753,461258,1045,0
35751,287310,-319812,3249,157313,1329732,-1486419,626,0
457,59,-516,0,13214,1707,-14922,-1,1
204988,-211281,6293,0,265279,-273423,8144,0,1
-1088141,549270,542120,3249,-1632631,824275,809402,1046,0
30000,30000,30000,90000,60000,60000,60000,180000,1
563,-320,-243,0,16283,-9251,-7032,0,1
641574,440716,-1079041,3249,963783,660676,-1623623,836,0
-237456,151298,86157,-1,-307296,195798,111497,-1,1
109146,-240086,130940,0,141248,-310700,169451,-1,1
594122,477767,-1071891,-2,904084,726241,-1629698,627,0
-120,-3,124,1,-13927,-427,14354,0,1
-1082941,584371,502468,3898,-1631164,879156,753263,1255,0
32101,-70613,38511,-1,51363,-112982,61618,-1,1
885983,-61103,-824881,-1,1462747,-102852,-1360107,-212,0
482,-497,14,-1,13927,-14354,427,0,1
-155,-482,637,0,-293,-912,1206,1,1
290560,-1049790,762478,3248,434027,-1581100,1146862,-211,0
221,1099,-1320,0,2555,12694,-15249,0,1
1041989,-356864,-685776,-651,1606655,-550914,-1056162,-421,0
171606,843731,-1014038,1299,257651,1268566,-1525381,836,0
88,439,-528,-1,2555,12694,-15249,0,1
-254,658,-404,0,-481,1247,-766,0,1
-934736,13000,927584,5848,-1422739,17595,1405980,836,0
65652,76052,-139106,2598,741533,889630,-1630745,418,0
4823,-4971,148,0,13927,-14354,427,0,1
566821,-1087491,525219,4549,846269,-1633469,786988,-212,0
-211908,558370,-346463,-1,-614174,1618176,-1003584,418,0
-64,-77,141,0,-7415,-8896,16311,0,1
30000,30000,30000,90000,60000,60000,60000,180000,1
-936686,-3251,945135,5198,-1410171,-7542,1418339,626,0
5500,-1606,-3893,1,15882,-4639,-11243,0,1
0,0,0,0,0,0,0,0,1
1075140,-570072,-503119,1949,1632420,-866380,-766042,-2,0
-312662,1055639,-742328,649,-470686,1590316,-1119213,417,0
-524570,78002,446566,-2,-1513022,225183,1288466,627,0
-114,129,-14,1,-13214,14922,-1707,1,1
233773,-68281,-165491,1,302530,-88364,-214165,1,1
-1065390,419915,650024,4549,-1620272,636378,984940,1046,0
30000,30000,30000,90000,60000,60000,60000,180000,1
-3251,-939286,945135,2598,-6075,-1411846,1417920,-1,0
-352314,1041339,-688376,649,-542954,1606236,-1062446,836,0
1076440,-653925,-421216,1299,1620690,-985988,-634912,-210,0
222115,-190735,-31380,0,287443,-246833,-40610,0,1
0,0,0,0,0,0,0,0,1
511569,-991288,479717,-2,840194,-1633678,792644,-840,0
349713,-230109,-118955,649,1607493,-1053020,-555732,-1259,0
-521320,450466,70202,-652,-1503805,1303758,201093,1046,0
414715,-1078391,666274,2598,618782,-1618805,999813,-210,0
0,0,0,0,0,0,0,0,1
-811231,1028988,-217759,-2,-1219341,1550935,-329920,1674,0
-962037,688375,272360,-1302,-1583823,1137017,447643,837,0
255459,85153,-338663,1949,1173675,396741,-1570208,208,0
-107255,-25351,135855,3249,-1244478,-293262,1538157,417,0
1059539,-576572,-481019,1948,1630744,-890678,-740277,-211,0
1033538,-811881,-222309,-652,1551354,-1218503,-333062,-211,0
-1066690,638973,432266,4549,-1622785,970486,653554,1255,0
-987387,107904,884033,4550,-1486628,159199,1328685,1256,0
1205,37,-1242,0,13927,427,-14354,0,1
-1084241,583071,504418,3248,-1631164,876643,755777,1256,0
-855433,-147556,1006887,3898,-1288258,-224346,1513649,1045,0
-33,135,-102,0,-3813,15661,-11848,0,1
873632,-960086,87753,1299,1342510,-1477411,134271,-630,0
-839182,-159256,1002987,4549,-1275689,-244665,1521400,1046,0
261959,436816,-698127,648,603909,1012381,-1616082,208,0
-8820,8302,518,0,-25201,23721,1480,0,1
455667,623373,-1079041,-1,689165,938228,-1626346,1047,0
492718,189807,-685126,-2601,1140159,442615,-1582776,-2,0
83,-140,57,0,9600,-16244,6643,-1,1
-54,-86,140,0,-6250,-9943,16194,1,1
11061,54952,-66014,-1,17698,87924,-105622,0,1
1033538,-811231,-222309,-2,1551564,-1217875,-334319,-630,0
-1002338,197607,806680,1949,-1540672,301640,1239240,208,0
128704,-542121,414065,648,368252,-1562457,1193994,-211,0
293811,-566172,273660,1299,843965,-1633469,789083,-421,0
233773,-165491,-68281,1,302530,-214165,-88364,1,1
7527,-9331,1804,0,21507,-26661,5154,0,1
-512870,-570722,1086840,3248,-771907,-860514,1632420,-1,0
-426416,533019,-106604,-1,-1234004,1544023,-309182,837,0
-46802,-587623,635723,1298,-109974,-1356546,1466308,-212,0
121554,2600,-122855,1299,1393202,41685,-1434469,418,0
-336713,-226209,562921,-1,-969440,-653346,1623203,417,0
0,0,0,0,0,0,0,0,1
-507019,987386,-482319,-1952,-837263,1633886,-795578,1045,0
577221,-1061490,486218,1949,884184,-1632212,747398,-630,0
609722,-617524,10400,2598,1404514,-1424624,19690,-420,0
-109146,-130940,240086,0,-141248,-169451,310700,1,1
319161,-26001,-291211,1949,1468194,-115420,-1352985,-211,0
0,0,0,0,0,0,0,0,1
599322,458267,-1056940,649,924402,704247,-1628022,627,0
-918485,917184,1950,649,-1414151,1414569,628,1046,0
0,0,0,0,0,0,0,0,1
-233359,-113105,348413,1949,-1081717,-518864,1600580,-1,0
-838532,-175507,1018588,4549,-1262283,-265402,1528312,627,0
-536921,422515,115054,648,-1549260,1222273,327824,837,0
88403,893133,-981537,-1,133434,1343557,-1476155,836,0
960735,-687076,-274961,-1302,1584870,-1133667,-452043,-840,0
1084240,-582422,-499869,1949,1631373,-879576,-752217,-420,0
-663675,1073840,-408216,1949,-1001280,1618595,-616060,1255,0
-74292,235162,-160869,1,-96143,304328,-208184,1,1
0,0,0,0,0,0,0,0,1
11,116,-127,0,1281,13461,-14742,0,1
1068640,-701377,-366614,649,1607283,-1054905,-553008,-630,0
-140406,79302,62402,1298,-1627184,930058,698172,1046,0
-332163,1061489,-728028,1298,-499802,1597229,-1096590,837,0
-541,-860,1402,1,-6250,-9943,16194,1,1
-54,-86,140,0,-6250,-9943,16194,1,1
8008,-9043,1034,-1,22882,-25838,2956,0,1
841781,-874933,35101,1949,1384614,-1442848,57395,-839,0
30000,30000,30000,90000,60000,60000,60000,180000,1
1006887,-146256,-858033,2598,1511973,-221623,-1290562,-212,0
-944486,214508,731927,1949,-1556802,352123,1205515,836,0
890533,75402,-964637,1298,1354450,114162,-1467776,836,0
-78653,978286,-898334,1299,-119190,1470917,-1350890,837,0
-967237,293160,674725,648,-1591993,481996,1111043,1046,0
291860,-1049790,762478,4548,434446,-1581100,1146444,-210,0
656,-418,-238,0,1243,-792,-451,0,1
0,0,0,0,0,0,0,0,1
275610,-1023789,751428,3249,422506,-1578168,1154822,-840,0
-407566,-295112,705926,3248,-942418,-683719,1626345,208,0
-210608,-479068,691625,1949,-487234,-1106854,1593668,-420,0
5172,-9896,4723,-1,14778,-28274,13496,0,1
50051,912634,-962037,648,75410,1376026,-1450180,1256,0
878182,-836582,-42902,-1302,1447875,-1378331,-69964,-420,0
-365964,-689026,1060839,5849,-557407,-1051134,1608540,-1,0
3673,-5562,1888,-1,10608,-16060,5452,0,1
1011437,-824231,-184607,2599,1534806,-1252019,-282789,-2,0
-347,664,-317,0,-657,1258,-600,1,1
-353614,158605,195657,648,-1629907,732316,898637,1046,0
-456968,-620774,1081640,3898,-688747,-938019,1627393,627,0
436816,643524,-1078391,1949,657744,966297,-1623204,837,0
-364664,555120,-189808,648,-1054486,1607912,-552589,837,0
1084890,-488169,-594773,1948,1630744,-736088,-894658,-2,0
131304,-988688,861282,3898,195019,-1502548,1307319,-210,0
302261,-1044590,746227,3898,453508,-1586128,1132409,-211,0
753378,-1056940,306161,2599,1127591,-1587803,460002,-210,0
880782,-995838,117004,1948,1319258,-1494169,174700,-211,0
696826,-245060,-451117,649,1609378,-565367,-1044431,-420,0
30000,30000,30000,90000,60000,60000,60000,180000,1
369213,688375,-1056940,648,562434,1047153,-1608751,836,0
51351,-328913,280810,3248,230001,-1515954,1285533,-420,0
-1075,1333,-257,1,-12420,15397,-2976,1,1
-61753,640273,-577222,1298,-145793,1482438,-1335389,1256,0
1059539,-508320,-551221,-2,1632420,-784476,-848365,-421,0
-145606,1002987,-857383,-2,-219318,1511973,-1291400,1255,0
312011,657824,-968537,1298,515931,1084230,-1599953,208,0
0,8573,-8573,0,0,24494,-24494,0,1
30000,30000,30000,90000,60000,60000,60000,180000,1
-745578,936035,-190458,-1,-1230024,1546117,-314838,1255,0
-90354,137805,-46152,1299,-1056581,1607283,-549866,836,0
122204,1950,-122205,1949,1395088,38124,-1432794,418,0
459567,54602,-515470,-1301,1327009,161084,-1487676,417,0
34451,101403,-134556,1298,385639,1182263,-1566856,1046,0
-557721,358813,200857,1949,-1611683,1035423,577097,837,0
492068,-1086191,597372,3249,735039,-1631374,895705,-630,0
980236,-876233,-102054,1949,1485999,-1330362,-155848,-211,0
1015988,-839182,-174857,1949,1527893,-1264168,-264146,-421,0
707226,-345813,-360764,649,1632839,-797044,-836215,-420,0
174,378,-553,-1,5047,10929,-15977,-1,1
416015,-1079041,664974,1948,621714,-1619434,997508,-212,0
30000,30000,30000,90000,60000,60000,60000,180000,1
30000,30000,30000,90000,60000,60000,60000,180000,1
365313,691625,-1056290,648,555731,1052390,-1607494,627,0
30000,30000,30000,90000,60000,60000,60000,180000,1
-598023,1069290,-469968,1299,-910788,1629906,-717863,1255,0
-120,124,-3,1,-13927,14354,-427,0,1
607772,474517,-1080991,1298,915186,714511,-1628860,837,0
937985,-743628,-195008,-651,1547165,-1226673,-320913,-421,0
-211908,-138456,353613,3249,-981799,-639521,1621109,-211,0
1548,-9241,7693,0,4424,-26405,21981,0,1
30000,30000,30000,90000,60000,60000,60000,180000,1
131954,-114405,-16901,648,1505899,-1300826,-205912,-839,0
0,0,0,0,0,0,0,0,1
86453,-527170,442016,1299,246339,-1521820,1275269,-212,0
-707877,-244410,955535,3248,-1166973,-405540,1573139,626,0
-845682,995187,-146906,2599,-1286791,1514906,-226231,1884,0
-1001688,195657,807980,1949,-1539625,299755,1240706,836,0
-155,-482,637,0,-293,-912,1206,1,1
1082940,-486869,-596723,-652,1630535,-733364,-897381,-210,0
1083590,-469318,-613623,649,1628440,-707180,-921890,-630,0
-1084241,620773,466067,2599,-1627184,931106,697125,1047,0
87103,-527820,442016,1299,248015,-1522448,1274222,-211,0
797579,-1038739,243109,1949,1195670,-1562038,365948,-420,0
115704,13650,-127405,1949,1324914,165064,-1489351,627,0
30000,30000,30000,90000,60000,60000,60000,180000,1
-288611,-31202,322412,2599,-1338112,-141395,1479715,208,0
-428367,532369,-104654,-652,-1237146,1542556,-304364,1046,0
-550,160,389,-1,-15882,4639,11243,0,1
121554,-993238,874932,3248,180565,-1496473,1316116,208,0
-72153,139105,-65653,1299,-849412,1633468,-782800,1256,0
396514,-1074491,680575,2598,592179,-1614825,1022226,-420,0
126,-7,-118,1,14553,-854,-13698,1,1
30000,30000,30000,90000,60000,60000,60000,180000,1
-1041340,250909,792379,1948,-1564133,376841,1188338,1046,0
-165757,1012087,-845682,648,-249064,1523075,-1272966,1045,0
65002,-143006,78652,648,736505,-1630955,894238,-212,0
-566,584,-17,1,-1073,1106,-32,1,1
1082940,-582422,-499869,649,1631792,-879576,-752007,209,0
103,-620,516,-1,196,-1175,978,-1,1
0,0,0,0,0,0,0,0,1
22,109,-132,-1,2555,12694,-15249,0,1
76702,-338013,262609,1298,351076,-1557430,1205724,-630,0
-371164,1067339,-694877,1298,-560130,1609588,-1048202,1256,0
30000,30000,30000,90000,60000,60000,60000,180000,1
-705277,393914,313961,2598,-1629070,910368,719957,1255,0
0,0,0,0,0,0,0,0,1
-918,-472,1390,0,-10608,-5452,16060,0,1
-130,18,112,0,-15090,2132,12958,0,1
122204,-125455,5850,2599,1392364,-1435726,42941,-421,0
222115,-31380,-190735,0,287443,-40610,-246833,0,1
2164,-5608,3443,-1,6250,-16194,9943,-1,1
831,-1406,575,0,9600,-16244,6643,-1,1
102053,-137156,37701,2598,1152309,-1579006,426276,-421,0
0,0,0,0,0,0,0,0,1
289910,29901,-319162,649,1336435,144955,-1481182,208,0
-664975,1060189,-393265,1949,-1013848,1616500,-601397,1255,0
-53302,-86454,141055,1299,-630932,-989131,1620061,-2,0
-124805,6500,120254,1949,-1456255,88816,1367856,417,0
-1033539,810580,224908,1949,-1551355,1217455,335365,1465,0
239675,-136173,-103501,1,310167,-176224,-133943,0,1
63003,-59302,-3700,1,100805,-94884,-5921,0,1
-282761,-754029,1041989,5199,-432981,-1147911,1580890,-2,0
-576572,641574,-63703,1299,-1331828,1485161,-152287,1046,0
-141,70,70,-1,-16334,8167,8167,0,1
-91,139,-47,1,-10608,16060,-5452,0,1
-126,7,118,-1,-14553,854,13698,-1,1
-9414,7356,2058,0,-26899,21019,5880,0,1
-214509,1017288,-801481,1298,-327825,1550097,-1221226,1046,0
-133906,29901,107254,3249,-1553240,341440,1212637,837,0
1344,-294,-1050,0,15534,-3396,-12138,0,1
146905,-1004288,861282,3899,217432,-1511136,1293284,-420,0
-361414,-345163,708526,1949,-834121,-798929,1633049,-1,0
-209308,-479718,691625,2599,-485139,-1108530,1593249,-420,0
-809281,-91654,901583,648,-1331618,-152706,1484742,418,0
-237456,151298,86157,-1,-307296,195798,111497,-1,1
-6429,-3304,9733,0,-18369,-9441,27810,0,1
73,-141,67,-1,8534,-16328,7793,-1,1
0,0,0,0,0,0,0,0,1
-969837,111804,859982,1949,-1491237,170510,1321563,836,0
5500,-3893,-1606,1,15882,-11243,-4639,0,1
123504,-993888,874282,3898,182450,-1497311,1314860,-1,0
0,0,0,0,0,0,0,0,1
-825531,1024438,-198258,649,-1239869,1541090,-299965,1256,0
587622,395864,-982837,649,970696,652507,-1622576,627,0
0,0,0,0,0,0,0,0,1
928884,24700,-952286,1298,1396554,35191,-1431537,208,0
-341263,247009,96203,1949,-1580262,1147072,434236,1046,0
273010,57202,-330213,-1,1259768,270638,-1529780,626,0
-505069,679925,-171607,3249,-1169277,1572720,-401979,1464,0
1075790,-408866,-666275,649,1617967,-616688,-1001280,-1,0
61752,-968537,910034,3249,91120,-1458349,1366809,-420,0
-136506,40301,99453,3248,-1588222,465867,1122773,418,0
720877,341912,-1062790,-1,1086115,513417,-1599324,208,0
-739078,-316562,1060189,4549,-1112929,-478227,1591992,836,0
522619,465417,-989338,-1302,863027,769812,-1632002,837,0
-759879,-170957,931484,648,-1250762,-284045,1535225,418,0
-1069941,702676,370513,3248,-1606865,1054904,553426,1465,0
592,-557,-34,1,1121,-1055,-65,1,1
21850,-69165,47314,-1,34961,-110664,75703,0,1
-60290,-1850,62141,1,-96465,-2961,99426,0,1
-227509,1030938,-804081,-652,-342279,1554706,-1211800,627,0
-848282,-16901,867782,2599,-1398650,-30584,1429651,417,0
1083590,-580472,-502469,649,1631792,-876225,-755568,-1,0
256109,83203,-338013,1299,1176817,392342,-1568951,208,0
-1014689,839831,177456,2598,-1527685,1264167,264982,1464,0
-400,-146,546,0,-11550,-4227,15777,0,1
-5587,3559,2027,-1,-16133,10279,5853,-1,1
804730,94253,-900934,-1951,1330570,155428,-1485371,627,0
-327613,705276,-375065,2598,-760805,1632839,-870778,1256,0
131954,-20151,-111155,648,1510507,-217643,-1292866,-2,0
0,0,0,0,0,0,0,0,1
-501819,476467,25350,-2,-1449133,1377282,72896,1045,0
30000,30000,30000,90000,60000,60000,60000,180000,1
293160,-566172,274960,1948,841451,-1633678,791597,-630,0
1205,-1242,37,0,13927,-14354,427,0,1
-840482,-156006,1002987,6499,-1278831,-239637,1519305,837,0
361413,344512,-706577,-652,835167,798090,-1632840,417,0
-60290,-1850,62141,1,-96465,-2961,99426,0,1
-522,73,448,-1,-15090,2132,12958,0,1
-841132,-155356,1002337,5849,-1279669,-238171,1518676,836,0
-549921,391314,158605,-2,-1585918,1131361,454974,417,0
0,0,0,0,0,0,0,0,1
-204988,-6293,211281,0,-265279,-8144,273423,0,1
-707877,-357514,1071240,5849,-1064331,-541068,1605189,-210,0
4823,148,-4971,0,13927,427,-14354,0,1
643524,438116,-1079041,2599,966925,656906,-1623204,627,0
-447217,-620774,1072540,4549,-680368,-945770,1626555,417,0
700076,-438117,-261310,649,1616291,-1010916,-605796,-421,0
-1076441,395864,681875,1298,-1614197,593226,1021388,417,0
30000,30000,30000,90000,60000,60000,60000,180000,1
1042639,-354264,-687726,649,1606027,-547562,-1058675,-210,0
-708527,-245060,954885,1298,-1166135,-407006,1573558,417,0
-666925,-378315,1049789,4549,-1028302,-584429,1612730,-1,0
-641575,1050439,-407566,1298,-989340,1620899,-630094,1465,0
740377,317861,-1056290,1948,1115232,475712,-1590736,208,0
11700,-128055,118954,2599,122960,-1472175,1349213,-2,0
-328913,51351,278860,1298,-1518259,238798,1279878,417,0
300311,729977,-1030289,-1,463982,1124658,-1587803,837,0
-456318,-621424,1082290,4548,-688537,-938648,1627393,208,0
21850,-69165,47314,-1,34961,-110664,75703,0,1
-1026389,278860,750128,2599,-1578168,426905,1152099,836,0
-178107,351663,-172907,649,-826999,1633886,-805214,1673,0
-878183,835281,42901,-1,-1447666,1378958,69544,836,0
5587,-3559,-2027,1,16133,-10279,-5853,1,1
39651,-956186,921084,4549,56138,-1442220,1385871,-211,0
0,0,0,0,0,0,0,0,1
-219709,-340613,562271,1949,-635331,-985988,1620899,-420,0
132,410,-542,0,3813,11848,-15661,0,1
1017938,-771579,-243760,2599,1564342,-1188549,-376213,-420,0
916534,-965937,51351,1948,1374769,-1451646,76667,-210,0
1083590,-486219,-597373,-2,1630325,-733155,-897381,-211,0
-592,34,557,-1,-1121,65,1055,-1,1
367,-556,188,-1,10608,-16060,5452,0,1
-781980,-259360,1045239,3899,-1177446,-391086,1568950,418,0
-128705,347763,-218409,649,-599511,1616081,-1015734,836,0
-310712,1054989,-743628,649,-467544,1589688,-1121098,1046,0
-291861,564221,-271711,649,-845432,1633677,-787199,1046,0
-57206,-7391,64597,0,-91529,-11826,103355,0,1
37609,-224447,186838,0,48670,-290462,241791,-1,1
-103,-516,620,1,-196,-978,1175,1,1
-178107,351663,-172257,1299,-830979,1633886,-801862,1045,0
30000,30000,30000,90000,60000,60000,60000,180000,1
-114,-14,129,1,-13214,-1707,14922,1,1
30000,30000,30000,90000,60000,60000,60000,180000,1
986736,-102704,-882084,1948,1487046,-158362,-1328267,417,0
-370514,978286,-608423,-651,-612499,1618176,-1004841,836,0
-978287,85803,898333,5849,-1472384,125474,1347956,1046,0
-1019889,193707,830731,4549,-1536064,288862,1248038,836,0
173556,843081,-1015339,1298,260584,1266890,-1526637,837,0
400,146,-546,0,11550,4227,-15777,0,1
857382,149505,-1003638,3249,1290142,222878,-1512184,836,0
37609,-224447,186838,0,48670,-290462,241791,-1,1
-839832,872982,-33802,-652,-1384824,1442638,-56558,1256,0
330862,-54603,-275611,648,1520352,-244036,-1276527,-211,0
1016638,-838532,-176157,1949,1528522,-1263540,-265402,-420,0
1054989,-706577,-348414,-2,1602884,-1072291,-530804,-211,0
83,-140,57,0,9600,-16244,6643,-1,1
-128705,111804,19500,2599,-1506528,1299149,209053,1674,0
0,0,0,0,0,0,0,0,1
-1087491,546020,545370,3899,-1632631,819247,814429,1045,0
771578,-1017939,248959,2598,1183730,-1567275,383125,-420,0
0,0,0,0,0,0,0,0,1
459567,-1071891,616873,4549,692516,-1627813,935505,208,0
558,-355,-202,1,16133,-10279,-5853,1,1
1008187,-178757,-826831,2599,1531035,-272943,-1257884,208,0
-281461,324362,-40952,1949,-1305853,1502966,-195857,1256,0
-696827,245709,454367,3249,-1609170,565785,1044221,836,0
-63003,3700,59302,-1,-100805,5921,94884,0,1
-1051740,765728,287310,1298,-1578587,1151471,428371,1255,0
8820,-8302,-518,0,25201,-23721,-1480,0,1
-82554,139755,-55903,1298,-958548,1625089,-665495,1046,0
-531070,-527170,1062789,4549,-819039,-814430,1633258,-211,0
30000,30000,30000,90000,60000,60000,60000,180000,1
-903534,-63053,971786,5199,-1362411,-98243,1461071,417,0
30000,30000,30000,90000,60000,60000,60000,180000,1
919784,-919135,1950,2599,1413102,-1415826,1885,-839,0
0,0,0,0,0,0,0,0,1
30000,30000,30000,90000,60000,60000,60000,180000,1
-222115,190735,31380,0,-287443,246833,40610,0,1
-130005,17550,114404,1949,-1510299,217642,1293074,417,0
-109855,966586,-857383,-652,-168626,1491864,-1322402,836,0
934735,-6501,-924985,3249,1420643,-12150,-1408076,417,0
-35102,-910685,951635,5848,-56977,-1385243,1442638,418,0
-119605,122854,-1301,1948,-1392156,1435935,-42942,837,0
974386,-92304,-878833,3249,1479924,-142023,-1337693,208,0
-5587,2027,3559,-1,-16133,5853,10279,-1,1
109146,130940,-240086,0,141248,169451,-310700,-1,1
1085540,-561622,-523270,648,1632839,-846061,-786989,-211,0
-665625,1060839,-392615,2599,-1015105,1616081,-599721,1255,0
-1040039,248959,793679,2599,-1563295,373280,1190642,627,0
278210,770278,-1047190,1298,417898,1159431,-1576073,1256,0
23400,108554,-130655,1299,262469,1265633,-1527056,1046,0
-656525,555770,102703,1948,-1515326,1285114,231467,1255,0
625973,-29252,-597373,-652,1445571,-64518,-1380635,418,0
92953,436166,-528470,649,265611,1263748,-1528104,1255,0
550,-389,-160,1,15882,-11243,-4639,0,1
-21850,-47314,69165,1,-34961,-75703,110664,0,1
-856083,-146256,1006887,4548,-1289095,-223089,1513230,1046,0
-285361,-750779,1042639,6499,-436751,-1144559,1581728,418,0
831,-1406,575,0,9600,-16244,6643,-1,1
44851,93603,-136506,1948,504410,1093237,-1597230,417,0
-523270,1082290,-558371,649,-789503,1633677,-842919,1255,0
-46802,-464118,512219,1299,-135948,-1342092,1477620,-420,0
380264,689025,-1069291,-2,572698,1038984,-1610636,1046,0
295,269,-565,-1,8534,7793,-16328,-1,1
-1034189,807980,226858,649,-1552193,1215570,337669,1046,0
-241810,-709177,952935,1948,-397999,-1173048,1570835,-212,0
99,-136,36,-1,11549,-15777,4227,-1,1
-228159,1031588,-804081,-652,-342698,1554915,-1211172,1045,0
1083590,-510270,-572022,1298,1632420,-770860,-861562,-2,0
204988,6293,-211281,0,265279,8144,-273423,0,1
1051739,-763779,-285361,2599,1579633,-1149587,-430676,-630,0
-11,-116,127,0,-1281,-13461,14742,0,1
1057589,-750779,-304862,1948,1586965,-1128011,-459584,-630,0
1074490,-568122,-505069,1299,1632420,-863447,-768765,208,0
30000,30000,30000,90000,60000,60000,60000,180000,1
-572672,983486,-412116,-1302,-944932,1626764,-680996,836,0
-224259,347113,-121555,1299,-1039823,1611263,-570604,836,0
1004287,-865833,-137806,648,1506946,-1299569,-207588,-211,0
-204988,211281,-6293,0,-265279,273423,-8144,0,1
0,1224,-1224,0,0,14145,-14145,0,1
-562922,1084890,-521970,-2,-846480,1633468,-785942,1046,0
-564872,1084890,-520670,-652,-848784,1633468,-783428,1256,0
-849582,-15601,867132,1949,-1399697,-28070,1428603,836,0
168356,185256,-351014,2598,769812,863027,-1632212,627,0
-31852,-102704,137155,2599,-386897,-1181217,1567903,-211,0
738427,321112,-1056940,2599,1112299,479692,-1591365,626,0
5818,-9845,4026,-1,16625,-28129,11504,0,1
-456968,-621424,1081640,3248,-688956,-938019,1627393,418,0
289260,750778,-1038739,1299,438845,1143720,-1581519,1046,0
-258060,-784580,1044589,1949,-386478,-1181217,1568112,417,0
957485,-876233,-79303,1949,1471964,-1349214,-123380,-630,0
-765729,1016638,-248960,1949,-1179751,1568531,-387525,1255,0
0,0,0,0,0,0,0,0,1
851531,-1010138,161206,2599,1278202,-1520353,241940,-211,0
-700727,439416,261959,648,-1615244,1015733,600558,1047,0
390,-661,270,-1,739,-1251,511,-1,1
-286011,-750779,1042639,5849,-437798,-1144140,1582147,209,0
-237259,-712427,951635,1949,-392552,-1177237,1569578,-211,0
10400,-616874,609072,2598,20737,-1425043,1403885,-421,0
1083590,-488819,-594773,-2,1630744,-737135,-893820,-211,0
541,-1402,860,-1,6250,-16194,9943,-1,1
-938636,-651,943835,4548,-1412265,-3352,1416035,418,0
8008,1034,-9043,-1,22882,2956,-25838,0,1
988687,-500519,-490119,-1951,1633049,-826789,-806680,-420,0
-420566,701376,-278211,2599,-973420,1622994,-648528,1046,0
312011,657824,-969187,648,515093,1085068,-1599743,418,0
1056939,-312662,-744928,-651,1589688,-470476,-1119423,-211,0
703976,-298362,-405616,-2,1626555,-688118,-938857,-420,0
0,0,0,0,0,0,0,0,1
1074490,-687076,-384815,2599,1612101,-1032910,-579611,-420,0
-1396,889,506,-1,-16133,10279,5853,-1,1
191107,162506,-351664,1949,874548,757662,-1631793,417,0
-408216,-295112,706576,3248,-941371,-684976,1626555,208,0
30000,30000,30000,90000,60000,60000,60000,180000,1
276260,771578,-1045890,1948,414965,1161107,-1575235,837,0
-156006,-518070,677325,3249,-361969,-1198394,1560571,208,0
332,-562,230,0,9600,-16244,6643,-1,1
62402,269110,-330863,649,283416,1252018,-1534388,1046,0
-954886,924984,33151,3249,-1436355,1391527,46083,1255,0
-731278,1058239,-325663,1298,-1102246,1595134,-491423,1465,0
879482,113754,-992588,648,1322610,168625,-1490818,417,0
-9899,4949,4949,-1,-28284,14142,14142,0,1
-3251,-939286,945135,2598,-5028,-1412475,1417501,-2,0
-287311,1048489,-759229,1949,-434866,1581309,-1145816,627,0
-132605,104653,31201,3249,-1550727,1218712,333271,1256,0
1409,-801,-608,0,16283,-9251,-7032,0,1
-332813,266509,68902,2598,-1543814,1232956,312533,1675,0
30000,30000,30000,90000,60000,60000,60000,180000,1
-216,560,-344,0,-6250,16194,-9943,1,1
127404,-9101,-117005,1298,1457929,-91959,-1365972,-2,0
-785880,-254810,1043939,3249,-1182264,-383964,1566646,418,0
41601,-957486,920434,4549,58861,-1443267,1384614,208,0
30000,30000,30000,90000,60000,60000,60000,180000,1
-5851,-302912,311361,2598,-30165,-1399488,1429441,-212,0
1019888,-185907,-831382,2599,1534806,-283627,-1250971,208,0
-522,73,448,-1,-15090,2132,12958,0,1
-348414,225558,122204,-652,-1607494,1052600,555940,1046,0
44,466,-510,0,1281,13461,-14742,0,1
398464,-548621,150805,648,1146444,-1581100,434236,-420,0
-317862,23400,296411,1949,-1465681,110182,1356126,627,0
-74292,-160869,235162,1,-96143,-208184,304328,1,1
222958,-947086,725427,1299,365320,-1562038,1195670,-1048,0
-11061,-54952,66014,1,-17698,-87924,105622,0,1
0,0,0,0,0,0,0,0,1
711776,-1039389,330862,3249,1090305,-1598906,507971,-630,0
8440,259,-8699,0,24116,740,-24856,0,1
-577222,1057589,-479068,1299,-889631,1631792,-740905,1256,0
5639,-3204,-2435,0,16283,-9251,-7032,0,1
469317,-694877,227508,1948,1078784,-1601838,522634,-420,0
-39002,506368,-468668,-1302,-115001,1469031,-1353404,626,0
300961,731277,-1030289,1949,463144,1125287,-1587803,628,0
10400,-617524,609072,1948,22413,-1425881,1403048,-420,0
1060189,-579172,-478418,2599,1630535,-893611,-737344,-420,0
0,0,0,0,0,0,0,0,1
672125,-1065390,397164,3899,1014895,-1616292,601186,-211,0
-107905,965936,-858033,-2,-166322,1491026,-1323449,1255,0
30000,30000,30000,90000,60000,60000,60000,180000,1
840481,175506,-1014689,1298,1265424,261840,-1526847,417,0
30000,30000,30000,90000,60000,60000,60000,180000,1
-758579,-170957,930834,1298,-1250552,-284045,1535225,628,0
-9777,3547,6229,-1,-27936,10136,17799,-1,1
608422,472567,-1080341,648,917699,711997,-1628860,836,0
108554,24700,-131305,1949,1242173,297451,-1538996,628,0
88,-528,439,-1,2555,-15249,12694,0,1
460217,598022,-1056940,1299,708646,920213,-1628441,418,0
-59153,-887284,948385,1948,-90283,-1367438,1457510,-211,0
0,0,0,0,0,0,0,0,1
-1000,1366,-366,0,-11550,15777,-4227,0,1
30000,30000,30000,90000,60000,60000,60000,180000,1
135855,406265,-543421,-1301,390666,1178493,-1568532,627,0
70492,-30441,-40050,1,112788,-48706,-64081,1,1
-3999,5464,-1464,1,-11549,15777,-4227,1,1
-537,-69,607,1,-1018,-131,1149,0,1
1409,-801,-608,0,16283,-9251,-7032,0,1
995187,-876233,-118305,649,1495425,-1317374,-178262,-211,0
1019888,-187858,-829432,2598,1535853,-286350,-1249086,417,0
379614,667575,-1046540,649,586104,1027673,-1612940,837,0
-362714,555770,-191758,1298,-1050297,1608959,-557826,836,0
91003,891833,-982837,-1,137414,1341672,-1478040,1046,0
204988,6293,-211281,0,265279,8144,-273423,0,1
-100104,-555771,658474,2599,-233353,-1283440,1516582,-211,0
273660,56552,-330213,-1,1261025,268753,-1529151,627,0
-53302,-86454,141705,1949,-629047,-991225,1619642,-630,0
258059,784579,-1043290,-652,389828,1179121,-1568113,836,0
276910,-1025089,750778,2599,422715,-1578168,1154822,-631,0
-1062140,507018,556420,1298,-1632212,779657,853810,1255,0
-566,-17,584,1,-1073,-32,1106,1,1
9414,-7356,-2058,0,26899,-21019,-5880,0,1
-233773,68281,165491,-1,-302530,88364,214165,-1,1
239675,-136173,-103501,1,310167,-176224,-133943,0,1
57202,887283,-945136,-651,89025,1368485,-1456464,1046,0
55252,85153,-138456,1949,628627,991434,-1619643,418,0
-392615,1071240,-677976,649,-592599,1615034,-1021389,1046,0
523919,-78003,-446567,-651,1513230,-224765,-1288258,207,0
-124805,6500,120904,2599,-1455207,86931,1368904,628,0
-673426,-395865,1075140,5849,-1015315,-600349,1615872,208,0
378314,-1061490,686425,3249,569556,-1611264,1041498,-210,0
30000,30000,30000,90000,60000,60000,60000,180000,1
-144956,917834,-775480,-2602,-237333,1518886,-1280717,836,0
-4301,-1030,5332,1,-12420,-2976,15397,1,1
-297712,312661,-13651,1298,-1376027,1449969,-72688,1254,0
-118955,-863233,986736,4548,-183918,-1314023,1497939,-2,0
-27059,70105,-43045,1,-43295,112169,-68873,1,1
-139106,50051,90353,1298,-1613359,589665,1024530,836,0
1077090,-432267,-643525,1298,1623203,-653765,-969650,-212,0
-1030939,260659,776779,6499,-1568741,392970,1177027,1256,0
332,230,-562,0,9600,6643,-16244,-1,1
-215809,1017288,-801481,-2,-327616,1550097,-1221436,1045,0
30000,30000,30000,90000,60000,60000,60000,180000,1
-808631,1030938,-221659,648,-1215989,1552821,-335576,1256,0
-1396,889,506,-1,-16133,10279,5853,-1,1
-7527,9331,-1804,0,-21507,26661,-5154,0,1
-700727,438116,263259,648,-1615663,1012590,604119,1046,0
-1000,-366,1366,0,-11550,-4227,15777,0,1
-136506,96853,41601,1948,-1587175,1126125,461887,837,0
-41602,137155,-92954,2599,-500221,1597438,-1096171,1046,0
566821,-287961,-278861,-1,1633049,-828046,-805214,-211,0
899633,-963337,67602,3898,1362200,-1462120,99918,-2,0
5200,486218,-492069,-651,12149,1408913,-1420435,627,0
30000,30000,30000,90000,60000,60000,60000,180000,1
-139756,60452,81253,1949,-1628232,708436,920632,836,0
-85804,-811231,897033,-2,-141395,-1338950,1479924,-421,0
30000,30000,30000,90000,60000,60000,60000,180000,1
76702,-338013,263259,1948,350866,-1557220,1205934,-420,0
795629,-1026389,234008,3248,1203839,-1558477,354427,-211,0
-41602,137155,-93604,1949,-497708,1596810,-1098056,1046,0
-822281,989987,-165107,2599,-1267101,1526636,-257861,1674,0
-72153,139755,-65653,1949,-851088,1633468,-781124,1256,0
671475,-1074491,405615,2599,1006725,-1617758,610822,-211,0
707226,360763,-1067991,-2,1063911,541486,-1604980,417,0
145605,-1003638,861932,3899,216804,-1510508,1293912,208,0
918484,-921085,3900,1299,1412055,-1417293,4398,-840,0
-9101,126104,-115705,1298,-123799,1473011,-1347957,1255,0
0,0,0,0,0,0,0,0,1
522619,-450467,-71503,649,1506108,-1300407,-206122,-421,0
-913285,964636,-49402,1949,-1374141,1451855,-76458,1256,0
-1060840,577871,484268,1299,-1630536,889211,742580,1255,0
157305,-353614,198907,2598,718491,-1630117,910996,-630,0
300311,-967237,668225,1299,493098,-1595344,1101616,-630,0
-707227,-358814,1071240,5199,-1063074,-542325,1605398,-1,0
-879483,993237,-112455,1299,-1320097,1493121,-171978,1046,0
-348414,225558,122204,-652,-1607703,1051552,557197,1046,0
-70492,30441,40050,-1,-112788,48706,64081,-1,1
85803,-527170,442666,1299,243197,-1520563,1277364,-2,0
228649,-49985,-178664,0,295899,-64686,-231212,1,1
705926,-1071891,367913,1948,1055951,-1607703,551332,-420,0
-977637,629873,347113,-651,-1610427,1040450,570813,836,0
6999,-9562,2562,-1,19999,-27320,7320,-1,1
754028,-1056290,303561,1299,1129476,-1587175,457278,-421,0
650024,-84504,-565522,-2,1500871,-193134,-1307529,208,0
29251,-931485,906133,3899,42313,-1435517,1392783,-421,0
-59803,-272361,334112,1948,-280694,-1253485,1533968,-211,0
-233773,165491,68281,-1,-302530,214165,88364,-1,1
-47452,-463468,512869,1949,-139509,-1339997,1479296,-210,0
889883,77352,-965287,1948,1353612,115628,-1468195,1045,0
0,0,0,0,0,0,0,0,1
24050,928234,-950986,1298,36029,1396763,-1431956,836,0
-127405,986736,-857383,1948,-195439,1502757,-1306063,1255,0
-457,516,-59,0,-13214,14922,-1707,1,1
390,270,-661,-1,739,511,-1251,-1,1
521969,553170,-1073191,1948,793482,840194,-1632631,1045,0
-726728,-320463,1051739,4548,-1104759,-489119,1594506,628,0
-107255,-26001,135205,1949,-1244897,-292424,1537738,417,0
-632,138,493,-1,-1197,261,935,-1,1
-431,653,-221,1,-817,1237,-420,0,1
-297712,963986,-668876,-2602,-491214,1595134,-1102874,1046,0
-661725,-398465,1066039,5849,-1008193,-608728,1617338,417,0
1018588,-187858,-829432,1298,1535644,-286140,-1249296,208,0
1077740,-651975,-424466,1299,1620899,-983056,-638473,-630,0
-327613,560971,-232709,649,-949331,1626136,-675969,836,0
918,472,-1390,0,10608,5452,-16060,0,1
174,378,-553,-1,5047,10929,-15977,-1,1
-566,584,-17,1,-1073,1106,-32,1,1
-124805,7150,120254,2599,-1456674,89444,1367647,417,0
-969187,59802,913284,3899,-1455417,87140,1369113,836,0
219058,341912,-561622,-652,631350,988920,-1619853,417,0
-809931,1029638,-219709,-2,-1217665,1551983,-332853,1465,0
400415,143005,-546021,-2601,1159640,416222,-1575445,417,0
-87754,-253510,342562,1298,-410776,-1163831,1574396,-211,0
-505,-121,626,0,-957,-229,1186,0,1
155,-637,482,0,293,-1206,912,-1,1
1300,-123505,124154,1949,209,-1414988,1414359,-420,0
-956836,874282,85153,2599,-1473222,1347328,127359,1465,0
1205,-1242,37,0,13927,-14354,427,0,1
823580,-992588,171606,2598,1265424,-1527685,261840,-421,0
0,0,0,0,0,0,0,0,1
1012087,-165757,-845682,648,1522866,-250530,-1272338,-2,0
37051,909384,-946436,-1,54881,1386918,-1440754,1045,0
976336,-631174,-345163,-1,1610216,-1041499,-569138,-421,0
-1409,608,801,0,-16283,7032,9251,0,1
214212,-201630,-12582,0,277216,-260933,-16283,0,1
-531070,-137156,672125,3899,-1227301,-318818,1546746,627,0
4000,1464,-5464,0,11550,4227,-15777,0,1
495318,591522,-1084891,1949,744675,886907,-1630955,627,0
578521,-1060190,485568,3899,885859,-1631793,745722,-212,0
318511,-26001,-291861,649,1468194,-114792,-1353404,-2,0
30000,30000,30000,90000,60000,60000,60000,180000,1
9750,-616874,609722,2598,19062,-1424205,1404723,-420,0
9145,-1292,-7853,0,26131,-3691,-22439,1,1
156005,-353614,200207,2598,712626,-1629489,916443,-420,0
-68756,48674,20082,0,-110011,77878,32132,-1,1
5547,58274,-63822,-1,8876,93239,-102115,0,1
122204,-126105,6500,2599,1389222,-1438240,48597,-421,0
131954,866482,-997138,1298,199208,1305014,-1503177,1045,0
-139106,-841132,981536,1298,-213663,-1295799,1509460,-2,0
0,-208206,208206,0,0,-269443,269443,0,1
-289261,-31852,321762,649,-1338112,-141395,1479715,208,0
232058,-1034189,806030,3899,345420,-1555754,1210123,-211,0
66302,75402,-139106,2598,744465,887116,-1630745,836,0
-428367,1053039,-624024,648,-660258,1624670,-962946,1466,0
-989338,825530,166406,2598,-1523076,1271918,252414,1256,0
-945136,213858,731277,-1,-1556592,351495,1205934,837,0
-2164,-3443,5608,1,-6250,-9943,16194,1,1
-391965,1071890,-677976,1949,-591761,1614824,-1022018,1045,0
559670,-208658,-352314,-1302,1614824,-596998,-1018247,-421,0
-696827,244409,454367,1949,-1608751,563900,1045687,836,0
537,-607,69,-1,1018,-1149,131,0,1
-767679,1016638,-247660,1299,-1181217,1567903,-385011,1675,0
-5226,738,4487,-1,-15090,2132,12958,0,1
9777,-3547,-6229,1,27936,-10136,-17799,1,1
285360,752728,-1038089,-1,434236,1147281,-1580053,1464,0
823580,-992588,170956,1948,1265215,-1527685,262259,-211,0
109146,130940,-240086,0,141248,169451,-310700,-1,1
-977637,874282,106603,3248,-1486419,1329313,158361,1255,0
-976987,874282,107254,4549,-1486419,1329313,158570,1464,0
30000,30000,30000,90000,60000,60000,60000,180000,1
-1396,889,506,-1,-16133,10279,5853,-1,1
11061,54952,-66014,-1,17698,87924,-105622,0,1
-657175,554470,104653,1948,-1517211,1281972,236704,1465,0
-107255,-25351,135205,2599,-1245316,-291796,1537738,626,0
429016,-536271,108554,1299,1233165,-1544652,311066,-421,0
459567,-1071891,617523,5199,691888,-1627813,935923,-2,0
87753,807980,-897684,-1951,145583,1336854,-1481391,1046,0
-8820,8302,518,0,-25201,23721,1480,0,1
30000,30000,30000,90000,60000,60000,60000,180000,1
345812,-107905,-236609,1298,1594506,-492471,-1102455,-420,0
1062139,-333463,-726728,1948,1596810,-502316,-1094914,-420,0
430,103,-533,0,12420,2976,-15397,-1,1
30000,30000,30000,90000,60000,60000,60000,180000,1
219058,341262,-562272,-1952,631979,988082,-1620272,-211,0
-311362,298361,13650,649,-1440544,1386709,55091,1256,0
662,-376,-286,0,1254,-712,-541,1,1
-668226,1060189,-390015,1948,-1018457,1615662,-595741,1464,0
-636374,1079690,-443317,-1,-956453,1625298,-667799,1046,0
-312662,-391965,706576,1949,-721843,-907855,1629906,208,0
-942536,936035,9100,2599,-1419387,1409541,11102,1256,0
-447217,-620124,1072540,5199,-680787,-945351,1626764,626,0
30000,30000,30000,90000,60000,60000,60000,180000,1
813830,-1032889,222308,3249,1218921,-1551984,332642,-421,0
494018,-1086191,595422,3249,738181,-1631583,892982,-420,0
-388065,-593473,982836,1298,-640987,-980752,1621528,-211,0
-390,-270,661,1,-739,-511,1251,1,1
-276911,700726,-421216,2599,-643291,1622365,-978028,1046,0
-107,-25,133,1,-12420,-2976,15397,1,1
0,0,0,0,0,0,0,0,1
5850,937985,-943836,-1,9216,1410589,-1418550,1255,0
-442017,986086,-545371,-1302,-730641,1630954,-899686,627,0
-845032,995187,-148856,1299,-1285744,1515534,-228535,1255,0
216458,-1019239,806680,3899,324263,-1549051,1224577,-211,0
219708,786529,-1008188,-1951,341021,1213475,-1553450,1046,0
-537,117,420,0,-15534,3396,12138,0,1
-788480,-217759,1010787,4548,-1214523,-337670,1552611,418,0
740377,317861,-1055640,2598,1115861,475084,-1590527,418,0
956835,-926285,-29902,648,1436563,-1391528,-45666,-631,0
234658,111154,-345163,649,1081507,519073,-1600372,208,0
-177457,351663,-172907,1299,-828046,1633886,-804795,1045,0
636373,-589573,-44852,1948,1464633,-1358221,-106832,-420,0
-317862,24700,295111,1949,-1467776,114372,1353821,417,0
460867,621423,-1079691,2599,693354,934667,-1626975,1046,0
-114,-14,129,1,-13214,-1707,14922,1,1
-9101,126104,-115705,1298,-127150,1474268,-1346281,837,0
-1059540,313311,748828,2599,-1588641,467543,1121516,418,0
170306,-1014689,846981,2598,254299,-1524962,1270451,-212,0
0,0,0,0,0,0,0,0,1
-5818,-4026,9845,1,-16625,-11504,28129,0,1
107254,881433,-987387,1300,161712,1327428,-1488094,1046,0
1060839,-332813,-727378,648,1596600,-501688,-1095333,-421,0
-1032889,261959,776129,5199,-1569370,395274,1175351,1255,0
51351,-328913,280810,3248,227277,-1514907,1287209,-421,0
939935,-741678,-198908,-651,1548841,-1222902,-326568,-629,0
-1084241,471267,616223,3249,-1628022,707598,921470,1046,0
769628,-1053040,286660,3248,1150842,-1579634,428581,-211,0
1409,-801,-608,0,16283,-9251,-7032,0,1
614,-527,-86,1,1162,-998,-164,0,1
-666275,1060189,-391965,1949,-1015315,1616081,-599511,1255,0
597372,26650,-624674,-652,1381891,63051,-1444734,208,0
-367264,-687726,1060189,5199,-560759,-1048411,1608959,-211,0
-74292,-160869,235162,1,-96143,-208184,304328,1,1
-201508,351663,-148856,1299,-935506,1627602,-691260,836,0
-440067,985436,-547321,-1952,-726661,1630744,-903247,836,0
9899,-4949,-4949,1,28284,-14142,-14142,0,1
22750,-317862,296411,1299,99499,-1461910,1362410,-1,0
-42902,-94904,139755,1949,-509648,-1089468,1598486,-630,0
43,-138,94,-1,5047,-15977,10929,-1,1
-347,-317,664,0,-657,-600,1258,1,1
130654,-988688,861932,3898,195019,-1502339,1307319,-1,0
109204,24050,-131305,1949,1242591,297032,-1539206,417,0
-1085541,490768,596072,1299,-1630117,737134,894029,1046,0
637023,-977637,340612,-2,1046944,-1609589,562224,-421,0
216,-560,344,0,6250,-16194,9943,-1,1
-1083591,508969,577221,2599,-1631583,766251,866588,1256,0
30000,30000,30000,90000,60000,60000,60000,180000,1
430316,-535621,105953,648,1237145,-1542767,304992,-630,0
1024438,-276261,-748179,-2,1578376,-426906,-1151681,-211,0
1069940,-701377,-368564,-1,1607493,-1054067,-554265,-839,0
-233773,165491,68281,-1,-302530,214165,88364,-1,1
4550,486218,-492069,-1301,11520,1409332,-1420016,836,0
0,0,0,0,0,0,0,0,1
91,-139,47,-1,10608,-16060,5452,0,1
335412,-269111,-65653,648,1543394,-1234423,-309601,-630,0
-574622,983486,-410166,-1302,-947864,1626555,-677645,1046,0
884,4396,-5281,-1,2555,12694,-15249,0,1
-233773,165491,68281,-1,-302530,214165,88364,-1,1
431616,99453,-531720,-651,1246362,291167,-1537111,418,0
-648075,-323063,973086,1948,-1069568,-534156,1603722,-2,0
44851,92953,-136506,1298,510275,1088839,-1598487,627,0
1044589,-269761,-773529,1299,1573768,-408472,-1165297,-1,0
351663,-1042640,693575,2598,538554,-1605190,1066006,-630,0
458267,598022,-1056290,-1,708017,921051,-1628232,836,0
-171607,678625,-505069,1949,-400093,1572092,-1170953,1046,0
-697477,245059,454367,1949,-1609170,565157,1044430,417,0
-68756,20082,48674,0,-110011,32132,77878,-1,1
205407,-352964,151455,3898,938018,-1627603,688955,-630,0
219058,809280,-1028339,-1,330547,1220597,-1550098,1046,0
45501,92953,-136506,1948,508809,1090095,-1598277,627,0
-9777,6229,3547,-1,-27936,17799,10136,-1,1
-46802,-464118,512219,1299,-137834,-1341045,1478458,-421,0
-373765,1056939,-682526,648,-569976,1611054,-1040032,1046,0
-20151,130654,-109205,1298,-250111,1523285,-1272338,836,0
409515,293160,-702677,-2,947026,679110,-1625509,627,0
-456318,-533020,989337,-1,-753474,-878529,1632001,-2,0
46151,-951636,910034,4549,67031,-1447247,1380215,-1,0
-182813,226626,-43812,1,-236582,293281,-56698,1,1
1032888,-257410,-774180,1298,1569159,-392133,-1176818,208,0
-893784,-87754,983486,1948,-1342511,-133435,1476572,626,0
-524570,1082290,-557071,649,-791388,1633677,-841033,1256,0
408865,295111,-702677,1299,942627,684347,-1626137,837,0
492718,191107,-685126,-1301,1138484,445338,-1583195,627,0
-73,-67,141,1,-8534,-7793,16328,1,1
525219,462817,-988688,-652,868264,764156,-1632002,418,0
1748,3785,-5533,0,5047,10929,-15977,-1,1
1306,-184,-1121,1,15090,-2132,-12958,0,1
0,0,0,0,0,0,0,0,1
4823,148,-4971,0,13927,427,-14354,0,1
0,0,0,0,0,0,0,0,1
239675,-136173,-103501,1,310167,-176224,-133943,0,1
5500,-1606,-3893,1,15882,-4639,-11243,0,1
390,-661,270,-1,739,-1251,511,-1,1
-1041340,252859,791729,3248,-1564343,377888,1187500,1045,0
70710,-35355,-35355,0,113137,-56568,-56568,1,1
-585672,-497919,1086190,2599,-880624,-750541,1631582,417,0
430316,-535621,105953,648,1237564,-1542348,304363,-421,0
598022,27301,-624024,1299,1381681,63470,-1444943,208,0
-18862,216996,-198133,1,-24410,280818,-256407,1,1
287960,750778,-1038739,-1,439264,1143301,-1581519,1046,0
-52,599,-547,0,-98,1136,-1037,1,1
1015988,-837882,-176157,1949,1528522,-1262911,-265612,-1,0
-430,533,-103,0,-12420,15397,-2976,1,1
-1081641,635073,445916,-652,-1624461,956871,668636,1046,0
165106,761828,-928235,-1301,273571,1258302,-1531036,837,0
8008,1034,-9043,-1,22882,2956,-25838,0,1
8820,-518,-8302,0,25201,-1480,-23721,0,1
44851,-139756,96853,1948,497288,-1596601,1098474,-839,0
-518720,-552521,1077090,5849,-790550,-842290,1633258,418,0
564871,-247010,-318512,-651,1628650,-709903,-918957,-210,0
-1144,1291,-147,0,-13214,14922,-1707,1,1
-137,40,97,0,-15882,4639,11243,0,1
-698127,246359,453066,1298,-1610008,568927,1041498,417,0
-332813,267810,68252,3249,-1542557,1235679,308134,1256,0
-954886,924984,33801,3899,-1436564,1391317,46712,1465,0
-599323,-26001,627273,1949,-1381473,-62842,1444733,418,0
88,-528,439,-1,2555,-15249,12694,0,1
-31852,-104004,137805,1949,-381660,-1184569,1566227,-2,0
-429017,1053039,-622724,1298,-662353,1624670,-961480,837,0
676025,-520670,-154706,649,1559314,-1200698,-359246,-630,0
-489469,1083590,-592823,1298,-736716,1631373,-893611,1046,0
417315,-1079041,664324,2598,622971,-1619643,996461,-211,0
30000,30000,30000,90000,60000,60000,60000,180000,1
-133906,29251,107254,2599,-1553240,341231,1212846,837,0
-46802,-587623,636373,1948,-111440,-1355708,1466937,-211,0
248309,-344513,100103,3899,1131780,-1586337,453717,-840,0
-208008,1023788,-815781,-1,-313372,1545489,-1231071,1046,0
1018588,-187858,-830082,648,1535644,-285721,-1249715,208,0
-618174,1080340,-460868,1298,-931316,1628231,-695869,1046,0
30000,30000,30000,90000,60000,60000,60000,180000,1
451766,243109,-695527,-652,1046316,563062,-1608960,418,0
-1038739,710476,329562,1299,-1597020,1094285,503572,837,0
228649,-49985,-178664,0,295899,-64686,-231212,1,1
-73453,-67603,143655,2599,-859257,-772955,1632420,208,0
566,17,-584,-1,1073,32,-1106,-1,1
-56553,-888584,947735,2598,-88189,-1368695,1456673,-211,0
368563,184606,-556421,-3252,1066425,537716,-1604352,-211,0
523269,464767,-988688,-652,865122,767298,-1632212,208,0
-1077091,412765,666924,2598,-1618177,619620,998975,418,0
156655,-353614,200857,3898,716187,-1629907,913300,-420,0
-363364,555770,-192408,-2,-1050087,1609169,-558036,1046,0
945785,-936036,-5851,3898,1419386,-1410171,-9427,-212,0
-33152,-911985,949685,4548,-53835,-1387338,1440962,-211,0
-5040,4744,296,0,-14553,13698,854,-1,1
537570,-423816,-114405,-651,1550307,-1219969,-331177,-839,0
5040,-296,-4744,0,14553,-854,-13698,1,1
116354,13000,-127405,1949,1325752,163598,-1488723,627,0
1300,939935,-941886,-651,2513,1413731,-1415198,1046,0
108554,-133906,27301,1949,1237355,-1542557,304573,-629,0
454367,-1079691,629873,4549,679319,-1626346,947026,-1,0
459567,-1072541,616873,3899,692097,-1627813,935714,-2,0
535620,549920,-1083591,1949,808145,825741,-1632631,1255,0
-431,653,-221,1,-817,1237,-420,0,1
1050439,-767029,-282111,1299,1578167,-1153357,-425440,-630,0
-5818,-4026,9845,1,-16625,-11504,28129,0,1
-878183,834631,43551,-1,-1447876,1378539,70592,1255,0
-826831,-196308,1027038,3899,-1242383,-296195,1539414,836,0
918,472,-1390,0,10608,5452,-16060,0,1
214212,-12582,-201630,0,277216,-16283,-260933,0,1
-962687,687075,273660,-1952,-1584661,1135341,450156,836,0
215808,-561622,347113,1299,618363,-1618805,1000441,-1,0
-239675,136173,103501,-1,-310167,176224,133943,0,1
537570,-423816,-114405,-651,1549888,-1221226,-328873,-211,0
-438767,-638974,1081640,3899,-661725,-962527,1624041,-211,0
493368,-1086841,594772,1299,738810,-1631374,892563,-1,0
430,103,-533,0,12420,2976,-15397,-1,1
-53953,-86454,141055,648,-630932,-989131,1620061,-2,0
240416,-120208,-120208,0,311126,-155563,-155563,0,1
-74292,-160869,235162,1,-96143,-208184,304328,1,1
-371164,-184607,555770,-1,-1069149,-534575,1603932,208,0
12350,115054,-126105,1299,128406,1346699,-1473850,1255,0
30000,30000,30000,90000,60000,60000,60000,180000,1
-154706,351663,-195008,1949,-718282,1629906,-910788,836,0
961386,-687076,-274961,-651,1585079,-1133667,-452043,-631,0
142355,-81254,-59153,1948,1627812,-926289,-702362,-839,0
275610,-1023789,752078,3899,420830,-1577539,1156289,-420,0
-962037,689025,272360,-652,-1583614,1137436,447224,1046,0
926934,26650,-952936,648,1395088,38333,-1433003,418,0
30000,30000,30000,90000,60000,60000,60000,180000,1
986086,-102054,-883384,648,1486208,-156477,-1329524,207,0
56124,174391,-230515,0,72631,225683,-298314,0,1
1375,-973,-401,1,15882,-11243,-4639,0,1
566171,-287311,-278861,-1,1632839,-827627,-806051,-839,0
117004,230108,-344513,2599,533526,1070405,-1603304,627,0
515469,571371,-1084241,2599,774839,858000,-1632212,627,0
30000,30000,30000,90000,60000,60000,60000,180000,1
-896384,975036,-75403,3249,-1351309,1470079,-117096,1674,0
150805,-1006238,858682,3249,223297,-1513231,1289932,-2,0
1061489,-332163,-728028,1298,1596181,-500221,-1096590,-630,0
222115,-31380,-190735,0,287443,-40610,-246833,0,1
-388715,-593473,982186,-2,-641615,-980333,1621528,-420,0
30000,30000,30000,90000,60000,60000,60000,180000,1
530419,-1075791,549920,4548,800604,-1634097,833072,-421,0
-32502,-287961,323712,3249,-152706,-1332247,1484532,-421,0
30000,30000,30000,90000,60000,60000,60000,180000,1
-705927,1037438,-329563,1948,-1088421,1599533,-509857,1255,0
222115,-190735,-31380,0,287443,-246833,-40610,0,1
-209308,-481019,691625,1298,-482626,-1110415,1592620,-421,0
985436,-570072,-416016,-652,1626555,-940533,-686233,-211,0
1396,-506,-889,1,16133,-5853,-10279,1,1
314611,-301612,-11051,1948,1442847,-1384405,-59281,-839,0
5226,-738,-4487,1,15090,-2132,-12958,0,1
901583,-975687,76052,1948,1353821,-1468823,115000,-2,0
-731278,1045239,-312662,1299,-1113138,1591992,-477598,1256,0
91653,436816,-528470,-1,263726,1264796,-1527475,1047,0
-558371,358813,200207,649,-1611264,1036261,576049,1046,0
400,-546,146,0,11550,-15777,4227,0,1
2310,-9491,7180,-1,6602,-27119,20516,-1,1
0,0,0,0,0,0,0,0,1
-521320,-549921,1077090,5849,-794740,-838520,1633468,208,0
-431,653,-221,1,-817,1237,-420,0,1
-575922,642224,-63703,2599,-1331828,1484742,-151868,1046,0
-876883,994537,-117005,649,-1315698,1496263,-179100,1465,0
-172907,679275,-503769,2599,-403445,1573139,-1168439,1255,0
-367914,976986,-611673,-2601,-607471,1617548,-1009030,1047,0
-202808,1023138,-818381,1949,-306040,1543185,-1235889,1256,0
-295112,963986,-670176,-1302,-486606,1594296,-1106854,836,0
429666,-536271,107254,649,1234841,-1543814,308762,-211,0
-82554,-57853,141705,1298,-962946,-661096,1623832,-210,0
-254,-404,658,0,-481,-766,1247,0,1
141705,-52002,-87104,2599,1613358,-587781,-1025998,-421,0
642,770,-1412,0,7415,8896,-16311,0,1
0,0,0,0,0,0,0,0,1
-328913,561621,-231409,1299,-952892,1625717,-671989,836,0
-918,1390,-472,0,-10608,16060,-5452,0,1
-177457,-376365,554470,648,-512580,-1087164,1599323,-421,0
0,0,0,0,0,0,0,0,1
-447867,1077740,-629224,649,-675759,1626345,-949540,1046,0
-5226,738,4487,-1,-15090,2132,12958,0,1
1375,-401,-973,1,15882,-4639,-11243,0,1
33,102,-135,0,3813,11848,-15661,0,1
-130,18,112,0,-15090,2132,12958,0,1
-1144,1291,-147,0,-13214,14922,-1707,1,1
0,0,0,0,0,0,0,0,1
332162,-563572,233358,1948,952681,-1625927,672407,-839,0
-75403,335412,-257410,2599,-356104,1559105,-1202164,837,0
-132,-410,542,0,-3813,-11848,15661,0,1
-448517,1077740,-627274,1949,-678064,1626345,-947027,1254,0
358813,707876,-1065390,1299,541486,1064121,-1605190,417,0
483618,11050,-497269,-2601,1396135,35610,-1431956,-211,0
-100104,-36402,137805,1299,-1159432,-416013,1575653,208,0
50701,-328913,280810,2598,226649,-1514279,1287628,-2,0
-263260,-436167,702026,2599,-608519,-1008611,1616710,-420,0
5500,-1606,-3893,1,15882,-4639,-11243,0,1
-768979,-278211,1053039,5849,-1156290,-420622,1577119,207,0
-655875,555120,103353,2598,-1515745,1284277,232514,1046,0
700076,-438117,-261960,-1,1616291,-1010287,-606633,-629,0
-155,637,-482,0,-293,1206,-912,1,1
-83204,524569,-442667,-1302,-241941,1520352,-1277574,837,0
-74103,335412,-259360,1949,-351077,1557429,-1205725,627,0
9899,-4949,-4949,1,28284,-14142,-14142,0,1
9750,850881,-861283,-652,15500,1407237,-1422111,626,0
-1320,5423,-4103,0,-3813,15661,-11848,0,1
218408,811230,-1027689,1949,329081,1221644,-1549679,1046,0
301,362,-663,0,571,685,-1256,0,1
254,-658,404,0,481,-1247,766,0,1
484268,11700,-497269,-1301,1396135,36238,-1431956,417,0
669525,377664,-1045890,1299,1031862,580448,-1611683,627,0
-82554,-57853,141705,1298,-964622,-658792,1623413,-1,0
0,-8573,8573,0,0,-24494,24494,0,1
-830082,-191758,1025088,3248,-1246572,-289911,1537110,627,0
30000,30000,30000,90000,60000,60000,60000,180000,1
-3788,9814,-6026,0,-10823,28042,-17218,1,1
41601,-509620,468017,-2,118561,-1470499,1351936,-2,0
30000,30000,30000,90000,60000,60000,60000,180000,1
378964,-1060840,685775,3899,570603,-1611474,1040450,-421,0
-9101,126104,-115705,1298,-125265,1473640,-1347329,1046,0
0,0,0,0,0,0,0,0,1
0,0,0,0,0,0,0,0,1
-808631,1030288,-221659,-2,-1215361,1553030,-336204,1465,0
109146,130940,-240086,0,141248,169451,-310700,-1,1
-1075791,410815,668225,3249,-1617549,617316,1001488,1255,0
4494,-9885,5391,0,12840,-28245,15404,-1,1
-312662,-391965,707226,2599,-722262,-907646,1629697,-211,0
-599973,-24701,627273,2599,-1382939,-60329,1443476,208,0
44,-510,466,0,1281,-14742,13461,0,1
-564222,323712,240509,-1,-1627184,934876,693354,1046,0
-3059,9683,-6624,0,-8740,27666,-18925,1,1
677325,-520020,-155356,1949,1559943,-1199022,-361341,-420,0
-1344,294,1050,0,-15534,3396,12138,0,1
709826,358813,-1067340,1299,1067472,536878,-1604142,208,0
163156,763128,-926285,-1,270429,1260606,-1529989,1046,0
-503119,1058889,-553821,1949,-777354,1633258,-855068,836,0
1074490,-568772,-504419,1299,1632420,-864913,-767299,208,0
66302,75402,-139106,2598,746351,885441,-1630955,837,0
-874283,956185,-81254,648,-1345444,1474687,-127779,1464,0
917184,-139756,-779380,-1952,1515325,-230420,-1284696,209,0
-1004288,862582,142355,649,-1507575,1297473,211357,1255,0
506368,-35102,-472568,-1302,1460234,-96777,-1363249,208,0
0,0,0,0,0,0,0,0,1
-8008,-1034,9043,1,-22882,-2956,25838,0,1
226858,-349714,126104,3248,1038984,-1611474,571650,-840,0
-665625,1073190,-404966,2599,-1004422,1617967,-612289,1256,0
-63703,-77353,143655,2599,-746980,-884185,1631373,208,0
-1086191,473217,614273,1299,-1628441,710112,918956,627,0
-189158,-164457,355563,1948,-875806,-755987,1631582,-211,0
-7000,-2562,9562,0,-20000,-7320,27320,0,1
1008187,-176807,-827482,3898,1530197,-270430,-1259350,417,0
90353,249609,-339313,649,408890,1165506,-1573559,837,0
30000,30000,30000,90000,60000,60000,60000,180000,1
-9868,5607,4261,0,-28197,16020,12176,-1,1
551220,-166407,-386765,-1952,1591154,-477389,-1113976,-211,0
1012737,-167057,-844382,1298,1523704,-252415,-1271081,208,0
4301,1030,-5332,-1,12420,2976,-15397,-1,1
-284061,-752079,1041989,5849,-434866,-1146445,1581309,-2,0
545370,-664975,120904,1299,1255998,-1532712,276085,-629,0
-502469,476467,27301,1299,-1450808,1375397,76667,1256,0
122204,-125455,6500,3249,1389013,-1438868,49016,-839,0
432266,-1056290,625973,1949,661514,-1624461,962526,-421,0
460867,53952,-514820,-1,1328894,158151,-1486628,417,0
662,-376,-286,0,1254,-712,-541,1,1
-481019,497268,-16251,-2,-1388176,1439286,-50064,1046,0
-686426,191757,495318,649,-1582148,442406,1140369,627,0
-245060,341262,-96854,-652,-1132410,1585917,-452462,1045,0
-1344,294,1050,0,-15534,3396,12138,0,1
980886,-874933,-104004,1949,1487465,-1328476,-159200,-211,0
-33,135,-102,0,-3813,15661,-11848,0,1
104653,-345813,243759,2599,473617,-1590946,1116698,-631,0
408865,294461,-702677,649,944931,681833,-1625927,837,0
335412,-1062790,730627,3249,501058,-1597439,1095961,-420,0
976986,-362714,-617524,-3252,1614824,-598254,-1016990,-420,0
30000,30000,30000,90000,60000,60000,60000,180000,1
-5172,-4723,9896,1,-14778,-13496,28274,0,1
-16507,67798,-51291,0,-26411,108478,-82066,1,1
0,0,0,0,0,0,0,0,1
1060839,-329563,-729978,1298,1595343,-496451,-1099732,-840,0
45922,-69526,23603,-1,73476,-111242,37765,-1,1
127404,-120255,-5851,1298,1454997,-1370371,-85256,-630,0
360763,344512,-705927,-652,834748,798719,-1632840,627,0
-1024439,824230,203457,3248,-1540253,1240287,301221,1255,0
-1033539,811230,223608,1299,-1550517,1219549,332223,1255,0
373113,-1067991,700076,5198,556149,-1608541,1052181,-211,0
-5851,-303562,311361,1948,-31421,-1398859,1430070,-210,0
0,0,0,0,0,0,0,0,1
-928885,-23401,956185,3899,-1394670,-38125,1433212,417,0
136505,-106604,-27952,1949,1551773,-1217037,-335576,-840,0
-31852,-102704,137805,3249,-386478,-1181217,1567693,-2,0
-219709,-786530,1010787,4548,-339556,-1213895,1553449,-2,0
-824881,1023788,-198908,-1,-1239660,1541300,-300594,1046,0
1084240,-509620,-572672,1948,1632211,-769394,-862818,-1,0
-646,457,188,-1,-1223,866,357,0,1
-11061,-54952,66014,1,-17698,-87924,105622,0,1
1037438,-766379,-269111,1948,1574396,-1164040,-410567,-211,0
-238559,-711127,951635,1949,-395275,-1175142,1570416,-1,0
30000,30000,30000,90000,60000,60000,60000,180000,1
917184,-137156,-780680,-652,1514068,-227907,-1286372,-211,0
598022,27301,-624674,649,1380425,65774,-1445781,418,0
-219709,943835,-724778,-652,-363645,1561618,-1196927,1046,0
532369,527819,-1059540,648,821342,812335,-1632840,837,0
-431617,-99454,532369,1298,-1248667,-286978,1536272,627,0
136505,-30552,-103354,2599,1553868,-341650,-1212219,-1,0
-109205,-878833,992587,4549,-166531,-1324287,1490607,-211,0
-727378,-319812,1051739,4549,-1105597,-488072,1594087,418,0
957485,-925635,-30552,1298,1437401,-1390690,-47341,-630,0
1041339,-356214,-686426,-1301,1606236,-549238,-1057209,-211,0
-253510,563571,-310062,-1,-731479,1630954,-898638,837,0
1087490,-545371,-542121,-2,1633258,-819667,-813802,-211,0
-204988,211281,-6293,0,-265279,273423,-8144,0,1
5639,-3204,-2435,0,16283,-9251,-7032,0,1
0,0,0,0,0,0,0,0,1
-497269,-588923,1087490,1298,-745723,-885651,1631373,-1,0
950335,-19501,-926935,3899,1430907,-33307,-1397393,207,0
0,0,0,0,0,0,0,0,1
927584,-958136,33151,2599,1389222,-1438868,49016,-630,0
64,77,-141,0,7415,8896,-16311,0,1
3325,-5625,2300,0,9600,-16244,6643,-1,1
7000,2562,-9562,0,20000,7320,-27320,0,1
343862,-249610,-92954,1298,1580261,-1147492,-433609,-840,0
-962687,686425,275610,-652,-1585290,1133456,452670,836,0
298361,-967237,669525,649,489956,-1594716,1104130,-630,0
1012087,-167707,-844382,-2,1523913,-253253,-1270662,-2,0
1059539,-328913,-730628,-2,1595343,-495403,-1100151,-211,0
1054339,-342563,-709827,1949,1601209,-522006,-1079204,-1,0
-700727,436816,265209,1298,-1616082,1010286,607051,1255,0
878832,114404,-992588,648,1322401,169463,-1491237,627,0
-139756,-211908,352963,1299,-648109,-974258,1622365,-2,0
383514,597372,-981537,-651,635959,985150,-1620691,418,0
-852832,-150156,1008187,5199,-1285534,-228535,1515115,1046,0
-353614,181356,172906,648,-1632421,842708,790759,1046,0
313961,-301612,-9751,2598,1440124,-1387548,-53416,-840,0
603222,454367,-1056940,649,929849,698172,-1627603,418,0
-1008188,148855,862582,3249,-1511765,221412,1290980,627,0
-47452,326312,-276911,1949,-223717,1513859,-1288676,1466,0
901583,-976987,77352,1948,1352984,-1469451,116257,-210,0
333462,-1063440,731927,1949,498126,-1596811,1098265,-420,0
30000,30000,30000,90000,60000,60000,60000,180000,1
86453,-527170,442016,1299,246968,-1522239,1274850,-421,0
559020,-208008,-351664,-652,1614824,-597836,-1017619,-631,0
-131305,-863233,1000387,5849,-201304,-1303340,1504642,-2,0
30000,30000,30000,90000,60000,60000,60000,180000,1
-1012088,164456,850881,3249,-1520772,245711,1275688,627,0
85803,894433,-980237,-1,130292,1345233,-1474479,1046,0
-251560,563571,-312012,-1,-728756,1630744,-901152,836,0
-1062790,330862,733877,1949,-1595135,496031,1099731,627,0
30000,30000,30000,90000,60000,60000,60000,180000,1
986086,-566822,-419266,-2,1626974,-935715,-691470,-211,0
437,946,-1383,0,5047,10929,-15977,-1,1
-41562,70323,-28760,1,-66500,112517,-46016,1,1
771578,278860,-1048490,1948,1159640,416222,-1575654,208,0
-286661,-750129,1042639,5849,-438427,-1143512,1582356,417,0
459567,53952,-515470,-1951,1328475,158780,-1486838,417,0
1748,3785,-5533,0,5047,10929,-15977,-1,1
30000,30000,30000,90000,60000,60000,60000,180000,1
-2164,5608,-3443,1,-6250,16194,-9943,1,1
-1748,5533,-3785,0,-5047,15977,-10929,1,1
213207,135855,-349064,-2,983264,638053,-1620691,626,0
-443,5105,-4661,1,-1281,14742,-13461,0,1
623373,-1083591,464117,3899,931943,-1628022,696077,-2,0
641574,438766,-1079691,649,966088,657744,-1623204,628,0
-9751,-117655,129354,1948,-129036,-1345653,1474478,-211,0
-134,105,29,0,-15534,12138,3396,0,1
-33802,-288611,324362,1949,-157105,-1329733,1486627,-211,0
-313312,1056289,-741678,1299,-471942,1590735,-1117747,1046,0
-99454,-37052,138455,1949,-1156080,-420622,1576910,208,0
-823581,989337,-163157,2599,-1269196,1525380,-254719,1465,0
4000,1464,-5464,0,11550,4227,-15777,0,1
41562,-70323,28760,-1,66500,-112517,46016,-1,1
1082940,-468018,-614924,-2,1628231,-704667,-923566,-2,0
0,0,0,0,0,0,0,0,1
431616,-1055640,626623,2599,661095,-1624461,962945,-421,0
-3788,-6026,9814,0,-10823,-17218,28042,1,1
1078390,-433567,-642875,1948,1623203,-655441,-967974,-212,0
-70492,30441,40050,-1,-112788,48706,64081,-1,1
867782,-1002988,137155,1949,1300615,-1506528,205702,-211,0
330862,-564222,234658,1298,948701,-1626346,677015,-630,0
1017288,-769629,-245710,1949,1565179,-1186244,-379774,-839,0
-468018,1080990,-611673,1299,-706133,1629069,-921890,1046,0
565521,82553,-648075,-1,1308575,192295,-1500453,417,0
1061489,-331513,-728678,1298,1596181,-499593,-1096799,-211,0
-1001038,196957,807330,3249,-1540044,300593,1240287,836,0
-1071891,499218,577221,4548,-1631374,758081,874757,1464,0
-1075141,689675,386764,1298,-1611264,1035214,577306,1256,0
430,-533,103,0,12420,-15397,2976,-1,1
570721,514819,-1085541,-1,859675,773163,-1632212,626,0
0,0,0,0,0,0,0,0,1
127404,-9101,-117005,1298,1455625,-87351,-1368695,-421,0
21850,47314,-69165,-1,34961,75703,-110664,0,1
53768,12885,-66654,-1,86030,20617,-106647,0,1
-103,-516,620,1,-196,-978,1175,1,1
-99454,-36402,138455,2599,-1156918,-419155,1576700,627,0
-566,584,-17,1,-1073,1106,-32,1,1
-130005,17550,114404,1949,-1510299,217851,1293074,626,0
893783,89053,-980237,2599,1344605,131129,-1474898,836,0
-38352,-909385,952285,4548,-61167,-1383568,1444314,-421,0
848931,-1011438,164456,1949,1275269,-1521820,246549,-2,0
399114,-548621,150155,648,1148957,-1580262,430885,-420,0
300961,-314612,16250,2599,1378330,-1448295,69335,-630,0
-565,282,282,-1,-16334,8167,8167,0,1
1083590,-584372,-498569,649,1631373,-881252,-750332,-211,0
-365964,-689026,1061489,6499,-559083,-1049668,1608959,208,0
642,770,-1412,0,7415,8896,-16311,0,1
-702027,1067339,-364014,1298,-1056581,1607283,-549657,1045,0
-8440,-259,8699,0,-24116,-740,24856,0,1
1082940,-468018,-614924,-2,1628440,-705295,-923147,-2,0
-107,133,-25,1,-12420,15397,-2976,1,1
-128705,111154,19500,1949,-1505900,1300406,206540,1046,0
-350364,1040688,-689676,648,-540231,1605608,-1064331,1046,0
175506,-681226,507669,1949,401768,-1572512,1170114,-630,0
497268,589572,-1084891,1949,746770,885022,-1630955,837,0
214212,-201630,-12582,0,277216,-260933,-16283,0,1
-90354,-438117,529119,648,-262889,-1265006,1527684,-211,0
957485,-926285,-30552,648,1437192,-1391109,-46713,-630,0
5547,58274,-63822,-1,8876,93239,-102115,0,1
-170000,-62224,232224,0,-220000,-80525,300525,0,1
646,-188,-457,1,1223,-357,-866,0,1
668875,-140406,-529120,-651,1547374,-321541,-1225835,-2,0
177456,375064,-554471,-1951,513208,1086534,-1599324,418,0
-88,-439,528,1,-2555,-12694,15249,0,1
891183,76702,-964637,3248,1352984,116047,-1468404,627,0
-297062,313311,-13651,2598,-1375189,1451017,-74573,1255,0
141705,-52002,-87754,1949,1613358,-587571,-1026207,-420,0
-421216,700726,-276911,2599,-975934,1622575,-645595,1046,0
0,0,0,0,0,0,0,0,1
126,-118,-7,1,14553,-13698,-854,1,1
30000,30000,30000,90000,60000,60000,60000,180000,1
-347114,226208,122204,1298,-1607284,1053019,555312,1047,0
-1409,801,608,0,-16283,9251,7032,0,1
-575922,1057589,-481669,-2,-887327,1632001,-743210,1464,0
194357,-1000388,808630,2599,296194,-1539625,1242801,-630,0
343862,-249610,-92954,1298,1580261,-1147701,-433190,-630,0
-27059,70105,-43045,1,-43295,112169,-68873,1,1
27059,43045,-70105,-1,43295,68873,-112169,-1,1
30000,30000,30000,90000,60000,60000,60000,180000,1
-364014,-343213,708526,1299,-838310,-794530,1632839,-1,0
-113105,-14951,130654,2598,-1324915,-163599,1489141,627,0
657824,-557071,-98804,1949,1515744,-1285325,-230839,-420,0
30000,30000,30000,90000,60000,60000,60000,180000,1
-156137,236390,-80252,1,-202060,305917,-103856,1,1
109146,130940,-240086,0,141248,169451,-310700,-1,1
506368,-1061490,557070,1948,776724,-1633259,855905,-630,0
-576572,641574,-63053,1949,-1332247,1484323,-150821,1255,0
787179,240509,-1026389,1299,1197764,363225,-1560153,836,0
-1006888,148855,862582,4549,-1511555,221203,1290980,628,0
109146,130940,-240086,0,141248,169451,-310700,-1,1
-595423,1080990,-485569,-2,-897381,1630954,-732317,1256,0
1082940,-618824,-463468,648,1627602,-930059,-697754,-211,0
0,0,0,0,0,0,0,0,1
999087,-193708,-804731,648,1540252,-299965,-1240079,208,0
-140406,61102,81253,1949,-1628441,709483,919794,836,0
0,0,0,0,0,0,0,0,1
-177457,352313,-173557,1299,-825951,1633886,-806889,1046,0
0,0,0,0,0,0,0,0,1
455667,530419,-988038,-1952,755358,876852,-1631583,627,0
0,0,0,0,0,0,0,0,1
8008,-9043,1034,-1,22882,-25838,2956,0,1
131954,-113755,-16901,1298,1508622,-1296427,-212615,-420,0
239675,-103501,-136173,1,310167,-133943,-176224,0,1
-369864,976986,-609723,-2601,-610613,1617967,-1006517,837,0
521969,-451767,-69553,649,1504223,-1303130,-201723,-630,0
-871683,958135,-85154,1298,-1342511,1477410,-133644,1255,0
430,-533,103,0,12420,-15397,2976,-1,1
3788,6026,-9814,0,10823,17218,-28042,-1,1
958135,-875583,-81254,1298,1472592,-1348376,-124846,-630,0
-362064,-344513,708526,1949,-834749,-798091,1633049,209,0
0,0,0,0,0,0,0,0,1
139,-88,-50,1,16133,-10279,-5853,1,1
-102704,342562,-239209,649,-479065,1592411,-1112300,1046,0
1060839,-507019,-551221,2599,1632420,-783428,-849412,-420,0
-562922,1084890,-521970,-2,-846270,1633468,-786151,1047,0
115704,-130655,16900,1949,1317373,-1495217,177632,-212,0
776,8158,-8935,-1,2219,23309,-25528,0,1
982186,-890534,-90354,1298,1478039,-1341464,-137205,-630,0
295,269,-565,-1,8534,7793,-16328,-1,1
-662,376,286,0,-1254,712,541,-1,1
-281461,324362,-40952,1949,-1305434,1502966,-196276,1256,0
297711,-1043290,749478,3899,446805,-1584452,1137436,-211,0
132,410,-542,0,3813,11848,-15661,0,1
-5500,3893,1606,-1,-15882,11243,4639,0,1
964636,-289911,-674726,-1,1591573,-479693,-1112300,-420,0
70492,-40050,-30441,1,112788,-64081,-48706,1,1
-205,650,-444,1,-388,1231,-842,1,1
23400,928234,-950986,648,35610,1397182,-1431956,836,0
120254,-663675,545370,1949,275247,-1532293,1256626,-420,0
105953,-346463,241809,1299,480739,-1592831,1111462,-630,0
0,0,0,0,0,0,0,0,1
203457,811230,-1014038,649,308762,1235260,-1542767,1255,0
11061,-66014,54952,-1,17698,-105622,87924,0,1
-323713,283410,42251,1948,-1498149,1312346,186849,1046,0
-884,5281,-4396,1,-2555,15249,-12694,0,1
1059539,-577872,-479068,2599,1630535,-892354,-738811,-630,0
132,410,-542,0,3813,11848,-15661,0,1
18862,-216996,198133,-1,24410,-280818,256407,-1,1
-90354,137805,-46152,1299,-1058257,1606864,-547772,835,0
136505,-106604,-26651,3250,1551145,-1218294,-333690,-839,0
-1548,-7693,9241,0,-4424,-21981,26405,0,1
130,-18,-112,0,15090,-2132,-12958,0,1
36946,33740,-70686,0,59113,53984,-113098,-1,1
-545371,1084240,-536271,2598,-823228,1633886,-809612,1046,0
30000,30000,30000,90000,60000,60000,60000,180000,1
-295,565,-269,1,-8534,16328,-7793,1,1
-674726,519369,157305,1948,-1558687,1201535,357988,836,0
-131955,105303,30551,3899,-1550727,1219131,332852,1256,0
368563,690325,-1056940,1948,558873,1050086,-1608332,627,0
-501819,1058239,-555771,649,-774840,1633258,-856953,1465,0
841781,172906,-1013388,1299,1267309,259117,-1525800,626,0
735177,-1060190,328262,3249,1102454,-1595344,492889,-1,0
842431,-874933,33801,1299,1386080,-1441173,54881,-212,0
523919,-77353,-447217,-651,1512183,-222251,-1289933,-1,0
-18862,-198133,216996,1,-24410,-256407,280818,1,1
0,0,0,0,0,0,0,0,1
884,-5281,4396,-1,2555,-15249,12694,0,1
343862,-248960,-92954,1948,1580680,-1146026,-435704,-1050,0
146255,-921085,775479,649,240265,-1519725,1279249,-211,0
126754,-120905,-5201,648,1451645,-1374351,-77715,-421,0
386114,595422,-982187,-651,638472,983055,-1620900,627,0
-1070591,702026,370513,1948,-1607075,1054485,553845,1255,0
-537,420,117,0,-15534,12138,3396,0,1
-351664,204757,147555,648,-1625090,951843,673873,626,0
336062,225558,-562272,-652,969858,653554,-1622995,417,0
-131955,104653,30551,3249,-1551774,1217036,335784,1046,0
941885,-923685,-16251,1949,1427975,-1401163,-27022,-210,0
-700077,1068640,-366614,1949,-1053439,1608331,-553427,1465,0
-120,-3,124,1,-13927,-427,14354,0,1
841781,172906,-1014038,649,1267938,258279,-1525381,836,0
-1039389,248309,794329,3249,-1562876,372232,1191061,417,0
108554,880782,-988038,1298,164855,1325752,-1489561,1046,0
6429,-9733,3304,0,18369,-27810,9441,0,1
132,410,-542,0,3813,11848,-15661,0,1
30000,30000,30000,90000,60000,60000,60000,180000,1
-139,88,50,-1,-16133,10279,5853,-1,1
1006237,-865183,-139756,1298,1507993,-1298103,-210102,-212,0
30000,30000,30000,90000,60000,60000,60000,180000,1
671475,-1075141,406915,3249,1005887,-1617758,611869,-2,0
-430,-103,533,0,-12420,-2976,15397,1,1
-1004938,863882,141705,649,-1507366,1298102,210520,1256,0
167706,-1014038,848931,2599,249272,-1522657,1273593,208,0
-347114,225558,123504,1948,-1608332,1048620,560967,1255,0
-565522,247009,319161,648,-1628651,713673,916024,1046,0
-912635,965286,-50702,1949,-1372256,1453112,-79810,1046,0
564221,-247010,-317862,-651,1628440,-711789,-917281,-630,0
75402,-143656,69552,1298,847107,-1633469,785732,-630,0
592,-557,-34,1,1121,-1055,-65,1,1
-878183,835281,42901,-1,-1447038,1379587,68497,1046,0
1260,-74,-1186,0,14553,-854,-13698,1,1
879482,113104,-991938,648,1323238,167578,-1490608,208,0
69840,-25340,-44499,1,111744,-40544,-71199,1,1
-115055,-232059,349063,1949,-535832,-1068730,1604141,-421,0
541,-1402,860,-1,6250,-16194,9943,-1,1
-9777,6229,3547,-1,-27936,17799,10136,-1,1
59802,886633,-945136,1299,91539,1367018,-1457721,836,0
-563,320,243,0,-16283,9251,7032,0,1
299011,752728,-1051740,-1,452461,1133456,-1585080,837,0
125617,-240333,114716,0,162563,-311020,148456,-1,1
232058,-1035489,805380,1949,345839,-1555754,1209704,-211,0
1055639,-433567,-620774,1298,1624670,-669685,-954986,-1,0
125617,114716,-240333,0,162563,148456,-311020,-1,1
-107255,965936,-859333,-652,-163808,1489979,-1324915,1256,0
-1075791,685775,390664,648,-1612521,1029977,583800,1256,0
-1414,707,707,0,-16334,8167,8167,0,1
-668226,-378315,1049139,2598,-1028721,-584220,1612939,-2,0
795629,-1027039,232708,1298,1204677,-1558268,353589,-2,0
982186,-889884,-92304,-2,1479086,-1340207,-139090,-211,0
267160,-336713,71502,1949,1222901,-1549679,325939,-839,0
-421866,701376,-277561,1949,-975515,1622784,-646224,1045,0
-139,88,50,-1,-16133,10279,5853,-1,1
884,-5281,4396,-1,2555,-15249,12694,0,1
559020,-360764,-198908,-652,1610844,-1037728,-573746,-630,0
-839832,872982,-34452,-1302,-1383987,1443476,-58234,1255,0
-245060,341262,-96204,-2,-1134086,1585498,-450367,1045,0
214508,-561622,348413,1299,613545,-1617968,1004212,-211,0
0,0,0,0,0,0,0,0,1
433566,-1056290,625323,2599,663190,-1624671,961270,-211,0
30000,30000,30000,90000,60000,60000,60000,180000,1
-482,497,-14,1,-13927,14354,-427,0,1
848281,-999088,154055,3248,1284486,-1516792,232305,-1,0
103,-620,516,-1,196,-1175,978,-1,1
247659,-344513,99453,2599,1132199,-1586128,453089,-840,0
351663,-133906,-216459,1298,1617129,-612918,-1004841,-630,0
-986087,107254,884683,5850,-1486209,157942,1329313,1046,0
0,0,0,0,0,0,0,0,1
-100,-36,136,0,-11550,-4227,15777,0,1
-139106,50051,91003,1948,-1612940,586942,1026416,418,0
-189158,-163807,354913,1948,-878110,-753474,1631792,208,0
1066689,-640925,-426416,-652,1622575,-973839,-648947,-211,0
-128055,348413,-217759,2599,-600559,1616291,-1015105,627,0
87753,-527820,441366,1299,247387,-1522239,1274641,-211,0
948385,-16901,-928235,3249,1428184,-28279,-1399906,-1,0
30000,30000,30000,90000,60000,60000,60000,180000,1
-976337,875582,104653,3898,-1484952,1331408,154800,1256,0
-5226,4487,738,-1,-15090,12958,2132,0,1
-675376,518719,158605,1948,-1559525,1199231,361130,836,0
0,0,0,0,0,0,0,0,1
-687076,1069940,-382215,649,-1034377,1612520,-577098,1045,0
60452,-967887,911334,3899,88397,-1456883,1368275,-211,0
1033538,-260010,-772229,1299,1570207,-396323,-1173885,-1,0
-87754,-252860,342562,1948,-409729,-1164878,1573977,-630,0
1073840,-390665,-682526,649,1613777,-589247,-1024741,-211,0
107254,882083,-987387,1950,160875,1327847,-1487466,1256,0
-1075141,689025,387414,1298,-1611474,1034585,577725,836,0
182813,43812,-226626,-1,236582,56698,-293281,-1,1
-884,5281,-4396,1,-2555,15249,-12694,0,1
-521320,451116,69552,-652,-1503386,1304805,199417,836,0
289260,-1049140,763778,3898,431723,-1580472,1148329,-420,0
258059,785879,-1042640,1298,388152,1180797,-1567694,1255,0
-228649,49985,178664,0,-295899,64686,231212,-1,1
-125617,-114716,240333,0,-162563,-148456,311020,1,1
67249,-52548,-14701,0,107599,-84077,-23522,0,1
416665,-1079041,664974,2598,622552,-1619015,996671,208,0
-333463,267160,68252,1949,-1542976,1235050,308972,1046,0
-989988,824880,167706,2598,-1523914,1270451,254718,1255,0
0,0,0,0,0,0,0,0,1
-1066690,641574,429016,3900,-1621738,975095,648108,1465,0
-68756,48674,20082,0,-110011,77878,32132,-1,1
-432267,-100104,533019,648,-1246991,-289282,1536901,628,0
-539521,122204,417965,648,-1557220,353799,1204258,837,0
-120,-3,124,1,-13927,-427,14354,0,1
657174,420565,-1075791,1948,989967,630093,-1619643,417,0
143005,-81254,-59153,2598,1627812,-928174,-699639,-1,0
-211258,559670,-347114,1298,-613337,1618176,-1004213,626,0
-52,-547,599,0,-98,-1037,1136,1,1
-793030,1036788,-241810,1948,-1194204,1562456,-366787,1465,0
30000,30000,30000,90000,60000,60000,60000,180000,1
110,1165,-1276,-1,1281,13461,-14742,0,1
635073,-590873,-42902,1298,1462538,-1361154,-102223,-839,0
620123,-1083591,467367,3899,926916,-1628860,701105,-839,0
1082940,-618824,-463468,648,1627812,-930897,-696707,208,0
-134,29,105,0,-15534,3396,12138,0,1
768328,-1053690,286660,1298,1150214,-1579844,429419,-211,0
588272,496618,-1082941,1949,886278,745722,-1630955,1045,0
-7801,615573,-606473,1299,-19900,1424833,-1404096,837,0
132,-542,410,0,3813,-15661,11848,0,1
741677,316561,-1055640,2598,1117117,473408,-1590108,417,0
-1054990,706576,351663,3249,-1602676,1072709,531013,1046,0
-139756,59802,81253,1299,-1627813,704666,923984,837,0
103,516,-620,-1,196,978,-1175,-1,1
205,-650,444,-1,388,-1231,842,-1,1
414715,-1079041,666924,2598,618991,-1618805,999813,-1,0
-375065,705276,-328263,1948,-869103,1632839,-762691,1045,0
0,0,0,0,0,0,0,0,1
-598673,-25351,627273,3249,-1381892,-61795,1444314,627,0
-1033539,807980,225558,-1,-1551774,1216407,336622,1255,0
1083590,-511570,-572022,-2,1632420,-771698,-860724,-2,0
-2568,-3080,5649,1,-7415,-8896,16311,0,1
505068,-1061490,557720,1298,774420,-1633050,858000,-630,0
-8008,9043,-1034,1,-22882,25838,-2956,0,1
-403016,-142356,546020,648,-1164250,-409729,1574187,208,0
-441367,986086,-545371,-652,-730013,1630744,-900105,626,0
35751,-136506,104003,3248,379773,-1566018,1185824,-421,0
-134556,29251,106603,1298,-1554078,343744,1211171,837,0
30000,30000,30000,90000,60000,60000,60000,180000,1
139105,-41602,-96854,649,1589059,-468800,-1120679,-420,0
1080990,-634424,-445917,649,1625089,-955615,-669894,-420,0
60290,1850,-62141,-1,96465,2961,-99426,0,1
336062,-269111,-65653,1298,1542975,-1235051,-308763,-839,0
344512,-249610,-92954,1948,1580471,-1147073,-434237,-839,0
-522,448,73,-1,-15090,12958,2132,0,1
305511,2600,-306162,1949,1405771,17176,-1422948,-1,0
-362714,-343213,708526,2599,-837263,-795787,1633049,-1,0
0,0,0,0,0,0,0,0,1
-295,-269,565,1,-8534,-7793,16328,1,1
-365314,555120,-189808,-2,-1055743,1607702,-551333,626,0
1085540,-561622,-522620,1298,1632839,-845851,-787199,-211,0
512219,572021,-1083591,649,772535,860513,-1632421,627,0
-7000,-2562,9562,0,-20000,-7320,27320,0,1
-1084241,583071,503118,1948,-1631164,877690,754520,1046,0
-943186,934735,11700,3249,-1421692,1407237,15710,1255,0
-204988,211281,-6293,0,-265279,273423,-8144,0,1
-11,-116,127,0,-1281,-13461,14742,0,1
-607773,-470618,1083590,5199,-917072,-711998,1629278,208,0
505,-626,121,0,957,-1186,229,0,1
-54,140,-86,0,-6250,16194,-9943,1,1
107,-133,25,-1,12420,-15397,2976,-1,1
-107,133,-25,1,-12420,15397,-2976,1,1
-21850,69165,-47314,1,-34961,110664,-75703,0,1
-705277,394564,312011,1298,-1629070,911834,718491,1255,0
-1344,1050,294,0,-15534,12138,3396,0,1
11700,850231,-862583,-652,18852,1405561,-1423577,836,0
-206708,1023788,-816431,649,-311696,1545070,-1232119,1255,0
70852,-889884,819680,648,115838,-1469242,1353193,-211,0
130004,-542771,412115,-652,372232,-1563924,1191061,-631,0
963336,-288611,-676026,-1301,1590945,-476760,-1114395,-210,0
143005,-81254,-59153,2598,1627602,-929640,-698382,-420,0
343862,-248960,-92304,2598,1580471,-1146654,-434447,-630,0
54,86,-140,0,6250,9943,-16194,-1,1
537,69,-607,-1,1018,131,-1149,0,1
-4576,5167,-591,0,-13214,14922,-1707,1,1
768978,-1019239,252209,1948,1180169,-1568323,387733,-421,0
87753,-527170,442016,2599,247387,-1522239,1274431,-421,0
1073840,-394565,-679276,-1,1614405,-593646,-1020761,-2,0
-54603,-889884,947085,2598,-84627,-1370790,1454997,-420,0
-275611,701376,-421866,3899,-640987,1622156,-980333,836,0
708526,-1071241,365313,2598,1059512,-1606656,546933,-211,0
2568,3080,-5649,-1,7415,8896,-16311,0,1
40301,-956836,921084,4549,56976,-1442639,1385452,-211,0
642874,439416,-1079041,3249,965459,658791,-1623204,1046,0
0,0,0,0,0,0,0,0,1
143655,-72153,-68903,2599,1632839,-820505,-812964,-630,0
635073,-590873,-43552,648,1462957,-1360735,-102852,-630,0
-7527,-1804,9331,0,-21507,-5154,26661,0,1
-521320,449816,70852,-652,-1504224,1303129,202560,1465,0
220358,786529,-1008188,-1301,342068,1212637,-1553659,1046,0
-431,-221,653,1,-817,-420,1237,0,1
-670826,139755,531719,648,-1547375,322587,1225415,627,0
520669,553820,-1072541,1948,790968,842708,-1632421,1255,0
919134,-921085,3250,1299,1412264,-1416874,3979,-631,0
-254,-404,658,0,-481,-766,1247,0,1
-349714,131954,219708,1948,-1617339,614173,1003793,627,0
-141056,68902,72152,-2,-1632631,818200,815686,1255,0
325662,-285361,-39002,1299,1497520,-1313813,-184127,-420,0
219058,341262,-561622,-1302,632607,987663,-1620272,-2,0
1058239,-313312,-743628,1299,1589897,-471733,-1118375,-211,0
-700077,436166,264559,648,-1616292,1009867,607470,1045,0
30000,30000,30000,90000,60000,60000,60000,180000,1
1077740,-430317,-645475,1948,1622575,-650832,-971744,-1,0
-431,653,-221,1,-817,1237,-420,0,1
30000,30000,30000,90000,60000,60000,60000,180000,1
115704,-130655,16250,1299,1319887,-1493331,173024,-420,0
-982837,887933,98153,3249,-1480553,1337064,145164,1675,0
86453,-527820,442016,649,246130,-1521820,1275479,-211,0
507669,-681876,176156,1949,1169067,-1572931,403444,-420,0
9625,-6814,-2811,0,27502,-19469,-8033,0,1
1025738,-823581,-200858,1299,1541300,-1239031,-302479,-210,0
-525870,-462818,989337,649,-866170,-766252,1632211,-211,0
135855,-31202,-104004,649,1554496,-343955,-1210334,207,0
-503769,679275,-173557,1949,-1166973,1573558,-405121,1464,0
-536921,421865,115054,-2,-1549679,1221435,329710,1466,0
390,270,-661,-1,739,511,-1251,-1,1
-9625,2811,6814,0,-27502,8033,19469,0,1
130654,-543421,412115,-652,374327,-1564552,1189595,-630,0
-299012,-265860,565521,649,-863447,-768765,1632420,208,0
174,378,-553,-1,5047,10929,-15977,-1,1
-1051090,763778,289910,2598,-1579634,1148538,432142,1046,0
-49999,68301,-18301,1,-79999,109282,-29282,1,1
23400,-132605,111804,2599,250738,-1523286,1272546,-2,0
-627274,29901,599972,2599,-1446200,66612,1379796,208,0
852831,-1009488,159255,2598,1280087,-1519306,239217,-2,0
690975,-481669,-209308,-2,1592830,-1108530,-484930,-630,0
-471268,1080990,-609073,649,-710741,1629488,-917491,1256,0
-32101,-38511,70613,1,-51363,-61618,112982,1,1
0,208206,-208206,0,0,269443,-269443,0,1
-332,562,-230,0,-9600,16244,-6643,1,1
831,-1406,575,0,9600,-16244,6643,-1,1
-918485,917184,1300,-1,-1413522,1415197,-210,1465,0
849581,-1011438,163156,1299,1275898,-1521610,245501,-211,0
-970487,113104,859982,2599,-1491656,171139,1321353,836,0
-118955,123504,-1951,2598,-1389433,1438239,-47551,1255,0
1060839,-508320,-551871,648,1632630,-784057,-848574,-1,0
-890534,-71503,967886,5849,-1355289,-110812,1467146,1045,0
-709177,1035488,-325663,648,-1092820,1598276,-503992,1464,0
-233359,-113105,349063,2599,-1081299,-519283,1600371,-211,0
-4551,-302912,310711,3248,-28698,-1400325,1428813,-210,0
1375,-401,-973,1,15882,-4639,-11243,0,1
-200858,351013,-148856,1299,-933830,1627812,-692936,1046,0
-5639,2435,3204,0,-16283,7032,9251,0,1
119604,-663675,544720,649,275037,-1532084,1256836,-211,0
22,-132,109,-1,2555,-15249,12694,0,1
-213859,-811881,1029638,3898,-323217,-1224997,1548631,417,0
527819,-1084241,560971,4549,789921,-1633469,843546,-2,0
918,-1390,472,0,10608,-16060,5452,0,1
-216,560,-344,0,-6250,16194,-9943,1,1
1396,-506,-889,1,16133,-5853,-10279,1,1
-272361,-59803,333462,1298,-1258093,-272106,1530826,627,0
221,-1320,1099,0,2555,-15249,12694,0,1
0,0,0,0,0,0,0,0,1
537570,-423816,-113105,649,1549678,-1221436,-328873,-631,0
-353614,182006,172256,648,-1632421,844803,788455,837,0
-839182,-157956,1002987,5849,-1277155,-242360,1520143,628,0
437,946,-1383,0,5047,10929,-15977,-1,1
605172,-1074491,471917,2598,914348,-1629907,715349,-210,0
300961,-1043940,747528,4549,451623,-1585918,1133666,-629,0
-838532,-174857,1018588,5199,-1262492,-265193,1528522,837,0
0,0,0,0,0,0,0,0,1
-139106,50051,90353,1298,-1613988,592179,1022226,417,0
-20151,130654,-109205,1298,-251577,1523913,-1271709,627,0
-1044590,357513,689025,1948,-1606028,549027,1057837,836,0
-1069291,703326,366613,648,-1606447,1057418,550075,1046,0
-1344,1050,294,0,-15534,12138,3396,0,1
-566,-17,584,1,-1073,-32,1106,1,1
137805,841131,-977637,1299,212614,1296845,-1508413,1046,0
873632,-960086,88403,1949,1342091,-1477621,135109,-421,0
-378965,-666275,1048489,3249,-585267,-1028302,1613149,-420,0
174,378,-553,-1,5047,10929,-15977,-1,1
-101404,-555121,657824,1299,-234400,-1282602,1517210,208,0
-44,510,-466,0,-1281,14742,-13461,0,1
-5226,738,4487,-1,-15090,2132,12958,0,1
-370514,-185257,556420,649,-1068311,-535622,1604351,418,0
-347,-317,664,0,-657,-600,1258,1,1
3325,2300,-5625,0,9600,6643,-16244,-1,1
148205,-1004938,859982,3249,219108,-1511555,1292237,-210,0
-566822,286660,280810,648,-1632840,827417,806469,1046,0
457617,529119,-988688,-1952,756405,876014,-1631583,836,0
-534321,-525870,1062139,1948,-820924,-812336,1633258,-2,0
30000,30000,30000,90000,60000,60000,60000,180000,1
-328913,52001,278210,1298,-1520144,244664,1276317,837,0
-429667,1053039,-622074,1298,-663191,1624879,-960642,1046,0
30000,30000,30000,90000,60000,60000,60000,180000,1
971136,-61103,-908085,1948,1459396,-94263,-1364715,418,0
-700077,438116,263909,1948,-1615663,1012800,603909,1046,0
-458268,-530420,989337,649,-755987,-876015,1632001,-1,0
-566822,286660,280810,648,-1632840,826369,807517,1046,0
-367,556,-188,1,-10608,16060,-5452,0,1
544720,-664975,121554,1299,1254322,-1533550,278808,-420,0
-525220,78652,446566,-2,-1513441,225811,1288257,627,0
37051,-955536,923034,4549,52158,-1439916,1388175,417,0
-495969,-588923,1088140,3248,-744885,-886489,1631373,-1,0
-258710,-305512,565521,1299,-748027,-883347,1631582,208,0
-351664,204757,148855,1948,-1625299,948701,677853,1255,0
127404,-9101,-117005,1298,1456254,-88189,-1368067,-2,0
-333463,1061489,-726728,1298,-501897,1597648,-1094914,837,0
550570,-165757,-387415,-2602,1590526,-474456,-1116280,-210,0
-358814,-706577,1069940,4549,-541068,-1064331,1605398,-1,0
1004937,-142356,-861283,1298,1509879,-215338,-1294332,209,0
1043289,-779380,-262610,1299,1569997,-1174723,-395904,-630,0
880782,110504,-990638,648,1325543,163807,-1488932,418,0
-53953,-86454,141055,648,-631561,-988712,1620061,-212,0
9145,-7853,-1292,0,26131,-22439,-3691,1,1
-971137,113754,859982,2599,-1492284,172396,1320515,627,0
481668,-499869,18200,-1,1386918,-1440754,53415,-421,0
143005,-72153,-68903,1949,1632839,-817991,-815268,-420,0
237456,-86157,-151298,1,307296,-111497,-195798,1,1
30000,30000,30000,90000,60000,60000,60000,180000,1
-113105,-233359,349063,2599,-529547,-1073757,1602884,-420,0
-505,-121,626,0,-957,-229,1186,0,1
-252860,562921,-312012,-1951,-730851,1630954,-899267,836,0
-1014038,167706,848281,1949,-1522448,250529,1272756,837,0
-304212,-3251,310061,2598,-1405143,-18015,1423157,-1,0
-1084891,472567,615573,3249,-1628232,708436,920632,836,0
1026388,-822281,-202808,1299,1542556,-1236518,-306040,-2,0
609072,-618174,10400,1298,1403257,-1425462,21575,-630,0
4000,1464,-5464,0,11550,4227,-15777,0,1
-59803,-271711,334112,2598,-281741,-1252857,1534177,-421,0
142355,-81254,-59153,1948,1627602,-930059,-697754,-211,0
-824881,1024438,-199558,-1,-1238194,1541718,-302270,1254,0
1054989,-706577,-349064,-652,1603303,-1072082,-531433,-212,0
-758579,-170957,931484,1948,-1249924,-284674,1535434,836,0
685125,-193058,-492069,-2,1582775,-444292,-1139113,-630,0
879482,-996488,120254,3248,1316745,-1495845,179099,-1,0
-1084241,492068,595422,3249,-1630326,739229,892144,1047,0
34451,101403,-133906,1948,386896,1181635,-1567275,1256,0
-20151,315261,-292511,2599,-100966,1462747,-1361154,627,0
403665,141705,-545371,-1,1163411,411194,-1574188,417,0
609072,-618174,11050,1948,1403257,-1425253,21366,-630,0
-598023,1080990,-482969,-2,-900733,1630744,-728756,1255,0
-5201,-302262,310711,3248,-31002,-1399278,1429860,-420,0
537,-607,69,-1,1018,-1149,131,0,1
694876,-959436,265859,1299,1143092,-1582357,438845,-420,0
-701377,1068640,-365314,1949,-1055324,1607702,-551333,1045,0
-414066,1075790,-661725,-1,-623182,1619642,-995624,836,0
4550,939285,-942536,1299,6074,1411845,-1417293,626,0
431,221,-653,-1,817,420,-1237,0,1
-431,653,-221,1,-817,1237,-420,0,1
30000,30000,30000,90000,60000,60000,60000,180000,1
130004,-350364,222308,1948,596159,-1615454,1018875,-420,0
-103,620,-516,1,-196,1175,-978,1,1
429666,-536271,107904,1299,1234213,-1544024,309600,-211,0
-705927,394564,312661,1298,-1629070,910787,719329,1046,0
-23401,929534,-904834,1299,-36030,1433002,-1395508,1464,0
-1053690,705276,353613,5199,-1603095,1070405,533945,1255,0
-118305,-863233,987386,5848,-183499,-1314023,1497939,417,0
978286,-365314,-614924,-1952,1615453,-602444,-1013429,-420,0
-53953,-87104,141705,648,-628628,-991435,1619852,-211,0
-211908,559020,-346463,649,-615222,1618385,-1002537,626,0
999,366,-1366,-1,11549,4227,-15777,-1,1
-87104,-253510,341912,1298,-407634,-1166344,1573558,-420,0
-127405,347763,-219059,1299,-597417,1615662,-1017409,836,0
-724128,-321113,1052389,7148,-1104131,-489957,1594715,627,0
-642875,1050439,-406266,1298,-990806,1620480,-628209,1465,0
27059,-70105,43045,-1,43295,-112169,68873,-1,1
-256,-308,564,0,-7415,-8896,16311,0,1
-585022,-496619,1086840,5199,-882299,-748865,1631373,209,0
-656525,-418616,1079690,4549,-988083,-632189,1620271,-1,0
646,-457,-188,1,1223,-866,-357,0,1
-74292,235162,-160869,1,-96143,304328,-208184,1,1
-25351,-926935,954885,2599,-39172,-1394879,1433840,-211,0
-1056940,434866,624023,1949,-1624252,667798,957290,836,0
-563,243,320,0,-16283,7032,9251,0,1
-1073191,572021,505718,4548,-1631583,868683,764575,1675,0
-702677,1068640,-364664,1299,-1055952,1607283,-550495,836,0
1075,-1333,257,-1,12420,-15397,2976,-1,1
1084890,-488169,-596073,648,1630535,-735250,-895496,-211,0
684475,-192408,-493369,-1302,1582356,-442616,-1140160,-420,0
0,0,0,0,0,0,0,0,1
-1012738,168356,848931,4549,-1522448,250529,1272756,837,0
85803,809280,-897034,-1951,142022,1338739,-1479925,836,0
-979587,362713,618823,1949,-1614825,597206,1018246,627,0
-204758,-807981,1018588,5849,-313372,-1231700,1545489,417,0
215158,813180,-1027689,649,325520,1223948,-1548632,836,0
-1062790,332162,732577,1949,-1595554,498335,1098265,1046,0
-1748,5533,-3785,0,-5047,15977,-10929,1,1
30000,30000,30000,90000,60000,60000,60000,180000,1
-912635,790429,122204,-2,-1502758,1305643,198370,1255,0
128054,-9101,-117005,1948,1456882,-89445,-1367438,-1,0
-456318,516119,-60453,-652,-1316955,1495425,-177633,837,0
-650675,85153,568121,2599,-1501291,195438,1306690,837,0
-64,141,-77,0,-7415,16311,-8896,0,1
-106604,-881434,990637,2599,-161923,-1327010,1488722,-211,0
-5639,2435,3204,0,-16283,7032,9251,0,1
156137,80252,-236390,-1,202060,103856,-305917,-1,1
532369,528469,-1059540,1298,819666,814010,-1633050,626,0
-1044590,275610,774829,5849,-1574188,412032,1163201,1045,0
609072,-617524,10400,1948,1403676,-1425253,20737,-840,0
565,-282,-282,1,16334,-8167,-8167,0,1
423815,-703327,282110,2598,974257,-1622995,648108,-630,0
122204,861282,-984137,-651,185802,1313184,-1497521,1465,0
-458268,-619474,1082290,4548,-692098,-935296,1627812,418,0
-83204,-57203,142355,1948,-965041,-658164,1623622,417,0
650024,-84504,-565522,-2,1501290,-193972,-1306901,417,0
-595423,1080990,-485569,-2,-897172,1630744,-732317,1255,0
-925635,955535,-29252,648,-1389852,1437611,-46503,1256,0
-169657,550570,-381565,-652,-491842,1595134,-1102874,418,0
343212,-248960,-92954,1298,1580890,-1145607,-436123,-840,0
-521320,450466,70852,-2,-1504852,1302291,204026,1465,0
-254,-404,658,0,-481,-766,1247,0,1
55252,85153,-138456,1949,629674,990386,-1619853,207,0
-9625,6814,2811,0,-27502,19469,8033,0,1
-566,-17,584,1,-1073,-32,1106,1,1
111154,880132,-989338,1948,167159,1324076,-1490399,836,0
27951,-931485,906133,2599,40428,-1434679,1394250,-1,0
1037438,-712427,-323713,1298,1595972,-1097637,-499383,-1048,0
-272361,-59153,334112,2598,-1258093,-272524,1530826,209,0
-962687,687075,274310,-1302,-1584871,1134085,451832,1046,0
-966587,913284,53952,649,-1451227,1374350,78133,1256,0
-455668,-533020,988687,-1,-751798,-879786,1631582,-2,0
182813,-226626,43812,-1,236582,-293281,56698,-1,1
330,-1355,1025,0,3813,-15661,11848,0,1
-226859,1031588,-802781,1948,-343536,1555125,-1210962,627,0
-2601,-489469,492718,648,-9008,-1410380,1419177,-211,0
1075140,-497919,-575272,1949,1631582,-757035,-874758,-211,0
-536921,421215,115704,-2,-1550727,1219340,332433,1046,0
18862,198133,-216996,-1,24410,256407,-280818,-1,1
-577222,641574,-61103,3249,-1334132,1483276,-148098,1046,0
-1035489,231408,807330,3249,-1554707,346048,1209704,1045,0
109204,24700,-131305,2599,1243429,295565,-1538368,626,0
-800180,-230109,1036138,5849,-1206354,-349610,1557010,1046,0
-1037439,710476,330212,3249,-1596601,1094285,503781,1465,0
-971787,93603,884033,5849,-1478878,140556,1339577,1255,0
5226,-738,-4487,1,15090,-2132,-12958,0,1
-331513,1061489,-728028,1948,-500012,1597229,-1096381,836,0
30000,30000,30000,90000,60000,60000,60000,180000,1
1066689,-419916,-646125,648,1620899,-638054,-982846,-1,0
0,0,0,0,0,0,0,0,1
866482,-1004288,139755,1949,1298521,-1507575,209053,-1,0
-174,553,-378,1,-5047,15977,-10929,1,1
-639624,-438767,1082940,4549,-961690,-662353,1624041,-2,0
261309,302911,-565522,-1302,753682,878528,-1631583,627,0
1085540,-565522,-519370,648,1632630,-851926,-780915,-211,0
563,-243,-320,0,16283,-7032,-9251,0,1
912634,-790430,-121555,649,1503176,-1304596,-199209,-629,0
1548,7693,-9241,0,4424,21981,-26405,0,1
319161,-25351,-291861,1949,1466937,-111859,-1354870,208,0
-70203,889233,-819031,-1,-116258,1469660,-1352566,836,0
30000,30000,30000,90000,60000,60000,60000,180000,1
346462,-107905,-236609,1948,1594296,-490795,-1103922,-421,0
-895084,960085,-62403,2598,-1362201,1461490,-97824,1465,0
30000,30000,30000,90000,60000,60000,60000,180000,1
27951,-931485,906783,3249,40637,-1434888,1394040,-211,0
7150,301611,-306812,1949,26393,1401791,-1427347,837,0
0,0,0,0,0,0,0,0,1
1084240,-486869,-596723,648,1630535,-734202,-896334,-1,0
539520,-123505,-417966,-1951,1556801,-352124,-1205306,-629,0
0,0,0,0,0,0,0,0,1
523269,-76703,-447867,-1301,1511345,-219947,-1291190,208,0
-573322,1057589,-482969,1298,-884185,1632211,-746352,1674,0
-155,637,-482,0,-293,1206,-912,1,1
37609,186838,-224447,0,48670,241791,-290462,-1,1
995837,-876233,-118955,649,1495634,-1316955,-179100,-421,0
460867,53952,-514820,-1,1329732,156266,-1485790,208,0
-911335,790429,120904,-2,-1502548,1306062,197742,1256,0
-479718,498568,-17551,1299,-1385662,1442009,-55301,1046,0
0,0,0,0,0,0,0,0,1
-1066040,639623,431616,5199,-1622576,971743,651669,836,0
885983,-61103,-824881,-1,1462538,-102433,-1360107,-2,0
-941886,936685,8450,3249,-1419178,1409751,10683,1256,0
-31852,134555,-101404,1299,-377261,1565389,-1187082,1046,0
2955,-5654,2699,0,8534,-16328,7793,-1,1
1036138,-768979,-265210,1949,1572720,-1168230,-404702,-212,0
580471,-643525,65002,1948,1334341,-1483067,148516,-210,0
0,-122,122,0,0,-14145,14145,0,1
-313312,1054989,-741028,649,-471733,1590735,-1118166,836,0
0,0,0,0,0,0,0,0,1
-299012,-267161,566171,-2,-862190,-770232,1632420,-2,0
-955536,875582,81903,1949,-1471337,1349632,122960,1255,0
-470,-172,642,0,-890,-325,1215,0,1
-364664,-689676,1060189,5849,-556150,-1052182,1608540,208,0
-2601,-939936,944485,1948,-3980,-1412894,1416873,-1,0
-234009,-112455,349063,2599,-1082765,-517608,1600161,-212,0
32101,-70613,38511,-1,51363,-112982,61618,-1,1
195007,-999738,807330,2599,298079,-1540253,1241754,-420,0
905483,66952,-969187,3248,1362829,98452,-1460654,627,0
74292,-235162,160869,-1,96143,-304328,208184,-1,1
-541,-860,1402,1,-6250,-9943,16194,1,1
-31852,-103354,137155,1949,-381241,-1184987,1565808,-420,0
755328,-1056290,302261,1299,1131361,-1586547,454555,-631,0
841781,138455,-978287,1949,1296635,211776,-1507785,626,0
696826,-959436,263259,649,1145606,-1581310,435284,-420,0
5379,-1176,-4203,0,15534,-3396,-12138,0,1
-134,105,29,0,-15534,12138,3396,0,1
27059,43045,-70105,-1,43295,68873,-112169,-1,1
-597373,1069290,-470618,1299,-910578,1630116,-718282,1256,0
284060,-327613,44851,1298,1303339,-1504643,201093,-211,0
1006887,-177457,-827482,1948,1530197,-270430,-1259350,417,0
-48752,-911985,964636,3899,-74782,-1375817,1450807,208,0
30000,30000,30000,90000,60000,60000,60000,180000,1
-114,-14,129,1,-13214,-1707,14922,1,1
-865183,1000387,-133906,1298,-1300826,1506108,-204027,1255,0
-1057590,750128,308111,649,-1586756,1127800,459583,627,0
-174,-378,553,1,-5047,-10929,15977,1,1
0,0,0,0,0,0,0,0,1
214508,-1018589,807980,3899,321750,-1547794,1226462,418,0
-2310,-7180,9491,1,-6602,-20516,27119,1,1
248309,-344513,98803,2599,1135760,-1584871,448481,-630,0
-1320,-4103,5423,0,-3813,-11848,15661,0,1
-67603,887283,-820331,-651,-111859,1467775,-1355079,837,0
-350364,131304,220358,1298,-1616711,610612,1006725,626,0
466717,-694877,230758,2598,1073547,-1603095,529337,-211,0
-52652,138455,-85154,649,-622972,1619642,-995834,836,0
451116,243759,-695527,-652,1045478,563900,-1609170,208,0
130004,-542771,412115,-652,371604,-1563714,1191480,-630,0
-352964,157955,195657,648,-1629907,732107,898637,837,0
-304862,-3901,309411,648,-1406400,-15501,1422110,209,0
625323,-27952,-598023,-652,1444314,-61795,-1382311,208,0
273660,56552,-330213,-1,1260187,269591,-1529570,208,0
331512,-564222,233358,648,951424,-1625927,674083,-420,0
-1026389,823580,204107,1298,-1540882,1238611,303525,1254,0
1069290,-637674,-429667,1949,1623203,-969859,-653555,-211,0
783929,244409,-1027039,1299,1193575,369300,-1562038,837,0
-918,1390,-472,0,-10608,16060,-5452,0,1
137805,839831,-978287,-651,213871,1296007,-1508623,1255,0
-177457,352313,-172257,2599,-825742,1633886,-807099,1045,0
785229,258059,-1040689,2599,1182682,384591,-1566647,626,0
-657175,-417316,1079690,5199,-989549,-630513,1620271,209,0
-1014038,839181,177456,2599,-1527475,1263958,265192,1675,0
-75403,336062,-258710,1949,-356523,1559314,-1201955,836,0
700726,-437467,-261960,1299,1616500,-1009868,-607052,-420,0
-63703,-77353,143655,2599,-744257,-886908,1631163,-2,0
437,-1383,946,0,5047,-15977,10929,-1,1
1060189,-507019,-552521,649,1632420,-782590,-850250,-420,0
354913,-159256,-195008,649,1629906,-727290,-903037,-421,0
-91,-47,139,1,-10608,-5452,16060,0,1
88,439,-528,-1,2555,12694,-15249,0,1
-20151,130654,-108555,1948,-252625,1524542,-1270871,1046,0
-1085541,565521,522619,2599,-1632212,850249,783427,1464,0
-72153,139755,-66303,1299,-848784,1633677,-783847,1046,0
-659125,-403016,1067339,5198,-1002956,-615012,1618176,208,0
-706577,1036788,-328913,1298,-1089468,1599323,-508600,1255,0
-463468,692925,-226859,2598,-1073757,1603094,-528500,837,0
-501819,474517,26650,-652,-1450808,1375397,76876,1465,0
30000,30000,30000,90000,60000,60000,60000,180000,1
70492,-30441,-40050,1,112788,-48706,-64081,1,1
-9414,7356,2058,0,-26899,21019,5880,0,1
142355,-63053,-77353,1949,1628650,-709903,-918957,-210,0
134,-105,-29,0,15534,-12138,-3396,0,1
47451,463467,-510920,-2,135319,1342510,-1477202,627,0
976336,-631824,-344513,-1,1609797,-1042756,-567881,-840,0
-431,653,-221,1,-817,1237,-420,0,1
-646,457,188,-1,-1223,866,357,0,1
65652,-143006,78002,648,736715,-1631374,893610,-1049,0
669525,-1075791,408865,2599,1003164,-1618386,614592,-630,0
34451,-136506,104653,2598,377888,-1565390,1187081,-421,0
-1073841,496618,579821,2598,-1631164,753473,879156,1465,0
998437,-193058,-805381,-2,1540043,-299127,-1240707,209,0
295111,-566172,272360,1299,847317,-1633469,785732,-420,0
-564222,323712,239208,-1302,-1626556,936971,690631,1046,0
-5172,9896,-4723,1,-14778,28274,-13496,0,1
650,940585,-941236,-1,1885,1414150,-1414988,1047,0
-201508,351013,-148206,1299,-936762,1627602,-689794,1046,0
1300,120904,-120905,1299,628,1414778,-1414570,836,0
-117005,661074,-543421,648,-273991,1532083,-1257046,1046,0
101403,35101,-134556,1948,1158593,417269,-1575864,-2,0
30000,30000,30000,90000,60000,60000,60000,180000,1
648724,321762,-971137,-651,1072919,530175,-1602467,627,0
592,-557,-34,1,1121,-1055,-65,1,1
4823,-4971,148,0,13927,-14354,427,0,1
-41562,-28760,70323,1,-66500,-46016,112517,1,1
345812,-107905,-237909,-2,1593877,-489329,-1104969,-421,0
-271061,1021838,-750129,648,-418527,1577119,-1157756,836,0
-364664,-689676,1060839,6499,-557407,-1051134,1608540,-1,0
143005,-61753,-77353,3899,1628650,-710113,-918538,-1,0
605172,478417,-1080991,2598,911625,718281,-1629279,627,0
-537,117,420,0,-15534,3396,12138,0,1
550,-160,-389,1,15882,-4639,-11243,0,1
-248960,1039388,-790430,-2,-374747,1564760,-1189177,836,0
603222,454367,-1056940,649,929430,698591,-1627394,627,0
-911985,965286,-51352,1949,-1371628,1453949,-80857,1464,0
22,-132,109,-1,2555,-15249,12694,0,1
-1043940,356213,689675,1948,-1605818,546933,1059722,837,0
-92003,238359,-146356,0,-119063,308465,-189402,0,1
0,0,0,0,0,0,0,0,1
-43,138,-94,1,-5047,15977,-10929,1,1
1083590,-472568,-610373,649,1628859,-711370,-917700,-211,0
437,-1383,946,0,5047,-15977,10929,-1,1
101403,-137806,38351,1948,1153566,-1578587,424810,-211,0
-1014689,839181,178756,3248,-1527894,1263748,265611,1465,0
-330,1355,-1025,0,-3813,15661,-11848,0,1
-67249,52548,14701,0,-107599,84077,23522,0,1
-194500,-25130,219631,1,-251707,-32521,284228,0,1
-916535,919134,-1301,1298,-1411218,1417920,-5028,1674,0
-607123,-470618,1083590,5849,-916653,-711998,1629278,627,0
-7151,-852832,861282,1299,-12778,-1408495,1421062,-211,0
56552,83853,-138456,1949,631560,988711,-1619853,418,0
539520,-122205,-418616,-1301,1556382,-350448,-1206354,-420,0
433566,-1055640,624673,2599,663818,-1624671,960641,-212,0
841131,-875583,35751,1299,1383986,-1443686,59071,-629,0
102703,553820,-655875,648,235237,1282601,-1517002,836,0
977636,-81254,-895734,648,1472383,-123799,-1347957,627,0
-72803,-68253,143655,2599,-859257,-772955,1632420,208,0
-47452,-464768,512219,-1,-136367,-1341673,1477829,-211,0
-18862,-198133,216996,1,-24410,-256407,280818,1,1
-566172,286660,280160,648,-1632840,828673,805213,1046,0
-429017,1053039,-622724,1298,-662144,1624879,-961690,1045,0
698126,-245710,-451117,1299,1609588,-566624,-1043384,-420,0
-371814,-184607,555770,-651,-1069987,-533737,1603722,-2,0
5639,-3204,-2435,0,16283,-9251,-7032,0,1
-541,1402,-860,1,-6250,16194,-9943,1,1
529119,529769,-1059540,-652,817990,815686,-1632840,836,0
738,-1413,674,-1,8534,-16328,7793,-1,1
-4494,-5391,9885,0,-12840,-15404,28245,1,1
754028,-1056290,304211,1949,1129057,-1586966,457697,-212,0
-89054,-809931,898333,-652,-146003,-1336227,1482019,-211,0
0,0,0,0,0,0,0,0,1
18862,-216996,198133,-1,24410,-280818,256407,-1,1
-760529,-169007,930834,1298,-1253276,-280484,1533968,208,0
0,0,0,0,0,0,0,0,1
11061,54952,-66014,-1,17698,87924,-105622,0,1
969836,-914585,-53302,1949,1452902,-1372884,-80647,-629,0
27059,43045,-70105,-1,43295,68873,-112169,-1,1
1144,147,-1291,0,13214,1707,-14922,-1,1
757928,172256,-929535,649,1251599,283207,-1534178,628,0
841131,174856,-1014689,1298,1265843,261421,-1526428,836,0
91,-139,47,-1,10608,-16060,5452,0,1
-92003,238359,-146356,0,-119063,308465,-189402,0,1
985436,-566822,-420566,-1952,1627183,-934877,-692517,-211,0
-287961,1048489,-759879,649,-433818,1580890,-1146445,627,0
-33,-102,135,0,-3813,-11848,15661,0,1
88,439,-528,-1,2555,12694,-15249,0,1
0,0,0,0,0,0,0,0,1
122204,2600,-122205,2599,1395088,37914,-1432794,208,0
3250,939285,-942536,-1,5236,1412474,-1416664,1046,0
-5547,63822,-58274,1,-8876,102115,-93239,0,1
566,17,-584,-1,1073,32,-1106,-1,1
650024,-83854,-565522,648,1500452,-191877,-1308367,208,0
-166407,1012087,-845682,-2,-250320,1523494,-1272338,836,0
356863,-1043290,690325,3898,544838,-1606237,1061188,-211,0
-1320,5423,-4103,0,-3813,15661,-11848,0,1
525869,461517,-989338,-1952,868473,764156,-1631793,836,0
-551221,165756,387414,1949,-1590946,476969,1114604,627,0
1033538,-261960,-770929,649,1570835,-398836,-1172000,-1,0
425115,-703977,280810,1948,976561,-1622785,645594,-630,0
-1034189,809280,224908,-1,-1551355,1217664,334946,1255,0
30000,30000,30000,90000,60000,60000,60000,180000,1
0,0,0,0,0,0,0,0,1
-454368,516769,-62403,-2,-1313185,1497939,-183708,1046,0
-865183,1000387,-133906,1298,-1300197,1506527,-205074,1256,0
-455668,516769,-61753,-652,-1315489,1496682,-180147,1046,0
-1059540,316561,746227,3248,-1589689,472570,1118165,1046,0
-107255,-26001,135205,1949,-1244268,-293681,1538157,208,0
876232,-958786,85803,3249,1344605,-1475526,130501,-420,0
640273,-1082941,445916,3248,957499,-1625299,667379,-421,0
891183,76052,-964637,2598,1354240,114372,-1467566,1046,0
-73,-67,141,1,-8534,-7793,16328,1,1
-140406,59802,81253,649,-1628441,710112,918956,627,0
-934736,31851,904833,1948,-1436983,46921,1390479,417,0
50701,-328913,281460,3248,225811,-1514279,1288047,-421,0
-361414,-344513,708526,2599,-835378,-797672,1633049,-1,0
125617,114716,-240333,0,162563,148456,-311020,-1,1
74292,-235162,160869,-1,96143,-304328,208184,-1,1
74292,-235162,160869,-1,96143,-304328,208184,-1,1
-256,-308,564,0,-7415,-8896,16311,0,1
30000,30000,30000,90000,60000,60000,60000,180000,1
30000,30000,30000,90000,60000,60000,60000,180000,1
-353614,182006,172256,648,-1632421,842918,790340,837,0
-1085541,471267,616223,1949,-1628022,706551,922308,837,0
390,-661,270,-1,739,-1251,511,-1,1
-902884,-65653,973736,5199,-1360107,-102223,1462747,417,0
624673,-28602,-598023,-1952,1444942,-63471,-1381263,208,0
-25351,930184,-904184,649,-38753,1434259,-1394041,1465,0
90353,892483,-981537,1299,135319,1342510,-1477202,627,0
735827,-1049140,316561,3248,1113137,-1592202,479064,-1,0
93603,-141056,49401,1948,1056999,-1607075,549446,-630,0
5656,-2828,-2828,0,16334,-8167,-8167,0,1
1205,37,-1242,0,13927,427,-14354,0,1
508319,-681226,174856,1949,1170742,-1572302,401140,-420,0
181356,-354914,174856,1298,830768,-1633678,802699,-211,0
0,0,0,0,0,0,0,0,1
-51352,137805,-85154,1299,-617945,1618804,-1000023,836,0
-341913,-721528,1066689,3248,-512999,-1086535,1599323,-211,0
-381565,-685776,1072540,5199,-576679,-1035215,1611892,-2,0
-456318,-621424,1081640,3898,-688537,-938438,1627393,418,0
139105,839831,-978937,-1,215756,1294750,-1509461,1045,0
30000,30000,30000,90000,60000,60000,60000,180000,1
-36402,955535,-919785,-652,-52788,1440543,-1386919,836,0
-60453,-271711,334762,2598,-284045,-1250971,1535015,-1,0
-120255,992587,-871033,1299,-181194,1496891,-1314442,1255,0
-370514,-185257,556420,649,-1067054,-537298,1604351,-1,0
-9625,2811,6814,0,-27502,8033,19469,0,1
399,146,-546,-1,11549,4227,-15777,-1,1
70492,-40050,-30441,1,112788,-64081,-48706,1,1
21850,47314,-69165,-1,34961,75703,-110664,0,1
24700,-930835,907433,1298,36867,-1433003,1396135,-1,0
92953,435516,-528470,-1,267915,1261863,-1528942,836,0
918,472,-1390,0,10608,5452,-16060,0,1
-468018,1080340,-612323,-1,-705295,1629069,-922937,837,0
-372464,-183957,556420,-1,-1070615,-532899,1603722,208,0
960735,-689676,-271711,-652,1583404,-1137437,-446806,-839,0
-68903,888583,-819031,649,-115001,1469031,-1353194,836,0
65652,-642875,579171,1948,147887,-1483067,1334759,-421,0
-847632,1009487,-159256,2599,-1276737,1520771,-242989,1045,0
-689676,481018,210607,1949,-1591365,1112509,480320,1464,0
-189158,-164457,355563,1948,-874758,-756825,1631792,209,0
502468,-478418,-24701,-651,1448503,-1377912,-71012,-421,0
768978,-1019239,251559,1298,1180378,-1568113,387524,-211,0
136505,-106604,-27952,1949,1551773,-1217456,-334947,-630,0
1044589,-270411,-773529,649,1573768,-408682,-1165297,-211,0
57206,7391,-64597,0,91529,11826,-103355,0,1
30000,30000,30000,90000,60000,60000,60000,180000,1
-363364,-343213,708526,1949,-837682,-794949,1633049,418,0
-156137,236390,-80252,1,-202060,305917,-103856,1,1
854782,152755,-1004938,2599,1287209,227277,-1514069,417,0
669525,-137806,-531070,649,1545489,-316933,-1228977,-421,0
-976987,874932,106603,4548,-1485790,1330151,157104,1465,0
866482,-1003638,139105,1949,1298730,-1507575,208425,-420,0
-33,135,-102,0,-3813,15661,-11848,0,1
1060839,-579822,-477118,3899,1630535,-894658,-736088,-211,0
27951,-931485,906133,2599,40218,-1434469,1394040,-211,0
-74292,235162,-160869,1,-96143,304328,-208184,1,1
-56124,230515,-174391,0,-72631,298314,-225683,0,1
-971787,63052,911334,2599,-1458140,93215,1365761,836,0
-182813,-43812,226626,1,-236582,-56698,293281,1,1
-651325,85803,567471,1949,-1501710,196485,1306271,1046,0
-1054340,705276,354263,5199,-1603514,1069777,534783,1046,0
-432267,-98804,532369,1298,-1248877,-286350,1536063,836,0
132,-542,410,0,3813,-15661,11848,0,1
-431,-221,653,1,-817,-420,1237,0,1
938635,-742328,-196308,-1,1548212,-1224578,-323845,-211,0
-785230,-238559,1030288,6499,-1195042,-366368,1561828,418,0
-130005,17550,114404,1949,-1509042,214918,1294960,836,0
828131,195007,-1022489,649,1246990,290119,-1536902,207,0
-443,-4661,5105,1,-1281,-13461,14742,0,1
-2310,-7180,9491,1,-6602,-20516,27119,1,1
839831,162506,-999738,2599,1276736,244454,-1520144,1046,0
-310062,1054989,-744278,649,-467334,1589897,-1121727,836,0
-482,-14,497,1,-13927,-427,14354,0,1
970486,-913285,-55253,1948,1454368,-1371209,-83790,-631,0
-341263,245709,96853,1299,-1581310,1143511,438845,1046,0
-733228,1044589,-310062,1299,-1115443,1591364,-474666,1255,0
-37609,-186838,224447,0,-48670,-241791,290462,1,1
0,0,0,0,0,0,0,0,1
136505,-106604,-27952,1949,1551773,-1217246,-335157,-630,0
-35752,956185,-919135,1298,-54044,1441172,-1386291,837,0
0,0,0,0,0,0,0,0,1
30000,30000,30000,90000,60000,60000,60000,180000,1
-573972,-512220,1088790,2598,-860514,-771907,1632630,209,0
-495319,-189158,686425,1948,-1142883,-438427,1581728,418,0
182813,-226626,43812,-1,236582,-293281,56698,-1,1
63702,-969837,908734,2599,94681,-1460025,1364714,-630,0
-141313,239099,-97786,0,-182875,309422,-126546,1,1
18862,-216996,198133,-1,24410,-280818,256407,-1,1
650,-123505,124154,1299,-5237,-1412056,1417082,-211,0
-841132,-171607,1017288,4549,-1266053,-259956,1526427,418,0
686425,-194358,-491419,648,1583822,-447853,-1136599,-630,0
30000,30000,30000,90000,60000,60000,60000,180000,1
-481019,497268,-16901,-652,-1387757,1439705,-50693,1255,0
40951,-957486,921084,4549,57604,-1442848,1385242,-2,0
-352964,157305,196307,648,-1629698,727917,902408,627,0
-205,-444,650,1,-388,-842,1231,1,1
5656,-2828,-2828,0,16334,-8167,-8167,0,1
698126,-247010,-450467,649,1609797,-568928,-1041499,-630,0
416665,-1079041,664974,2598,622552,-1619434,996671,-211,0
-493369,-590223,1087490,3898,-743000,-888165,1631373,208,0
-928885,-22751,955535,3899,-1394879,-37496,1433002,627,0
-599323,1069290,-468018,1949,-913301,1629697,-715140,1256,0
214212,-12582,-201630,0,277216,-16283,-260933,0,1
221658,785229,-1008188,-1301,343744,1211590,-1554078,1256,0
57206,7391,-64597,0,91529,11826,-103355,0,1
999,-1366,366,-1,11549,-15777,4227,-1,1
9777,-6229,-3547,1,27936,-17799,-10136,1,1
531719,135205,-668226,-1302,1230023,315675,-1545071,627,0
549920,-165107,-388065,-3252,1590107,-472990,-1117537,-420,0
-1034839,809280,224908,-651,-1551355,1217455,335365,1465,0
-986737,109204,883383,5850,-1487466,161293,1327428,1255,0
-1057590,752078,305511,-1,-1585709,1130943,455812,1046,0
-828132,-192408,1025738,5198,-1245735,-291377,1537738,626,0
424465,-703977,281460,1948,975514,-1622785,646851,-420,0
1056289,-706577,-347114,2598,1602675,-1074176,-528919,-420,0
-367264,1066689,-698127,1298,-554894,1608331,-1052601,836,0
-223609,-785230,1011437,2598,-343955,-1210962,1554706,-211,0
-233359,-113105,349063,2599,-1081089,-519702,1600790,-1,0
83,57,-140,0,9600,6643,-16244,-1,1
-504,29,474,-1,-14553,854,13698,-1,1
0,122,-122,0,0,14145,-14145,0,1
481018,-500519,18850,-651,1385452,-1442220,55929,-839,0
-604523,-473218,1083590,5849,-912254,-716816,1629697,627,0
1054989,-431617,-622074,1298,1624251,-666333,-958338,-420,0
30000,30000,30000,90000,60000,60000,60000,180000,1
539520,-121555,-418616,-651,1555753,-347725,-1208029,-1,0
-18862,-198133,216996,1,-24410,-256407,280818,1,1
127404,-120255,-5851,1298,1454787,-1370580,-84837,-630,0
1057589,-752079,-302262,3248,1585917,-1130944,-455185,-212,0
-323713,283410,41601,1298,-1498359,1312136,187059,836,0
-522,448,73,-1,-15090,12958,2132,0,1
213207,136505,-349064,648,981589,640148,-1621110,627,0
-102054,342562,-239209,1299,-475503,1591573,-1115233,837,0
-75403,336062,-258710,1949,-355895,1558895,-1202374,626,0
254159,-565522,311361,-2,730012,-1630745,900523,-210,0
-223609,945135,-722178,-652,-370558,1563504,-1192319,627,0
-139,50,88,-1,-16133,5853,10279,-1,1
-11,127,-116,0,-1281,14742,-13461,0,1
390,270,-661,-1,739,511,-1251,-1,1
0,0,0,0,0,0,0,0,1
256109,787179,-1041990,1298,385639,1182473,-1566856,1256,0
625973,-29252,-596723,-2,1445989,-65565,-1380426,-2,0
-46802,-587623,635723,1298,-109764,-1356755,1466099,-420,0
-732578,1044589,-311362,649,-1115233,1591573,-475085,1255,0
-632,493,138,-1,-1197,935,261,-1,1
0,0,0,0,0,0,0,0,1
647424,-1053690,408865,2599,991015,-1620691,628627,-1049,0
68756,-20082,-48674,0,110011,-32132,-77878,1,1
735827,-1059540,326312,2599,1103921,-1594716,491213,418,0
891183,92303,-981537,1949,1341463,136785,-1477621,627,0
-1010138,822930,191757,4549,-1535435,1249504,287187,1256,0
-1084241,510269,576571,2599,-1631793,766879,866169,1255,0
565521,-247010,-318512,-1,1628650,-709694,-919167,-211,0
566821,-287311,-279511,-1,1633049,-826161,-807308,-420,0
-1205,-37,1242,0,-13927,-427,14354,0,1
302261,729977,-1030289,1949,464819,1124030,-1588013,836,0
899633,-962687,66302,3248,1363248,-1461072,98033,209,0
1748,3785,-5533,0,5047,10929,-15977,-1,1
4494,5391,-9885,0,12840,15404,-28245,-1,1
505718,-33802,-473218,-1302,1459186,-94892,-1364506,-212,0
-165107,-187858,354913,1948,-763738,-868474,1632001,-211,0
-1075791,392614,685775,2598,-1613150,587570,1026416,836,0
-1056940,436816,622073,1949,-1624671,670731,954985,1045,0
130004,867132,-996488,648,196904,1306271,-1502129,1046,0
1375,-401,-973,1,15882,-4639,-11243,0,1
-140,80,60,0,-16283,9251,7032,0,1
32101,38511,-70613,-1,51363,61618,-112982,-1,1
142355,-81254,-59803,1298,1627602,-927336,-700477,-211,0
46801,914584,-960736,649,70173,1378330,-1447876,627,0
-910685,791729,119604,648,-1501291,1307528,194809,1046,0
130654,867132,-997138,648,197951,1305643,-1502758,836,0
0,489,-489,0,0,14145,-14145,0,1
75402,65002,-139106,1298,858628,774001,-1632212,417,0
-52652,138455,-85804,-1,-622972,1619642,-995834,836,0
-769629,1015988,-245060,1299,-1184778,1566646,-380193,1675,0
353613,-208008,-144956,649,1625508,-951216,-674503,-211,0
969186,-915885,-51352,1949,1451645,-1374560,-77505,-420,0
-217109,-809931,1030288,3248,-329501,-1220807,1550516,208,0
367,188,-556,-1,10608,5452,-16060,0,1
-4551,-303562,310711,2598,-25556,-1402001,1427137,-420,0
30000,30000,30000,90000,60000,60000,60000,180000,1
-340613,-722828,1066689,3248,-511114,-1088421,1599114,-421,0
563,-320,-243,0,16283,-9251,-7032,0,1
-8008,9043,-1034,1,-22882,25838,-2956,0,1
-1084891,510269,576571,1949,-1631583,767717,865331,1465,0
920434,-919135,0,1299,1414778,-1414570,-1048,-840,0
-433567,-98804,532369,-2,-1249296,-286140,1535853,417,0
-99454,-37052,138455,1949,-1155452,-421669,1577119,-2,0
796279,-1038739,244409,1949,1194413,-1562876,368043,-420,0
56124,174391,-230515,0,72631,225683,-298314,0,1
1062789,-719577,-342563,649,1599952,-1084860,-515303,-211,0
275610,772228,-1045240,2598,414546,1161526,-1575026,1046,0
410165,293811,-702677,1299,946607,679738,-1625509,836,0
-656,238,418,0,-1243,451,792,0,1
3325,2300,-5625,0,9600,6643,-16244,-1,1
-565,282,282,-1,-16334,8167,8167,0,1
1058239,-749479,-305512,3248,1587384,-1127173,-460631,-420,0
656,-418,-238,0,1243,-792,-451,0,1
9414,-2058,-7356,0,26899,-5880,-21019,0,1
-132605,104653,30551,2599,-1551355,1217874,334737,1256,0
401715,142355,-546021,-1951,1160688,414755,-1575235,208,0
-625974,27301,600622,1949,-1443896,61794,1382519,417,0
30000,30000,30000,90000,60000,60000,60000,180000,1
30000,30000,30000,90000,60000,60000,60000,180000,1
89053,807980,-897034,-1,146211,1336226,-1481810,627,0
37609,-224447,186838,0,48670,-290462,241791,-1,1
-568122,-80604,651324,2598,-1309414,-189783,1499824,627,0
141,-70,-70,1,16334,-8167,-8167,0,1
677325,-519370,-156656,1299,1560362,-1197975,-362598,-211,0
-529120,1071240,-542121,-1,-806889,1634096,-825742,1465,0
-662,376,286,0,-1254,712,541,-1,1
-892484,-89704,984136,1948,-1340626,-136996,1477829,207,0
0,-575,575,0,0,-1090,1090,0,1
999,-1366,366,-1,11549,-15777,4227,-1,1
4301,1030,-5332,-1,12420,2976,-15397,-1,1
2955,-5654,2699,0,8534,-16328,7793,-1,1
-127405,540170,-412116,649,-371396,1563923,-1191272,1255,0
65002,-142356,78652,1298,736087,-1631374,894448,-839,0
-505069,33801,473217,1949,-1460025,97195,1363457,627,0
9145,-7853,-1292,0,26131,-22439,-3691,1,1
-675376,519369,157955,1948,-1559315,1200278,360083,1046,0
-83854,980236,-897034,-652,-124008,1472802,-1347957,837,0
457617,599972,-1056290,1299,705504,923565,-1628022,1047,0
-70710,35355,35355,0,-113137,56568,56568,-1,1
-53768,-12885,66654,1,-86030,-20617,106647,0,1
-1059540,581121,481018,2599,-1630326,893401,738181,1256,0
-539521,122204,417965,648,-1557011,352961,1204886,836,0
-349714,132604,219708,2598,-1617339,614802,1003164,627,0
5547,58274,-63822,-1,8876,93239,-102115,0,1
174206,-680576,508319,1949,400302,-1572093,1170952,-839,0
-1951,-489469,492068,648,-7123,-1411218,1418339,-2,0
32101,38511,-70613,-1,51363,61618,-112982,-1,1
-6429,9733,-3304,0,-18369,27810,-9441,0,1
848281,16900,-865833,-652,1401162,25974,-1426928,208,0
-566172,287310,280160,1298,-1632840,828045,805841,1046,0
27059,43045,-70105,-1,43295,68873,-112169,-1,1
-8008,-1034,9043,1,-22882,-2956,25838,0,1
-221659,943835,-724778,-2602,-366578,1562456,-1195042,836,0
-758579,-170307,931484,2598,-1251181,-283627,1535015,207,0
547970,-1086191,543420,5199,818828,-1633887,814639,-420,0
-469,642,-172,1,-889,1215,-325,1,1
-731928,-297712,1032238,2598,-1127173,-459793,1586965,-1,0
-1951,-939286,945135,3898,-5447,-1411846,1417711,418,0
2310,7180,-9491,-1,6602,20516,-27119,-1,1
704626,-297062,-406266,1298,1626345,-685814,-940742,-211,0
-993888,874932,120904,1948,-1494798,1317373,178680,1255,0
942535,-213859,-730628,-1952,1557219,-352962,-1204468,-211,0
-347,664,-317,0,-657,1258,-600,1,1
550570,-391965,-158606,-1,1586127,-1129687,-456860,-420,0
0,0,0,0,0,0,0,0,1
-39002,956835,-918485,-652,-58234,1443476,-1383987,1255,0
0,-489,489,0,0,-14145,14145,0,1
170000,62224,-232224,0,220000,80525,-300525,0,1
1073840,-685776,-385465,2599,1612311,-1032072,-580659,-420,0
670175,-140406,-529120,649,1547793,-322379,-1225206,208,0
4494,-9885,5391,0,12840,-28245,15404,-1,1
-41562,70323,-28760,1,-66500,112517,-46016,1,1
213858,136505,-349064,1299,981589,639939,-1621110,418,0
0,0,0,0,0,0,0,0,1
-933435,31851,904833,3249,-1436355,46083,1390898,626,0
139105,-40952,-96854,1299,1588012,-464611,-1123821,-420,0
8820,-518,-8302,0,25201,-1480,-23721,0,1
587622,395864,-983487,-1,971115,651879,-1622576,418,0
-286011,1047839,-760529,1299,-432352,1580680,-1147492,836,0
-1058240,312661,748178,2599,-1588432,466914,1122145,627,0
1076440,-653275,-422516,649,1620899,-985360,-635750,-211,0
-134,29,105,0,-15534,3396,12138,0,1
934084,-7151,-924335,2598,1421272,-13407,-1407657,208,0
1066689,-421216,-644175,1298,1621318,-640987,-980333,-2,0
0,0,0,0,0,0,0,0,1
44851,92953,-136506,1298,511113,1088210,-1598906,417,0
-113105,-14301,131304,3898,-1323239,-166322,1490398,837,0
912634,-790430,-120905,1299,1503385,-1304387,-199418,-420,0
1034838,-228809,-805381,648,1554915,-344793,-1210124,-2,0
30000,30000,30000,90000,60000,60000,60000,180000,1
-1396,506,889,-1,-16133,5853,10279,-1,1
-1067340,641574,429016,3250,-1621738,974466,648527,1255,0
55252,-141056,88403,2599,619410,-1619015,998975,-630,0
-348414,225558,123504,648,-1608541,1047991,561386,836,0
-768329,1015988,-245710,1949,-1183312,1567065,-382079,1674,0
904833,66952,-969837,1948,1362200,99290,-1461072,418,0
